12.4409485,0,8
24.08612,0,11
34.553375,0,14
44.117493,0,17
52.736145,0,22
60.470093,0,25
67.47812,0,28
73.80994,0,33
79.42981,0,36
84.6272,0,39
89.54941,0,44
94.02545,0,47
97.941864,0,50
101.1311,0,53
103.93259,0,58
106.374054,0,61
108.38913,0,64
110.21518,0,69
111.874176,0,72
113.46649,0,75
114.58649,0,78
115.79736,0,81
116.8501,0,84
117.56616,0,87
118.29541,0,92
118.96289,0,95
119.62796,0,98
120.26465,0,103
120.76297,0,106
121.17728,0,109
121.31094,0,114
121.53021,0,117
121.84958,0,120
122.26572,0,123
122.6366,0,128
122.91162,0,131
122.9545,0,134
123.10922,0,139
123.21948,0,142
123.27063,0,145
123.51898,0,150
123.591736,0,153
123.87421,0,154
124.39505,0,157
124.736755,0,162
125.026184,0,165
125.25754,0,168
125.79224,0,173
126.271515,0,176
126.37482,0,179
126.69025,0,184
126.81616,0,187
126.91684,0,190
127.50247,0,193
127.49725,0,198
127.435455,0,201
127.47122,0,204
127.51111,0,209
127.63312,0,212
127.68573,0,215
128.03522,0,220
128.17535,0,223
128.20877,0,226
128.02359,0,229
127.867035,0,232
127.921875,0,235
127.86969,0,238
127.85422,0,243
127.904236,0,246
127.6687,0,249
127.49005,0,254
127.49536,0,257
127.53259,0,260
127.53479,0,263
127.73929,0,268
127.84515,0,271
127.73651,0,274
127.50467,0,279
127.65842,0,282
127.392975,0,285
127.696594,0,290
127.772644,0,293
127.70172,0,296
127.770325,0,299
128.03577,0,304
128.1966,0,305
128.34485,0,308
128.37341,0,313
128.57169,0,316
128.76083,0,319
128.88342,0,324
128.96082,0,327
129.3346,0,330
129.36359,0,333
129.51697,0,338
129.39725,0,341
129.40594,0,344
129.17499,0,349
129.474,0,352
129.67242,0,355
129.70761,0,360
129.83984,0,363
129.72244,0,366
129.5448,0,369
129.54495,0,374
129.35938,0,377
129.22372,0,380
129.1604,0,383
128.81421,0,386
128.81793,0,389
128.73737,0,394
128.79257,0,397
128.79327,0,400
128.83331,0,403
128.66364,0,408
128.52927,0,411
128.37323,0,414
128.37369,0,419
128.1835,0,422
128.34915,0,425
128.53839,0,428
128.60236,0,433
128.54102,0,436
128.45413,0,439
128.80707,0,444
129.43042,0,447
129.61029,0,450
129.5968,0,455
129.61798,0,456
129.80627,0,459
130.02307,0,464
130.14087,0,467
130.025,0,470
129.76749,0,473
129.65784,0,478
129.48654,0,481
129.46286,0,484
129.43646,0,489
129.2193,0,492
129.29843,0,495
129.22107,0,500
129.14969,0,503
129.2633,0,506
129.16037,0,509
129.06503,0,514
128.95886,0,517
128.77274,0,520
128.73425,0,525
128.55664,0,528
128.4541,0,531
128.45752,0,534
128.62714,0,537
128.45691,0,540
128.24786,0,543
128.09656,0,548
128.11633,0,551
127.88742,0,554
127.67389,0,559
127.65704,0,562
127.5181,0,565
127.31024,0,570
127.12738,0,573
127.01947,0,576
126.91443,0,579
126.73102,0,584
126.81146,0,587
126.88995,0,590
126.921234,0,595
126.94525,0,598
126.850525,0,601
126.870605,0,606
126.82956,0,607
126.822845,0,610
126.761475,0,613
126.77649,0,618
126.77722,0,621
126.84387,0,624
126.96127,0,629
126.87277,0,632
126.75995,0,635
126.60803,0,640
126.50571,0,643
126.44165,0,646
126.40198,0,649
126.3826,0,654
126.23459,0,657
126.194885,0,660
126.210815,0,665
126.25708,0,668
126.23108,0,671
126.20245,0,676
126.19812,0,679
126.084595,0,682
126.10687,0,683
126.25864,0,688
126.41983,0,691
126.672516,0,694
126.74216,0,699
126.605865,0,702
126.2937,0,705
126.29526,0,710
126.31177,0,713
126.37909,0,716
126.21518,0,719
126.28488,0,724
126.24606,0,727
126.16144,0,730
126.0318,0,735
126.13782,0,738
126.09509,0,741
125.931915,0,746
125.950134,0,749
125.85843,0,752
126.00049,0,755
125.82782,0,758
125.778076,0,761
125.64453,0,764
125.481415,0,769
125.514465,0,772
125.47644,0,775
125.641846,0,780
125.872375,0,783
126.05774,0,786
125.99048,0,789
125.98581,0,794
126.030334,0,797
126.10297,0,800
125.81192,0,805
125.9314,0,808
126.051575,0,811
126.09491,0,816
125.963684,0,819
125.94745,0,822
126.09766,0,825
126.09317,0,830
125.96655,0,831
125.91815,0,834
125.947876,0,839
125.96246,0,842
125.8226,0,845
125.89871,0,850
126.00931,0,853
126.02902,0,856
125.961914,0,859
125.92798,0,864
125.81891,0,867
125.81781,0,870
125.84961,0,875
126.11676,0,878
126.12146,0,881
126.218506,0,886
126.20383,0,889
126.13257,0,892
126.24463,0,895
126.17105,0,900
126.23175,0,903
126.206055,0,906
126.16937,0,909
126.15134,0,912
126.24225,0,915
126.11032,0,920
125.99762,0,923
125.9458,0,926
125.85809,0,929
126.03906,0,934
126.0047,0,937
125.8891,0,940
125.9306,0,945
126.213165,0,948
126.41016,0,951
126.48242,0,956
126.55887,0,959
126.673004,0,962
126.875824,0,965
127.192444,0,970
127.68503,0,973
127.947815,0,976
127.95111,0,981
127.84741,0,982
127.68701,0,985
127.70184,0,990
127.47925,0,993
127.49893,0,996
127.22183,0,999
127.17789,0,1004
127.14075,0,1007
127.37695,0,1010
127.10016,0,1015
127.05603,0,1018
127.10129,0,1021
126.900085,0,1026
126.90402,0,1029
127.02295,0,1032
126.92078,0,1035
126.836426,0,1040
126.647644,0,1043
126.49536,0,1046
126.57202,0,1051
126.50137,0,1054
126.585205,0,1057
126.623474,0,1060
126.62988,0,1063
126.49585,0,1066
126.49817,0,1069
126.42694,0,1074
126.58887,0,1077
126.549225,0,1080
126.480774,0,1085
126.52319,0,1088
126.42239,0,1091
126.413025,0,1096
126.25354,0,1099
126.22699,0,1102
126.29059,0,1105
126.44269,0,1110
126.496796,0,1113
126.642456,0,1116
126.56445,0,1121
126.6922,0,1124
126.71512,0,1127
126.71283,0,1132
126.367645,0,1133
126.05542,0,1136
126.22717,0,1139
126.24585,0,1144
126.211,0,1147
126.28317,0,1150
126.18213,0,1155
126.18512,0,1158
126.02881,0,1161
125.97949,0,1166
126.03607,0,1169
126.22571,0,1172
126.51904,0,1175
126.578,0,1180
126.73398,0,1183
126.641754,0,1186
126.819885,0,1191
126.77225,0,1194
126.65503,0,1197
126.41669,0,1202
126.70175,0,1205
126.7746,0,1208
126.832855,0,1209
126.65259,0,1214
126.753296,0,1217
126.85211,0,1220
126.926025,0,1225
127.39435,0,1228
128.32141,0,1231
128.57071,0,1236
128.76605,0,1239
128.94324,0,1242
129.14267,0,1245
128.50787,0,1250
128.65613,0,1253
128.84735,0,1256
128.77963,0,1261
128.55405,0,1264
128.5445,0,1267
129.11798,0,1272
130.02576,0,1275
131.10632,1,1278
132.1753,1,1281
133.35236,1,1284
134.42752,1,1287
135.38782,1,1290
135.49402,1,1295
135.7034,1,1298
136.29416,1,1301
136.4068,1,1306
136.88608,1,1309
137.53119,1,1312
137.57733,1,1315
138.4086,1,1320
138.90356,1,1323
138.26917,1,1326
138.59076,1,1331
138.05255,1,1334
137.62836,1,1337
137.48956,1,1342
137.4823,1,1345
137.68015,1,1348
138.05377,1,1351
138.92126,1,1356
140.23187,1,1359
141.41907,1,1360
142.34671,1,1365
143.28687,1,1368
144.28491,1,1371
145.14618,1,1376
145.7482,1,1379
146.04254,1,1382
146.68005,1,1385
146.99078,1,1390
147.48483,1,1393
147.35623,1,1396
147.40509,1,1401
147.41238,1,1404
147.27606,1,1407
147.40015,1,1412
147.26834,1,1415
147.1767,1,1418
147.16907,1,1421
147.03564,1,1426
146.80084,1,1429
146.57776,1,1432
146.664,1,1435
146.59622,1,1438
146.43817,1,1441
146.16202,1,1446
146.28888,1,1449
146.25919,1,1452
146.19922,1,1455
146.01959,1,1460
145.70514,1,1463
145.54767,1,1466
145.75287,1,1471
145.55164,1,1474
145.4602,1,1477
145.74033,1,1482
145.82172,1,1485
145.67548,1,1488
145.54633,1,1491
145.47025,1,1496
145.47974,1,1499
145.72076,1,1502
145.65143,1,1507
145.65057,1,1510
145.65152,1,1511
145.55615,1,1516
145.43,1,1519
145.44986,1,1522
145.62378,1,1525
145.73346,1,1530
145.90244,1,1533
145.75793,1,1536
145.85779,1,1541
145.98355,1,1544
145.98889,1,1547
145.81274,1,1550
145.6781,1,1555
145.5597,1,1558
145.5362,1,1561
145.5528,1,1566
145.42172,1,1569
145.31335,1,1572
145.22705,1,1577
145.24945,1,1580
145.28726,1,1583
145.29538,1,1586
145.24017,1,1589
145.52185,1,1592
145.57721,1,1595
145.6745,1,1600
145.40723,1,1603
145.4049,1,1606
145.51602,1,1611
145.33267,1,1614
145.15039,1,1617
145.09848,1,1622
145.06213,1,1625
145.04535,1,1628
144.91803,1,1631
144.88333,1,1636
144.83545,1,1639
144.87177,1,1642
144.6943,1,1647
144.5459,1,1650
144.3808,1,1653
144.30585,1,1658
144.25177,1,1661
144.33588,1,1662
144.19348,1,1665
144.19986,1,1670
144.07263,1,1673
143.88147,1,1676
143.87366,1,1681
144.16583,1,1684
144.22559,1,1687
144.04626,1,1692
144.02756,1,1695
143.90674,1,1698
143.72656,1,1701
143.80182,1,1706
143.9588,1,1709
143.91913,1,1712
143.92093,1,1717
143.91913,1,1720
144.00372,1,1723
143.93442,1,1728
143.97821,1,1731
143.88351,1,1734
143.83112,1,1737
143.78064,1,1740
143.78516,1,1743
143.75598,1,1746
143.96875,1,1751
143.797,1,1754
143.6908,1,1757
143.67209,1,1762
143.75275,1,1765
143.78049,1,1768
143.67953,1,1771
143.78754,1,1776
144.0874,1,1779
144.10245,1,1782
143.91064,1,1787
143.95428,1,1790
144.143,1,1793
144.26651,1,1798
144.21613,1,1801
144.32214,1,1804
144.42233,1,1807
144.37555,1,1812
144.32977,1,1813
144.5116,1,1816
144.59213,1,1821
144.57715,1,1824
144.35864,1,1827
144.39972,1,1832
144.50543,1,1835
144.48468,1,1838
144.41357,1,1841
144.57983,1,1846
144.49121,1,1849
144.5299,1,1852
144.69293,1,1857
144.75793,1,1860
144.76306,1,1863
144.66394,1,1868
144.51526,1,1871
144.68674,1,1874
144.66504,1,1877
144.53986,1,1882
144.6438,1,1885
144.60834,1,1888
144.67606,1,1891
144.57214,1,1894
144.52359,1,1897
144.80966,1,1902
144.73636,1,1905
144.63464,1,1908
144.54395,1,1911
144.6665,1,1916
144.6723,1,1919
144.47589,1,1922
144.4992,1,1927
144.54327,1,1930
144.71121,1,1933
144.88208,1,1938
145.0827,1,1941
145.04767,1,1944
144.96246,1,1947
145.01074,1,1952
145.20178,1,1955
145.40173,1,1958
145.45035,1,1963
145.53168,1,1964
145.46487,1,1967
145.25006,1,1972
145.18323,1,1975
145.18478,1,1978
144.97778,1,1981
145.1051,1,1986
145.18115,1,1989
145.13324,1,1992
144.94373,1,1997
144.99417,1,2000
144.85901,1,2003
145.16266,1,2008
145.0173,1,2011
144.90796,1,2014
145.00226,1,2017
144.87677,1,2022
144.66504,1,2025
144.7244,1,2028
144.44073,1,2033
144.17783,1,2036
144.07065,1,2039
144.00763,1,2042
143.92596,1,2045
143.73987,1,2048
143.76022,1,2051
143.7887,1,2056
143.85376,1,2059
144.02783,1,2062
144.24304,1,2067
144.3605,1,2070
144.87006,1,2073
145.48633,1,2076
145.0918,1,2081
145.14197,1,2084
145.15924,1,2087
145.04816,1,2092
145.01935,1,2095
145.08276,1,2098
145.38861,1,2103
145.35901,1,2106
145.42072,1,2109
145.2182,1,2114
144.92719,1,2115
144.6795,1,2118
144.37857,1,2121
143.69055,1,2126
143.0965,1,2129
142.46786,1,2132
142.05688,1,2137
141.35172,1,2140
140.84216,1,2143
140.27057,1,2148
139.4859,1,2151
138.85687,1,2154
139.44995,2,2157
140.0752,2,2162
141.21597,2,2165
142.26855,2,2168
142.21661,2,2173
142.62912,2,2176
142.78662,2,2179
143.27502,2,2184
143.25665,2,2187
143.27045,2,2190
143.26978,2,2191
142.75687,2,2196
143.62708,3,2199
143.94608,3,2202
143.78235,3,2207
143.4411,3,2210
142.5185,3,2213
142.17242,3,2218
141.76001,3,2221
141.4245,3,2224
141.27008,3,2227
140.92828,3,2232
140.76974,3,2235
141.15637,3,2238
142.08493,3,2243
143.33252,3,2246
144.0321,3,2249
144.11478,3,2254
144.06934,3,2257
144.34937,3,2260
144.70593,3,2263
145.03204,3,2266
144.8888,3,2269
144.59732,3,2272
144.86285,3,2277
144.84357,3,2280
144.40997,3,2283
144.12604,3,2288
143.89966,3,2291
143.50415,3,2294
143.37573,3,2297
143.55109,3,2302
143.27441,3,2305
142.82745,3,2308
143.01514,3,2313
142.69827,3,2316
142.4408,3,2319
141.97064,3,2324
141.93921,3,2327
142.26349,3,2330
142.14145,3,2333
141.99884,3,2338
141.62769,3,2341
141.69983,3,2342
141.39127,3,2347
141.16873,3,2350
141.13269,3,2353
140.91418,3,2358
141.30682,3,2361
141.29358,3,2364
140.67487,3,2367
140.97992,3,2372
141.2084,3,2375
141.13101,3,2378
141.62146,3,2383
141.76648,3,2386
141.99017,3,2389
141.92496,3,2394
141.44794,3,2397
141.5907,3,2400
141.41052,3,2403
141.45526,3,2408
141.32986,3,2411
141.21762,3,2414
141.12845,3,2417
140.9147,3,2420
140.87329,3,2423
140.7539,3,2428
140.97266,3,2431
141.12079,3,2434
140.92926,3,2437
140.8457,3,2442
140.95361,3,2445
141.18387,3,2448
140.89764,3,2453
140.8764,3,2456
140.71509,3,2459
140.91626,3,2464
141.25232,3,2467
141.47418,3,2470
141.3331,3,2473
141.18701,3,2478
141.29337,3,2481
141.52689,3,2484
141.8063,3,2489
142.31207,3,2490
142.16437,3,2493
142.2579,3,2498
142.04053,3,2501
141.91391,3,2504
142.03235,3,2507
142.27325,3,2512
142.65833,3,2515
142.55695,3,2518
142.61258,3,2523
142.60373,3,2526
142.6723,3,2529
142.4992,3,2534
142.51465,3,2537
142.90363,3,2540
143.1586,3,2543
143.23907,3,2548
143.20633,3,2551
143.56866,3,2554
143.6749,3,2559
143.70074,3,2562
143.65588,3,2565
143.48029,3,2568
143.64319,3,2571
143.66394,3,2574
143.8215,3,2577
144.01169,3,2582
144.27411,3,2585
143.92572,3,2588
143.75421,3,2593
143.73907,3,2596
143.6911,3,2599
144.10468,3,2604
144.06256,3,2607
144.21103,3,2610
144.27814,3,2613
144.18793,3,2618
144.29468,3,2621
144.30371,3,2624
144.23157,3,2629
144.23138,3,2632
144.30658,3,2635
144.31067,3,2638
144.27573,3,2641
144.38968,3,2644
144.2128,3,2647
144.11612,3,2652
143.98303,3,2655
143.78833,3,2658
143.5116,3,2663
143.711,3,2666
143.64828,3,2669
143.62378,3,2674
143.72375,3,2677
143.81738,3,2680
143.40912,3,2683
143.42657,3,2688
143.22998,3,2691
143.28705,3,2694
143.1036,3,2699
143.08716,3,2702
143.25787,3,2705
143.36273,3,2710
142.95288,3,2713
142.7933,3,2716
142.6961,3,2717
142.48126,3,2722
142.33221,3,2725
142.29773,3,2728
142.32422,3,2733
142.47769,3,2736
142.48572,3,2739
142.31506,3,2744
142.293,3,2747
142.65369,3,2750
142.91855,3,2753
142.90976,3,2758
142.9765,3,2761
143.01001,3,2764
143.03036,3,2769
143.05072,3,2772
143.05219,3,2775
142.94983,3,2780
142.914,3,2783
142.97388,3,2786
142.95868,3,2789
143.24802,3,2792
143.06738,3,2795
143.24588,3,2798
143.14197,3,2803
143.2572,3,2806
143.24808,3,2809
143.44983,3,2814
143.56104,3,2817
143.68457,3,2820
143.43265,3,2823
143.711,3,2828
143.70306,3,2831
143.63568,3,2834
144.03836,3,2839
143.99542,3,2842
143.96945,3,2845
143.61383,3,2850
143.37097,3,2853
143.52429,3,2856
143.17834,3,2859
143.04364,3,2864
143.20746,3,2867
143.29663,3,2868
142.92346,3,2873
142.29642,3,2876
142.08142,3,2879
141.78806,3,2884
142.01154,3,2887
142.58273,3,2890
143.01227,3,2893
143.02625,3,2898
143.48016,3,2901
143.52136,3,2904
143.17941,3,2909
143.40399,3,2912
143.48035,3,2915
142.97952,3,2918
142.56543,3,2923
141.45706,3,2926
141.14417,3,2929
140.80856,3,2934
140.13321,3,2937
140.00775,3,2940
140.0264,3,2943
140.24344,3,2946
140.60712,3,2949
140.82788,3,2954
140.91919,3,2957
140.2099,3,2960
140.7746,3,2963
141.35043,3,2968
141.568,3,2971
140.97598,3,2974
140.36548,3,2979
139.38086,3,2982
138.05731,3,2985
137.65237,3,2990
136.78357,3,2993
136.04828,3,2996
136.08514,3,2999
136.92484,4,3004
138.32288,4,3007
140.29965,4,3010
142.0509,4,3015
142.94983,4,3018
143.54462,4,3019
143.65765,4,3024
144.13849,4,3027
144.44269,4,3030
144.41748,4,3033
143.31042,4,3038
143.12152,4,3041
143.26196,4,3044
143.27051,4,3049
144.448,5,3052
144.49365,5,3055
142.61713,5,3058
142.48462,5,3063
142.33765,5,3066
141.90088,5,3069
141.13116,5,3074
140.72131,5,3077
140.41992,5,3080
140.07233,5,3085
139.89935,5,3088
139.97601,5,3091
139.9971,5,3094
140.62726,5,3097
140.58908,5,3100
140.86761,5,3103
140.86066,5,3108
140.05594,5,3111
138.53174,5,3114
138.2074,5,3119
137.897,5,3122
136.88092,5,3125
136.71088,5,3130
136.36313,5,3133
135.3866,5,3136
134.8711,5,3139
134.68607,5,3144
134.46698,5,3147
133.97147,5,3150
133.10645,5,3155
132.74814,5,3158
132.86243,5,3161
132.68759,5,3164
132.68518,5,3169
132.34402,5,3170
132.02588,5,3173
131.73053,5,3178
131.85492,5,3181
131.97559,5,3184
131.92435,5,3189
132.1683,5,3192
132.08203,5,3195
132.05536,5,3198
131.91055,5,3203
132.05475,5,3206
132.03964,5,3209
131.57425,5,3214
131.6221,5,3217
131.80359,5,3220
131.78918,5,3225
131.75482,5,3228
131.4975,5,3231
132.15485,5,3236
131.94153,5,3239
132.24908,5,3242
131.67035,5,3245
131.54944,5,3248
131.7294,5,3251
131.4473,5,3254
131.31769,5,3259
130.94037,5,3262
130.73181,5,3265
130.84854,5,3270
130.7792,5,3273
130.77838,5,3276
131.24261,5,3279
130.58966,5,3284
130.30615,5,3287
130.20132,5,3290
130.3049,5,3295
129.9733,5,3298
130.39825,5,3301
130.13837,5,3306
130.77405,5,3309
130.74811,5,3312
130.58362,5,3315
130.02118,5,3320
130.23431,5,3321
130.13333,5,3324
130.67554,5,3329
130.73798,5,3332
130.7779,5,3335
131.21268,5,3338
130.73477,5,3343
130.30045,5,3346
130.776,5,3349
131.3335,5,3354
131.29547,5,3357
131.34082,5,3360
130.9866,5,3365
130.78351,5,3368
130.93317,5,3371
131.41248,5,3376
131.61499,5,3379
131.17963,5,3382
130.95709,5,3385
130.88965,5,3390
130.59836,5,3393
130.49844,5,3396
130.4834,5,3399
130.24155,5,3402
130.36627,5,3405
130.50345,5,3410
130.78998,5,3413
130.53006,5,3416
130.31024,5,3419
129.93823,5,3424
130.07373,5,3427
130.18204,5,3430
130.04935,5,3435
130.38443,5,3438
130.71313,5,3441
131.70111,5,3446
131.98874,5,3449
132.081,5,3452
132.39227,5,3455
131.75531,5,3460
131.83563,5,3463
131.47385,5,3466
131.05139,5,3471
131.5646,5,3472
131.66882,5,3475
131.74713,5,3478
131.6207,5,3483
131.18259,5,3486
131.34222,5,3489
131.08093,5,3494
131.32486,5,3497
131.11572,5,3500
131.8518,5,3505
132.3935,5,3508
132.39331,5,3511
132.37402,5,3516
132.94803,5,3519
132.49783,5,3522
132.20932,5,3525
132.08557,5,3530
132.10645,5,3533
131.99341,5,3536
132.08496,5,3541
131.74362,5,3544
132.66232,5,3547
132.4314,5,3550
132.10358,5,3553
131.65738,5,3556
131.49292,5,3559
131.5794,5,3564
131.59668,5,3567
131.15051,5,3570
131.22418,5,3575
131.4726,5,3578
131.81335,5,3581
131.61105,5,3586
131.37036,5,3589
131.23291,5,3592
131.28192,5,3595
130.70718,5,3600
130.51111,5,3603
130.60522,5,3606
131.10275,5,3611
131.66534,5,3614
131.99136,5,3617
131.76382,5,3622
131.52118,5,3623
131.47302,5,3626
132.01926,5,3629
131.34637,5,3634
131.36423,5,3637
131.08331,5,3640
131.51093,5,3645
131.45978,5,3648
131.5957,5,3651
130.83685,5,3656
131.14893,5,3659
130.63837,5,3662
130.74625,5,3665
129.5155,5,3670
129.46127,5,3673
129.67004,5,3676
129.6529,5,3681
129.19037,5,3684
128.86713,5,3687
129.36981,5,3692
129.0802,5,3695
127.93359,5,3698
126.98938,5,3699
125.99066,5,3704
125.418945,5,3707
124.69,5,3710
123.39447,5,3715
121.95221,5,3718
119.29736,5,3721
119.56287,5,3726
117.30505,5,3729
114.905945,5,3732
114.529816,5,3735
116.97861,5,3740
117.7576,5,3743
118.74106,5,3746
119.86276,5,3751
119.69913,5,3754
118.656586,5,3757
118.13754,5,3762
116.99109,5,3765
115.813385,5,3768
114.06482,5,3771
111.91794,5,3774
110.99698,5,3777
110.9917,5,3780
112.94516,5,3785
116.43347,6,3788
119.5307,6,3791
123.365845,6,3796
125.511444,6,3799
123.155426,6,3802
122.18695,6,3805
122.33975,6,3810
122.320435,6,3813
119.825806,6,3816
119.55762,6,3821
119.74002,6,3824
117.743164,6,3827
122.96716,7,3832
123.13788,7,3835
122.6756,7,3838
125.349304,7,3841
125.12622,7,3846
125.48163,7,3849
125.55246,7,3850
124.69946,7,3855
123.677,7,3858
123.71228,7,3861
122.23346,7,3866
122.37442,7,3869
123.4082,7,3872
125.47241,7,3875
127.7652,7,3880
129.69342,7,3883
131.98596,7,3886
132.26807,7,3891
133.21545,7,3894
133.28442,7,3897
133.58215,7,3902
134.69016,7,3905
135.53064,7,3908
135.27545,7,3911
135.37564,7,3916
135.0347,7,3919
135.11987,7,3922
135.094,7,3925
134.76245,7,3929
135.29114,7,3930
135.4336,7,3937
136.16235,7,3940
136.78082,7,3943
137.77643,7,3946
137.79135,7,3951
137.6391,7,3954
137.36435,7,3957
136.89667,7,3960
135.98416,7,3963
135.22229,7,3966
135.28699,7,3969
134.70514,7,3974
134.66132,7,3977
133.94373,7,3980
133.32623,7,3985
133.38156,7,3988
132.98676,7,3991
133.43683,7,3996
134.09805,7,3999
133.8468,7,4002
133.33429,7,4007
133.00104,7,4010
132.5354,7,4013
132.36542,7,4016
133.00891,7,4021
133.07495,7,4024
133.23956,7,4027
132.4819,7,4032
132.01715,7,4035
131.50903,7,4036
132.20935,7,4041
132.39545,7,4044
132.19083,7,4047
132.26007,7,4050
132.22815,7,4055
132.27463,7,4058
132.57532,7,4061
132.91986,7,4066
133.16669,7,4069
133.20172,7,4072
133.41684,7,4077
133.81659,7,4080
133.85107,7,4083
134.00629,7,4086
133.68909,7,4091
133.69843,7,4094
133.70163,7,4097
133.82013,7,4102
134.08496,7,4105
134.6654,7,4108
135.06079,7,4111
135.92905,7,4114
136.22058,7,4117
135.68423,7,4120
136.00848,7,4125
135.7265,7,4128
135.53564,7,4131
134.95734,7,4136
134.48639,7,4139
134.47815,7,4142
134.25085,7,4147
134.24405,7,4150
135.31201,7,4153
135.4841,7,4156
135.98215,7,4161
136.39386,7,4164
136.82639,7,4167
137.45044,7,4172
137.86469,7,4175
138.36887,7,4178
138.73877,7,4183
138.78033,7,4186
139.0354,7,4187
138.70181,7,4190
138.06439,7,4195
137.77325,7,4198
137.55023,7,4201
137.1496,7,4206
137.49371,7,4209
137.91107,7,4212
137.82123,7,4217
138.1023,7,4220
138.34781,7,4223
138.15344,7,4226
137.85284,7,4231
137.51013,7,4234
137.61127,7,4237
137.93414,7,4242
137.97833,7,4245
137.44568,7,4248
136.88284,7,4253
136.77328,7,4256
136.98737,7,4259
137.07666,7,4262
136.83249,7,4265
136.91803,7,4268
137.37994,7,4271
137.51172,7,4276
137.38898,7,4279
137.25305,7,4282
137.09766,7,4287
137.48706,7,4290
137.73782,7,4293
138.04236,7,4296
137.99841,7,4301
137.84735,7,4304
138.11548,7,4307
137.96094,7,4312
138.01816,7,4315
138.19498,7,4318
138.12772,7,4323
137.96188,7,4326
137.76215,7,4329
137.19772,7,4332
137.42224,7,4337
137.76874,7,4338
137.35373,7,4341
136.37262,7,4346
135.74997,7,4349
135.5633,7,4352
134.9002,7,4357
134.67102,7,4360
134.51685,7,4363
133.78583,7,4366
134.17557,7,4371
135.5668,7,4374
136.34659,7,4377
136.16663,7,4382
135.16837,7,4385
133.44547,7,4388
132.06369,7,4393
130.32874,7,4396
131.15121,7,4399
130.49646,7,4402
129.36945,7,4407
128.84229,7,4410
128.21729,7,4413
130.16357,7,4416
133.02072,7,4419
134.10474,7,4422
135.37494,7,4427
136.9917,7,4430
138.4646,7,4433
138.23932,7,4436
138.62387,7,4441
138.75659,7,4444
138.67334,7,4447
138.06967,7,4452
139.0777,7,4455
138.8768,7,4458
140.7409,8,4463
142.52036,8,4466
144.25732,8,4469
146.37897,8,4472
147.96887,8,4477
147.94547,8,4480
148.57373,8,4483
149.91699,8,4488
150.91,8,4489
151.36609,8,4492
152.3526,8,4497
152.77948,8,4500
153.2746,8,4503
153.0354,8,4506
154.4549,9,4511
154.33386,9,4514
152.5517,9,4517
152.5777,9,4522
151.56186,9,4525
150.20331,9,4528
149.6637,9,4533
149.01752,9,4536
148.76642,9,4539
148.31085,9,4542
148.05267,10,4547
147.1026,10,4550
147.84442,10,4553
147.91199,10,4558
148.83447,10,4561
149.67282,10,4564
149.57773,10,4567
148.47327,10,4570
147.75787,10,4573
147.92444,10,4576
147.82986,10,4581
147.07849,10,4584
146.18231,10,4587
145.6893,10,4592
145.70459,10,4595
145.6965,10,4598
144.86243,11,4603
144.01523,11,4606
143.69092,11,4609
143.35886,11,4612
142.19128,11,4617
141.14423,11,4620
140.45032,11,4623
139.54901,11,4628
138.83734,11,4631
137.59833,11,4634
137.04218,11,4639
136.54211,11,4640
135.67963,11,4643
135.8963,11,4646
136.29962,11,4651
136.8067,11,4654
136.96838,11,4657
137.08838,11,4662
136.745,11,4665
136.25134,11,4668
136.50903,11,4673
136.40652,11,4676
135.89606,11,4679
135.3016,11,4682
134.7515,11,4687
134.27203,11,4690
134.19324,11,4693
133.74088,11,4698
133.37976,11,4701
133.09348,11,4704
132.19403,11,4709
131.30646,11,4712
130.67255,11,4715
130.12766,11,4716
129.9017,11,4721
129.08298,11,4724
128.69287,11,4727
128.4784,11,4732
128.57318,11,4735
128.29602,11,4738
128.36304,11,4743
128.18652,11,4746
127.99927,11,4749
127.54877,11,4752
127.3764,11,4757
127.3587,11,4760
127.115295,11,4763
126.73169,11,4768
126.67136,11,4771
126.67859,11,4774
126.21826,11,4779
126.18158,11,4782
125.92871,11,4785
125.47739,11,4788
125.12552,11,4791
124.87344,11,4794
124.415405,11,4797
124.585754,11,4802
124.56796,11,4805
124.58035,11,4808
124.63788,11,4813
124.61084,11,4816
124.503174,11,4819
124.22937,11,4822
124.05115,11,4827
124.298065,11,4830
124.92493,11,4833
125.06329,11,4838
125.25583,11,4841
125.44232,11,4844
125.27191,11,4849
124.946075,11,4852
124.90073,11,4855
124.55786,11,4858
124.29608,11,4863
124.112,11,4866
123.84613,11,4867
123.67386,11,4872
123.63547,11,4875
123.74957,11,4878
123.80798,11,4883
123.9769,11,4886
123.97153,11,4889
123.86377,11,4892
123.90143,11,4897
124.11133,11,4900
124.48279,11,4903
124.59927,11,4908
124.72684,11,4911
124.980865,11,4914
124.70648,11,4919
124.479126,11,4922
124.59335,11,4925
124.566864,11,4928
124.70685,11,4933
124.594635,11,4936
124.39581,11,4939
124.54291,11,4942
124.46866,11,4945
124.503174,11,4948
124.40277,11,4953
124.32272,11,4956
124.50281,11,4959
124.40228,11,4962
124.41211,11,4967
124.56555,11,4970
124.60449,11,4973
124.4892,11,4978
124.551544,11,4981
124.74347,11,4984
124.92551,11,4987
125.16095,11,4992
125.308624,11,4995
125.70364,11,4998
125.61444,11,5003
125.41647,11,5006
125.25876,11,5009
125.450806,11,5014
125.33826,11,5017
125.37604,11,5018
125.1716,11,5023
124.991516,11,5026
124.95358,11,5029
124.88904,11,5032
124.96857,11,5037
125.06973,11,5040
124.868286,11,5043
125.16702,11,5048
125.01288,11,5051
125.10858,11,5054
125.44214,11,5059
125.37216,11,5062
125.32315,11,5065
125.520935,11,5068
125.33319,11,5073
125.44354,11,5076
125.23132,11,5079
125.09479,11,5084
125.088104,11,5087
124.99866,11,5090
124.98511,11,5093
125.02255,11,5096
125.16138,11,5099
124.88049,11,5102
125.01941,11,5107
124.6983,11,5110
124.42297,11,5113
124.52429,11,5118
124.57187,11,5121
124.62445,11,5124
124.78775,11,5129
124.91232,11,5132
124.874756,11,5135
124.70001,11,5138
124.67413,11,5143
124.50043,11,5146
124.25934,11,5149
124.2865,11,5154
124.47461,11,5157
124.55148,11,5160
124.43982,11,5165
124.40369,11,5168
124.668365,11,5169
124.62848,11,5172
124.49756,11,5177
124.55109,11,5180
124.44769,11,5183
124.74579,11,5188
124.621765,11,5191
124.58359,11,5194
124.80304,11,5199
124.90646,11,5202
124.63806,11,5205
124.825775,11,5208
124.69183,11,5213
124.50653,11,5216
124.43787,11,5219
124.53662,11,5224
124.593994,11,5227
124.69394,11,5230
124.44681,11,5235
124.56409,11,5238
124.736206,11,5241
124.92737,11,5244
124.78882,11,5247
125.00195,11,5250
125.62756,11,5253
125.49701,11,5258
125.585724,11,5261
125.63928,11,5264
125.8598,11,5267
126.022125,11,5272
126.05963,11,5275
125.83426,11,5278
125.75995,11,5283
125.737366,11,5286
125.598175,11,5289
125.60162,11,5294
125.65741,11,5297
125.42285,11,5300
125.2608,11,5305
124.96289,11,5308
124.99075,11,5311
124.89667,11,5314
124.803894,11,5319
124.57144,11,5320
124.59152,11,5323
124.53409,11,5328
124.45517,11,5331
124.256195,11,5334
123.99194,11,5339
123.9603,11,5342
124.26947,11,5345
124.38739,11,5348
124.405426,11,5353
124.417206,11,5356
124.03754,11,5359
123.74078,11,5364
123.25476,11,5367
122.91794,11,5370
122.95584,11,5375
122.91986,11,5378
122.77899,11,5381
122.19513,11,5384
121.94812,11,5389
121.68332,11,5392
121.50433,11,5395
121.39096,11,5398
121.47211,11,5401
121.40787,11,5404
120.93933,11,5409
121.163574,11,5412
121.14737,11,5415
120.69678,11,5418
120.0744,11,5423
119.770905,11,5426
119.18219,11,5429
118.56006,11,5434
118.4267,11,5437
118.081665,11,5440
118.87521,11,5445
120.17166,12,5448
120.49335,12,5451
121.10559,12,5454
121.22592,12,5459
120.94635,12,5462
120.98709,12,5465
120.85901,12,5470
120.56772,12,5471
120.57974,12,5474
120.65808,12,5479
121.16388,12,5482
121.69501,12,5485
122.2941,12,5488
123.39734,13,5493
123.54343,13,5496
124.50534,13,5499
124.667694,13,5504
125.1709,13,5507
125.71103,13,5510
126.22638,13,5515
126.391235,13,5518
126.83954,13,5521
127.52872,13,5524
128.44482,13,5529
129.72433,14,5532
131.18219,14,5535
132.55469,14,5540
133.41971,14,5543
133.86804,14,5546
134.5097,14,5549
135.21707,14,5552
135.8883,14,5555
136.25787,14,5558
136.82791,14,5563
136.98615,14,5566
137.21478,14,5569
137.77557,15,5574
137.52557,15,5577
137.93875,15,5580
137.87775,15,5585
137.72318,15,5588
137.8569,15,5591
137.90536,15,5594
137.70395,15,5599
137.78143,15,5602
138.04675,15,5605
138.51898,15,5610
139.28467,15,5613
139.97415,16,5616
140.91412,16,5621
141.58337,16,5622
142.14655,16,5625
142.42151,16,5628
142.7077,16,5633
142.99072,16,5636
142.77057,16,5639
142.88782,16,5644
142.87625,16,5647
143.06363,16,5650
142.77911,16,5653
142.80408,16,5658
142.65155,16,5661
142.51282,16,5664
142.53928,16,5669
142.43408,16,5672
142.22717,16,5675
142.2421,16,5680
142.37549,16,5683
142.27533,16,5686
142.16965,16,5689
142.18866,16,5694
142.26917,16,5697
142.56726,16,5698
142.7031,16,5703
142.90039,16,5706
143.16754,16,5709
142.94006,16,5714
142.86755,16,5717
142.85315,16,5720
142.62704,16,5725
142.72925,16,5728
142.64792,16,5731
142.76932,16,5734
142.72565,16,5739
142.70142,16,5742
142.78723,16,5745
142.87637,16,5750
142.93542,16,5753
142.92233,16,5756
143.08734,16,5761
143.22836,16,5764
143.23077,16,5767
143.33508,16,5770
143.26562,16,5773
143.16559,16,5776
143.19284,16,5779
143.28851,16,5784
143.2226,16,5787
143.2734,16,5790
143.4104,16,5795
143.46136,16,5798
143.4917,16,5801
143.60931,16,5804
143.50345,16,5809
143.49304,16,5812
143.47058,16,5815
143.56464,16,5820
143.90674,16,5823
143.99142,16,5826
144.00995,16,5831
144.09851,16,5834
144.0412,16,5837
144.04825,16,5840
144.05414,16,5845
144.17175,16,5848
144.2977,16,5849
144.4996,16,5854
144.56,16,5857
144.70407,16,5860
145.07782,16,5865
145.16571,16,5868
145.29645,16,5871
145.5763,16,5874
145.6095,16,5879
145.77155,16,5882
145.5705,16,5885
145.72937,16,5890
145.75397,16,5893
145.83975,16,5896
145.85156,16,5901
145.8819,16,5904
145.91373,16,5907
145.84198,16,5910
145.87549,16,5915
145.91766,16,5918
146.09045,16,5921
146.29678,16,5924
146.21191,16,5927
146.20996,16,5930
146.27936,16,5935
146.27502,16,5938
146.2457,16,5941
146.18915,16,5944
146.19687,16,5949
146.18475,16,5952
146.18994,16,5955
145.99127,16,5960
145.85397,16,5963
146.01993,16,5966
146.08179,16,5969
146.00885,16,5974
145.95306,16,5977
145.99686,16,5980
145.98022,16,5985
146.03772,16,5988
146.04437,16,5991
146.01413,16,5996
146.10352,16,5999
146.24509,16,6000
146.23486,16,6005
146.52753,16,6008
146.69037,16,6011
146.65417,16,6014
146.67087,16,6019
146.65332,16,6022
146.57721,16,6025
146.7446,16,6030
146.85144,16,6033
146.98264,16,6036
147.1377,16,6041
147.1413,16,6044
147.11145,16,6047
147.11868,16,6050
147.07898,16,6055
147.11786,16,6058
147.20605,16,6061
147.40906,16,6066
147.3451,16,6069
147.43842,16,6072
147.15259,16,6075
147.13782,16,6078
147.40854,16,6081
147.52365,16,6084
147.58258,16,6089
147.39478,16,6092
147.43396,16,6095
147.28635,16,6100
147.23557,16,6103
147.36154,16,6106
147.70456,16,6111
147.5474,16,6114
147.69867,16,6117
147.69794,16,6120
147.58038,16,6125
147.76697,16,6128
147.75986,16,6131
147.815,16,6136
147.85614,16,6139
147.87408,16,6142
148.1781,16,6147
148.1636,16,6150
148.24591,16,6151
148.3252,16,6154
148.26437,16,6159
148.25305,16,6162
148.34814,16,6165
148.57397,16,6170
148.63919,16,6173
148.58725,16,6176
148.52063,16,6181
148.50345,16,6184
148.34863,16,6187
148.28214,16,6190
148.1087,16,6195
148.04858,16,6198
148.02625,16,6201
147.86304,16,6206
147.8854,16,6209
147.77069,16,6212
147.51044,16,6217
147.49292,16,6220
147.50153,16,6223
147.31366,16,6226
147.22253,16,6229
146.97125,16,6232
146.99127,16,6235
147.07922,16,6240
146.85193,16,6243
146.68884,16,6246
146.55292,16,6251
146.54657,16,6254
146.59558,16,6257
146.67432,16,6260
146.55756,16,6265
146.44312,16,6268
146.32196,16,6271
146.189,16,6276
146.04819,16,6279
145.8648,16,6282
145.81921,16,6287
145.65686,16,6290
145.64633,16,6293
145.75781,16,6296
145.76425,16,6301
145.62659,16,6302
145.79364,16,6305
145.83002,16,6310
145.98044,16,6313
145.79877,16,6316
146.05951,16,6321
146.06317,16,6324
146.12921,16,6327
146.37384,16,6330
146.37256,16,6335
146.47427,16,6338
146.41644,16,6341
146.41354,16,6346
146.31512,16,6349
146.28094,16,6352
146.38513,16,6357
146.21771,16,6360
146.2243,16,6363
146.29456,16,6366
146.36966,16,6371
146.39532,16,6374
146.23096,16,6377
146.2008,16,6380
146.30298,16,6383
146.4422,16,6386
146.3978,16,6391
146.36926,16,6394
146.40735,16,6397
146.18707,16,6400
146.36298,16,6405
146.24551,16,6408
146.3949,16,6411
146.13461,16,6416
146.03925,16,6419
146.23456,16,6422
146.1301,16,6427
146.03699,16,6430
146.1713,16,6433
146.453,16,6436
146.65662,16,6441
146.7951,16,6444
147.0156,16,6447
146.73819,16,6452
146.43555,16,6453
146.41254,16,6456
146.4076,16,6461
146.28976,16,6464
146.1423,16,6467
146.00287,16,6470
145.80301,16,6475
145.6882,16,6478
145.62177,16,6481
145.70447,16,6486
146.08685,16,6489
146.77722,17,6492
147.59839,17,6497
148.36151,17,6500
149.20792,17,6503
149.55173,17,6506
149.90546,17,6511
150.2771,17,6514
150.42087,17,6517
150.6867,17,6522
150.99597,17,6525
151.22168,17,6528
151.08502,17,6531
151.11719,17,6534
151.29858,18,6537
151.23865,18,6540
151.09839,18,6545
151.04868,18,6548
150.66553,18,6551
150.31958,18,6556
150.12332,18,6559
149.89346,18,6562
149.74677,18,6565
149.70203,18,6570
149.57224,18,6573
149.42038,18,6576
149.77228,18,6581
149.9855,19,6584
150.32562,19,6587
150.94199,19,6592
151.17944,19,6595
151.3316,19,6598
151.5,19,6603
151.73297,19,6604
151.78528,19,6607
151.7255,19,6610
151.70831,19,6615
151.6712,19,6618
151.64581,19,6621
151.44962,19,6626
151.27457,19,6629
151.1767,19,6632
150.93005,19,6637
150.67383,19,6640
150.61176,19,6643
150.58221,19,6646
150.53482,19,6651
150.5849,19,6654
150.56091,19,6657
150.53445,19,6662
150.54022,19,6665
150.47833,19,6668
150.60934,19,6673
150.32623,19,6676
150.29395,19,6679
150.33154,19,6680
150.39975,19,6685
150.37946,19,6688
150.36798,19,6691
150.38757,19,6696
150.40552,19,6699
150.47577,19,6702
150.42017,19,6707
150.32458,19,6710
150.18109,19,6713
150.08606,19,6716
150.07208,19,6721
150.05078,19,6724
150.03229,19,6727
149.97107,19,6732
149.98514,19,6735
150.01086,19,6738
150.0755,19,6743
150.15268,19,6746
150.16418,19,6749
150.02103,19,6752
150.00763,19,6755
150.02725,19,6758
150.12231,19,6761
150.20178,19,6766
150.16907,19,6769
150.11362,19,6772
150.16998,19,6775
150.20248,19,6780
150.03748,19,6783
150.04474,19,6786
149.9505,19,6791
149.76764,19,6794
149.59216,19,6797
149.52066,19,6802
149.42859,19,6805
149.29364,19,6808
149.04126,19,6811
148.99472,19,6816
148.92761,19,6819
148.93854,19,6822
148.86328,19,6827
148.858,19,6830
149.02185,19,6831
149.29254,19,6836
149.66946,19,6839
149.90497,19,6842
149.85669,19,6847
149.89761,19,6850
149.92139,19,6853
149.83267,19,6856
149.72723,19,6861
149.48639,19,6864
149.52728,19,6867
149.52716,19,6872
149.6366,19,6875
149.87946,19,6878
149.76804,19,6883
149.7721,19,6886
149.79803,19,6889
149.83643,19,6892
149.81125,19,6897
149.88977,19,6900
150.01196,19,6903
150.0141,19,6906
149.9126,19,6909
149.89932,19,6912
149.97607,19,6917
149.9107,19,6920
149.83606,19,6923
149.83252,19,6926
150.0072,19,6931
150.1919,19,6934
150.21576,19,6937
150.26355,19,6942
150.24695,19,6945
150.15479,19,6948
150.15262,19,6953
150.04431,19,6956
150.07993,19,6959
149.9989,19,6962
149.86566,19,6967
149.67896,19,6970
149.54813,19,6973
149.54941,19,6978
149.48431,19,6981
149.46204,19,6982
149.26047,19,6987
149.29022,19,6990
149.14673,19,6993
149.24188,19,6996
149.03705,19,7001
149.00928,19,7004
148.97571,19,7007
149.05411,19,7012
149.02704,19,7015
149.05194,19,7018
148.97974,19,7023
149.06342,19,7026
149.1911,19,7029
149.1358,19,7032
149.1607,19,7037
149.09344,19,7040
149.04669,19,7043
148.90936,19,7048
148.99017,19,7051
149.13159,19,7054
149.24017,19,7057
149.31775,19,7060
149.25537,19,7063
149.1413,19,7066
149.15662,19,7071
149.14832,19,7074
149.22021,19,7077
149.33478,19,7082
149.32458,19,7085
149.2236,19,7088
149.13046,19,7093
149.14178,19,7096
149.06512,19,7099
149.05219,19,7102
149.03546,19,7107
149.06726,19,7110
149.02075,19,7113
149.19446,19,7118
149.18533,19,7121
149.16302,19,7124
149.22662,19,7129
149.22632,19,7132
149.28235,19,7133
149.33484,19,7136
149.42001,19,7141
149.41855,19,7144
149.33942,19,7147
149.35797,19,7152
149.32071,19,7155
149.33124,19,7158
149.27054,19,7163
149.2699,19,7166
149.23972,19,7169
149.27585,19,7172
149.42123,19,7177
149.52386,19,7180
149.54587,19,7183
149.61407,19,7188
149.62332,19,7191
149.61633,19,7194
149.56195,19,7199
149.52744,19,7202
149.40143,19,7205
149.15894,19,7208
149.26263,19,7211
149.33112,19,7214
149.4625,19,7217
149.48267,19,7222
149.52606,19,7225
149.55505,19,7228
149.62341,19,7233
149.72833,19,7236
149.83664,19,7239
149.90723,19,7242
149.93304,19,7247
149.91202,19,7250
150.04053,19,7253
149.95059,19,7258
149.94855,19,7261
149.93292,19,7264
149.94366,19,7269
149.96735,19,7272
149.9508,19,7275
149.71106,19,7278
149.44489,19,7281
149.00961,19,7284
148.6145,19,7287
148.17242,19,7292
147.9093,19,7295
147.4317,19,7298
147.19263,19,7303
146.68832,19,7306
146.21289,19,7309
145.74951,19,7312
145.41577,19,7317
145.21124,19,7320
145.13031,20,7323
145.02283,20,7328
144.9563,20,7331
144.55487,20,7334
144.41547,20,7339
144.13092,20,7342
143.84897,20,7345
143.55066,20,7348
143.2085,20,7353
142.67645,20,7356
142.20554,20,7357
141.69025,20,7362
141.11499,20,7365
140.38834,21,7368
139.7396,21,7373
139.08392,21,7376
138.3465,21,7379
137.5987,21,7382
136.99207,21,7387
136.31583,21,7390
135.8446,21,7393
135.57233,21,7398
135.49988,21,7401
135.37872,21,7404
135.33527,21,7409
135.28387,21,7412
135.20367,21,7415
135.15945,21,7418
134.93256,21,7423
134.73633,21,7426
134.36841,21,7429
133.9925,21,7432
133.8002,21,7435
133.61786,21,7438
133.43085,21,7443
133.23065,21,7446
132.85757,21,7449
132.53833,21,7452
132.43927,21,7457
132.05362,21,7460
131.70319,21,7463
131.36292,21,7468
131.07568,21,7471
130.90326,21,7474
130.59991,21,7479
130.40253,21,7482
130.32306,21,7485
130.09811,21,7488
129.9762,21,7493
129.93402,21,7496
129.98825,21,7499
129.88068,21,7504
129.85931,21,7507
129.67139,21,7508
129.74298,21,7513
129.77405,21,7516
129.77243,21,7519
129.66907,21,7522
129.73291,21,7527
129.78613,21,7530
129.78876,21,7533
129.81995,21,7538
129.81235,21,7541
130.03192,21,7544
130.08728,21,7549
130.08594,21,7552
130.02386,21,7555
130.0668,21,7558
130.07507,21,7563
130.07935,21,7566
130.1543,21,7569
130.27777,21,7574
130.21436,21,7577
130.17429,21,7580
130.23297,21,7583
130.31671,21,7586
130.24774,21,7589
130.13174,21,7592
130.27417,21,7597
130.19424,21,7600
130.44116,21,7603
130.43817,21,7608
130.3577,21,7611
130.36087,21,7614
130.39441,21,7619
130.45605,21,7622
130.45184,21,7625
130.42786,21,7628
130.44763,21,7633
130.42981,21,7636
130.34222,21,7639
130.1477,21,7644
129.96143,21,7647
129.98962,21,7650
130.0567,21,7655
130.2724,21,7658
130.29926,21,7659
130.19003,21,7662
130.26569,21,7667
130.38965,21,7670
130.59659,21,7673
130.56647,21,7678
130.63489,21,7681
130.60767,21,7684
130.48965,21,7689
130.43927,21,7692
130.40918,21,7695
130.43765,21,7698
130.63138,21,7703
130.74796,21,7706
130.73602,21,7709
130.65839,21,7714
130.58685,21,7717
130.60907,21,7720
130.55951,21,7725
130.56027,21,7728
130.47821,21,7731
130.5061,21,7734
130.4762,21,7737
130.54608,21,7740
130.4917,21,7743
130.49734,21,7748
130.59088,21,7751
130.5357,21,7754
130.47653,21,7759
130.51459,21,7762
130.7287,21,7765
130.74622,21,7768
130.8248,21,7773
130.6623,21,7776
130.67776,21,7779
130.69562,21,7784
130.69235,21,7787
130.52283,21,7790
130.57318,21,7795
130.66028,21,7798
130.65436,21,7801
130.6293,21,7804
130.64142,21,7809
130.49841,21,7810
130.50513,21,7813
130.45374,21,7818
130.51758,21,7821
130.5,21,7824
130.46744,21,7829
130.48407,21,7832
130.44412,21,7835
130.3869,21,7838
130.46564,21,7843
130.50891,21,7846
130.27347,21,7849
130.31427,21,7854
130.24011,21,7857
130.05585,21,7860
130.16885,21,7865
130.11661,21,7868
130.07617,21,7871
130.177,21,7874
130.12433,21,7879
130.19836,21,7882
130.31262,21,7885
130.33273,21,7888
130.26794,21,7891
130.21918,21,7894
130.39209,21,7899
130.12732,21,7902
130.13696,21,7905
130.16064,21,7908
130.05481,21,7913
130.07333,21,7916
129.97003,21,7919
129.9873,21,7924
129.84851,21,7927
129.90906,21,7930
130.05185,21,7935
129.93323,21,7938
130.02661,21,7941
130.07053,21,7944
130.03381,21,7949
130.09534,21,7952
130.14487,21,7955
130.13736,21,7960
130.16364,21,7961
130.12668,21,7964
129.88574,21,7969
129.74234,21,7972
129.50775,21,7975
129.22147,21,7978
128.83337,21,7983
128.6189,21,7986
128.61258,21,7989
128.33496,21,7994
128.18661,21,7997
127.938446,21,8000
127.60812,21,8005
127.20209,21,8008
127.172516,21,8011
127.18289,21,8014
127.534546,21,8019
127.93994,21,8022
128.47418,21,8025
128.63171,21,8030
128.67834,21,8033
129.02997,21,8036
129.22351,21,8039
129.44061,21,8042
129.78613,21,8045
130.07227,21,8048
130.31995,21,8053
130.43884,21,8056
130.67896,21,8059
131.28513,22,8064
131.56854,22,8067
131.9108,22,8070
131.91364,22,8075
131.7255,22,8078
131.88464,22,8081
131.70648,22,8084
132.24023,22,8089
132.54486,22,8092
133.0329,22,8095
133.76361,22,8100
135.29501,23,8103
136.55981,23,8106
137.97375,23,8111
139.62778,23,8112
141.43076,23,8115
142.71368,23,8118
143.73633,23,8123
145.19727,23,8126
146.32153,23,8129
146.9732,23,8134
147.65656,23,8137
148.42242,23,8140
149.33252,23,8145
150.52896,24,8148
151.26834,24,8151
151.77039,24,8154
152.59033,24,8159
152.66064,24,8162
153.37842,24,8165
153.76428,24,8170
154.43115,24,8173
155.00818,24,8176
155.62006,24,8179
156.2378,24,8184
157.20886,24,8187
157.6294,24,8190
157.96417,24,8193
158.64258,24,8196
158.88458,24,8199
159.22266,24,8204
159.97913,24,8207
160.47168,24,8210
160.88806,24,8215
161.50653,24,8218
161.88782,24,8221
162.52087,24,8224
162.83319,24,8229
162.88806,24,8232
163.13208,24,8235
163.20367,24,8240
163.51611,24,8243
163.75244,24,8246
164.30823,24,8251
164.6579,24,8254
164.66406,24,8257
164.56915,24,8260
164.9737,24,8263
165.10754,24,8266
165.03308,24,8269
164.83936,24,8274
164.84253,24,8277
164.95032,24,8280
165.34302,24,8285
165.46436,24,8288
165.60059,24,8291
165.77429,24,8294
165.61688,24,8299
165.90405,24,8302
166.46002,24,8305
166.29858,24,8310
166.32874,24,8313
166.67596,24,8316
166.68091,24,8321
166.93298,24,8324
166.53723,24,8327
166.66016,24,8330
166.5133,24,8335
166.80835,24,8338
167.11981,24,8339
166.94354,24,8344
167.05676,24,8347
166.8446,24,8350
166.59991,24,8355
166.99292,24,8358
167.15094,24,8361
167.07178,24,8364
167.48401,24,8369
167.62988,24,8372
167.97821,24,8375
167.65149,24,8380
167.65991,24,8383
167.62616,24,8386
167.78827,24,8391
167.85236,24,8394
168.14526,24,8397
168.17114,24,8400
168.47119,24,8405
168.69934,24,8408
168.6156,24,8411
168.34503,24,8414
168.52686,24,8417
168.51129,24,8420
168.32135,24,8425
168.41559,24,8428
168.50519,24,8431
168.78143,24,8434
168.8153,24,8439
169.11871,24,8442
169.33331,24,8445
169.54822,24,8450
169.30267,24,8453
169.2622,24,8456
168.96692,24,8459
168.76709,24,8464
168.62433,24,8467
168.49164,24,8470
168.47229,24,8475
168.55286,24,8478
168.63025,24,8481
168.57208,24,8486
168.60602,24,8489
168.60516,24,8490
168.52014,24,8495
168.17407,24,8498
167.99524,24,8501
167.75732,24,8504
167.87842,24,8509
167.87097,24,8512
167.71906,24,8515
167.9737,24,8520
168.2268,24,8523
168.35144,24,8526
168.52881,24,8531
168.86743,24,8534
168.75598,24,8537
168.87,24,8540
168.90051,24,8545
168.88623,24,8548
168.43573,24,8551
168.75214,24,8556
168.50525,24,8559
168.68317,24,8562
168.64459,24,8565
168.72693,24,8568
168.7857,24,8571
168.97314,24,8574
169.0127,24,8579
169.21057,24,8582
169.32477,24,8585
169.29565,24,8590
169.12256,24,8593
169.05518,24,8596
169.0072,24,8599
169.06775,24,8604
168.91803,24,8607
168.68475,24,8610
168.56592,24,8615
168.93549,24,8618
168.84375,24,8621
168.63593,24,8626
168.65668,24,8629
168.57147,24,8632
168.25299,24,8637
168.52826,24,8640
168.76654,24,8641
168.50543,24,8644
168.64307,24,8649
168.71216,24,8652
168.81415,24,8655
169.11108,24,8660
168.96057,24,8663
169.21997,24,8666
169.42322,24,8671
169.6294,24,8674
169.6322,24,8677
169.55713,24,8680
169.88623,24,8685
169.8902,24,8688
169.88184,24,8691
169.7973,24,8696
169.9729,24,8699
169.93091,24,8702
170.06702,24,8707
170.07263,24,8710
170.3471,24,8713
170.36768,24,8716
170.20691,24,8719
170.11688,24,8722
170.1847,24,8725
170.14679,24,8730
170.03088,24,8733
169.7132,24,8736
169.67139,24,8739
168.92908,24,8744
168.66364,24,8747
168.87048,24,8750
168.7749,24,8755
168.75671,24,8758
168.80646,24,8761
169.0426,24,8766
169.58832,24,8769
170.36334,24,8772
171.13806,24,8777
170.96863,24,8780
171.1648,24,8783
171.35364,24,8786
171.85083,24,8791
172.36389,24,8792
173.34778,24,8795
173.76587,24,8800
174.44269,24,8803
175.17712,24,8806
175.78546,24,8811
175.71881,24,8814
175.29816,24,8817
175.29053,24,8820
175.5495,24,8825
175.72711,24,8828
176.15979,24,8831
176.55536,24,8836
176.87085,24,8839
177.60657,24,8842
178.6604,24,8847
179.36871,24,8850
180.27344,25,8853
181.2279,25,8856
182.40302,25,8861
183.79797,25,8864
185.1878,25,8867
186.58752,25,8870
188.12915,25,8873
189.69128,25,8876
191.2912,25,8881
192.35583,25,8884
193.63678,25,8887
195.0304,25,8890
195.3263,26,8895
195.63367,26,8898
195.85571,26,8901
196.03705,26,8906
196.62915,26,8909
197.5105,26,8912
198.28088,26,8917
199.13348,26,8920
199.73889,26,8923
200.88214,26,8926
201.44965,26,8931
201.8927,27,8934
202.42181,27,8937
202.99634,27,8942
203.62903,27,8943
204.03052,27,8946
203.83899,27,8951
203.8695,27,8954
204.28192,27,8957
204.35303,27,8960
204.92603,27,8965
205.00409,27,8968
204.789,27,8971
204.49396,27,8976
203.1466,27,8979
202.08093,27,8982
201.57349,27,8987
200.35284,27,8990
199.27136,27,8993
198.86627,27,8996
198.55664,27,9001
198.5633,27,9004
198.26666,27,9007
198.26074,27,9012
198.56958,27,9015
198.62866,27,9018
198.40747,27,9019
199.0122,27,9024
199.23926,27,9027
199.0617,27,9030
199.21814,27,9035
200.06445,27,9038
201.01587,27,9041
201.3534,27,9046
201.3219,27,9049
201.16565,27,9052
200.85858,27,9057
201.56146,27,9060
202.04907,27,9063
202.64093,27,9066
203.4956,27,9071
203.69385,27,9074
203.72107,27,9077
204.1947,27,9082
203.91162,27,9085
204.50598,27,9088
204.99976,27,9093
205.65594,27,9094
205.75299,27,9097
206.16864,27,9100
206.5636,27,9105
206.13708,27,9108
205.23816,27,9111
204.54132,27,9116
203.51904,27,9119
203.64868,27,9122
203.27026,27,9127
203.08282,27,9130
203.06781,27,9133
203.21442,27,9136
203.74591,27,9141
204.05078,27,9144
204.11768,27,9147
204.54626,27,9152
204.49023,27,9155
204.74304,27,9158
204.71783,27,9161
204.97314,27,9166
205.09369,27,9169
205.36151,27,9170
205.51727,27,9175
205.99133,27,9178
206.04083,27,9181
206.7301,27,9186
206.09314,27,9189
205.69672,27,9192
204.7013,27,9197
205.1128,27,9200
205.08868,27,9203
204.66931,27,9206
205.30133,27,9211
205.40192,27,9214
205.38403,27,9217
205.31213,27,9222
205.9419,27,9225
206.24487,27,9228
206.94928,27,9233
206.64056,27,9236
206.49866,27,9239
206.16565,27,9242
206.03406,27,9245
206.15936,27,9248
206.37946,27,9251
205.8479,27,9256
205.86298,27,9259
205.28607,27,9262
205.0332,27,9267
204.7229,27,9270
205.02881,27,9273
205.68335,27,9276
205.84338,27,9281
205.88611,27,9284
205.45471,27,9287
205.77332,27,9292
205.4046,27,9295
205.55212,27,9298
206.00818,27,9301
206.11853,27,9306
206.12561,27,9309
206.38171,27,9312
205.78168,27,9317
206.07605,27,9320
206.15887,27,9321
206.36896,27,9326
206.22473,27,9329
206.12,27,9332
206.44006,27,9337
206.72308,27,9340
206.95679,27,9343
206.71295,27,9346
206.3501,27,9351
205.98254,27,9354
205.2442,27,9357
205.1792,27,9362
205.71362,27,9365
205.922,27,9368
205.79846,27,9373
205.55225,27,9376
205.70563,27,9379
205.88641,27,9382
205.73157,27,9387
206.12427,27,9390
206.07422,27,9393
205.51294,27,9396
205.53748,27,9399
205.16394,27,9402
204.93347,27,9407
204.79773,27,9410
204.565,27,9413
204.53027,27,9416
204.73096,27,9421
204.65125,27,9424
203.97473,27,9427
204.21228,27,9432
204.58368,27,9435
204.96014,27,9438
204.52899,27,9443
204.06653,27,9446
204.02765,27,9449
204.72955,27,9452
204.57959,27,9457
205.14185,27,9460
205.22247,27,9463
205.72937,27,9468
205.44403,27,9471
205.33295,27,9472
204.95197,27,9477
204.60254,27,9480
204.39581,27,9483
204.48901,27,9486
204.48486,27,9491
203.78473,27,9494
203.30457,27,9497
203.23267,27,9502
203.36243,27,9505
203.10828,27,9508
203.27936,27,9513
203.55334,27,9516
204.01605,27,9519
203.98193,27,9522
204.05463,27,9527
204.44202,27,9530
204.79553,27,9533
204.75732,27,9538
205.45483,27,9541
205.65851,27,9544
205.93433,27,9547
205.12158,27,9550
204.8548,27,9553
205.14221,27,9556
206.10175,27,9561
207.06232,27,9564
208.17828,27,9567
209.49866,27,9572
210.67181,27,9575
211.25018,27,9578
212.00061,27,9583
213.36975,27,9586
213.81055,27,9589
214.38214,27,9592
214.24261,27,9597
215.02246,27,9600
215.35596,27,9603
214.45715,27,9608
212.9566,27,9611
211.0299,27,9614
208.1073,27,9619
205.84229,27,9622
203.87756,27,9623
202.67743,27,9626
202.27356,27,9631
201.49548,27,9634
200.05627,27,9637
198.83698,27,9642
197.89691,27,9645
196.59143,27,9648
196.26306,27,9653
196.21301,28,9656
195.69232,28,9659
195.59515,28,9662
195.59686,28,9667
195.7926,28,9670
195.76007,28,9673
196.63611,28,9678
196.84888,28,9681
197.19135,28,9684
197.71484,28,9689
197.36938,28,9692
196.66498,28,9695
195.59949,29,9698
194.98895,29,9701
193.98267,29,9704
193.15771,29,9707
192.28735,29,9712
191.96423,29,9715
191.30988,29,9718
191.1391,29,9723
189.867,29,9726
188.60986,29,9729
188.11523,29,9732
188.1482,29,9737
187.86023,30,9740
188.04163,30,9743
188.28387,30,9748
188.96606,30,9751
188.83417,30,9754
188.5774,30,9759
189.18982,30,9762
189.93542,30,9765
189.9104,30,9768
189.87695,30,9773
189.91382,30,9774
187.80994,30,9777
186.34015,31,9782
182.55713,31,9785
179.93549,31,9788
177.10455,31,9793
174.8341,31,9796
172.8103,31,9799
170.30627,31,9802
169.48132,31,9807
166.87903,31,9810
161.87903,31,9813
162.43372,31,9818
161.34888,31,9821
161.05939,31,9824
160.68298,31,9829
158.1571,31,9832
155.7074,31,9835
153.48389,31,9838
153.7782,31,9843
152.33167,31,9846
149.49115,31,9849
146.1582,31,9852
143.47061,31,9855
138.31299,31,9858
138.43195,31,9863
135.02264,31,9866
132.61905,31,9869
131.14612,31,9872
128.28873,31,9877
126.92914,31,9880
125.82822,31,9883
123.74625,31,9888
122.68161,31,9891
121.401764,31,9894
121.09973,31,9899
119.87738,31,9902
118.10669,31,9905
116.44052,31,9908
116.76709,31,9913
117.10193,31,9916
117.17175,31,9919
117.98706,31,9924
117.1416,31,9925
116.48724,31,9928
116.39319,31,9933
116.945465,31,9936
115.40857,31,9939
115.87158,31,9942
116.53531,31,9947
117.12955,31,9950
117.34485,31,9953
117.04358,31,9958
116.30936,31,9961
115.325195,31,9964
114.19391,31,9969
113.37698,31,9972
113.22864,31,9975
114.99182,31,9978
113.23538,31,9983
112.81085,31,9986
112.35504,31,9989
113.160034,31,9994
112.28543,31,9997
112.836365,31,10000
114.560974,31,10003
114.19595,31,10006
113.23947,31,10009
112.73236,31,10012
113.34915,31,10017
116.039185,31,10020
118.990845,31,10023
120.28607,31,10028
122.300995,31,10031
123.27911,31,10034
124.36847,31,10039
123.56381,31,10042
122.595184,31,10045
120.37558,31,10048
121.222015,31,10053
120.853485,31,10056
119.63721,31,10059
118.797485,31,10064
117.270935,31,10067
117.1983,31,10070
117.14969,31,10075
117.36563,31,10076
118.46222,31,10079
116.78473,31,10082
115.86377,31,10087
115.55969,31,10090
114.08301,31,10093
113.59543,31,10098
114.96411,31,10101
116.25571,31,10104
117.46417,31,10109
115.913574,31,10112
115.54263,31,10115
114.69006,31,10118
114.43402,31,10123
114.41519,31,10126
115.256226,31,10129
114.00336,31,10134
113.80975,31,10137
113.258514,31,10140
113.50101,31,10145
115.10196,31,10148
115.81726,31,10151
116.0213,31,10152
116.51935,31,10157
116.04306,31,10160
114.242065,31,10163
112.796265,31,10168
113.46408,31,10171
113.87781,31,10174
112.87833,31,10179
112.79907,31,10182
112.648224,31,10185
111.56738,31,10188
112.74371,31,10193
113.83777,31,10196
114.95801,31,10199
114.90851,31,10204
113.341125,31,10207
111.53699,31,10210
111.26581,31,10215
112.91089,31,10218
111.54413,31,10221
109.578125,31,10224
107.37891,31,10227
109.549774,31,10230
110.43152,31,10233
111.52521,31,10238
112.22821,31,10241
111.039795,31,10244
109.98016,31,10249
108.22275,31,10252
108.99191,31,10255
110.734375,31,10258
111.09512,31,10263
110.13461,31,10266
110.09927,31,10269
110.196075,31,10274
108.611694,31,10277
108.86911,31,10280
110.95535,31,10285
113.918396,31,10288
115.56589,31,10291
116.46768,31,10294
118.02579,31,10299
119.802765,31,10302
123.08835,31,10303
123.68817,31,10308
126.23187,31,10311
127.45709,31,10314
126.49573,31,10319
128.69348,31,10322
130.00842,31,10325
130.49176,31,10328
130.5918,31,10333
128.07932,31,10336
125.160675,31,10339
124.18182,31,10344
120.49371,31,10347
117.911255,31,10350
114.57446,31,10355
112.37305,31,10358
111.21692,31,10361
110.09747,31,10364
