14.696838,0,9
27.941315,0,12
40.221863,0,15
50.980865,0,20
60.671356,0,23
69.20502,0,26
77.20929,0,31
84.331635,0,34
90.70465,0,37
96.208466,0,42
101.777405,0,45
106.33661,0,48
109.568085,0,51
112.59778,0,56
115.90314,0,59
118.5249,0,62
121.01117,0,67
123.18207,0,70
125.0329,0,73
127.45572,0,76
128.83844,0,81
129.73425,0,82
130.95721,0,85
132.32135,0,90
133.54858,0,93
134.83322,0,96
135.89896,0,101
137.1018,0,104
137.26794,0,107
136.61371,0,112
136.76324,0,115
137.03162,0,118
136.96265,0,121
135.75775,0,126
135.27618,0,129
134.55444,0,132
135.81436,0,137
136.9624,1,140
137.13263,1,143
136.50641,1,146
136.97015,1,151
136.6243,1,154
135.42328,1,157
134.59598,1,160
133.46783,1,163
133.01758,1,166
132.36298,1,171
132.68555,1,174
133.50153,1,177
135.31085,2,182
137.36237,2,185
138.53845,2,188
137.87878,2,191
138.22766,2,196
137.81122,2,199
137.60123,2,202
136.53363,2,207
136.26852,2,210
135.15646,2,213
135.70825,2,216
136.52982,3,221
137.78897,3,224
137.44675,3,227
133.54932,3,232
130.27979,3,233
128.31952,3,236
126.865326,3,241
125.31464,3,244
125.15921,3,247
124.16666,3,250
126.2879,4,255
128.03998,4,258
130.81284,4,261
131.81244,4,266
129.2911,4,269
128.33664,4,272
127.16931,4,277
125.44183,4,280
126.33838,4,283
125.45706,4,288
126.29611,5,291
127.21811,5,294
129.36212,5,297
129.45343,5,302
128.43134,5,305
125.93866,5,308
124.34442,5,311
122.796265,5,314
122.39957,5,317
120.52139,5,322
118.02939,5,325
119.57388,5,328
123.18143,6,331
127.12875,6,336
128.92102,6,339
128.46832,6,342
127.83423,6,347
127.91797,6,350
127.93787,6,353
128.35223,6,356
129.60278,6,361
128.62976,6,364
129.45224,6,367
131.62201,7,372
134.71411,7,375
135.28912,7,378
131.61023,7,383
129.13397,7,384
130.26349,7,387
130.6654,7,392
130.85559,7,395
131.6488,7,398
132.62067,7,401
135.42249,8,406
137.81403,8,409
139.7695,8,412
140.22833,8,417
141.05496,8,420
142.4729,8,423
143.43048,8,426
143.51245,8,431
144.28104,8,434
144.31592,8,437
145.49362,9,442
146.1106,9,445
146.7248,9,448
146.3602,9,453
145.18231,9,456
144.57709,9,459
143.72818,9,462
143.3111,9,465
142.83112,9,468
142.15414,9,471
141.4768,9,476
141.94229,9,479
142.4419,10,482
143.18356,10,487
143.48282,10,490
142.909,10,493
141.0987,10,496
140.43884,10,501
139.60706,10,504
138.61975,10,507
138.20654,10,512
136.98242,11,515
136.24347,11,518
135.29031,11,523
134.58752,11,526
134.40167,11,529
133.32101,11,532
130.83835,11,535
129.01984,11,538
127.1983,11,541
126.009,11,546
125.16089,11,549
124.58426,11,552
125.29059,12,557
126.26184,12,560
126.80405,12,563
126.666565,12,566
125.34924,12,571
124.80353,12,574
124.7337,12,577
124.306305,12,582
124.12631,12,585
123.92346,12,588
124.41696,13,593
124.24484,13,596
122.28052,13,599
123.2099,13,602
122.645294,13,607
121.625885,13,610
120.90192,13,611
120.21005,13,616
120.00339,13,619
120.42261,13,622
121.60416,13,627
123.49774,14,630
125.02606,14,633
126.287415,14,638
127.11893,14,641
127.37021,14,644
127.957794,14,647
128.56815,14,652
129.01102,14,655
129.94647,14,658
130.39764,14,663
131.10468,14,666
131.84238,15,669
132.44226,15,672
132.53244,15,677
132.06879,15,680
131.8049,15,683
131.87024,15,686
131.81226,15,689
131.71777,15,692
131.64343,15,697
131.7779,15,700
132.3158,15,703
133.51825,16,706
134.47943,16,711
135.26593,16,714
135.58008,16,717
135.73785,16,722
136.2605,16,725
136.92422,16,728
137.25522,16,733
137.63245,16,736
137.71521,16,739
138.4928,17,744
138.73544,17,747
139.50006,17,750
140.12103,17,753
139.80594,17,758
139.9473,17,761
139.68628,17,762
139.48407,17,767
139.61078,17,770
139.84686,17,773
140.28247,17,778
141.30334,17,781
142.5253,18,784
143.6253,18,787
144.29132,18,792
144.33057,18,795
144.85742,18,798
145.84976,18,803
146.66638,18,806
147.06534,18,809
147.65146,18,814
147.90027,18,817
148.28168,19,820
148.45755,19,823
148.8497,19,828
148.77213,19,831
148.10431,19,834
147.67331,19,837
147.42218,19,840
147.48056,19,843
147.5274,19,846
147.55426,19,851
147.43903,19,854
147.84476,19,857
148.31259,20,862
148.54144,20,865
148.95596,20,868
149.00613,20,873
149.19202,20,876
149.5055,20,879
149.61377,20,882
149.6477,20,887
149.54764,20,890
149.11157,20,893
148.9002,21,898
148.5769,21,901
148.15228,21,904
147.64459,21,909
146.9646,21,912
146.16824,21,913
145.64377,21,918
145.11893,21,921
144.64813,21,924
144.22693,21,927
143.97656,21,932
143.7655,22,935
143.92047,22,938
143.63202,22,943
143.3841,22,946
143.17932,22,949
142.76422,22,952
142.31244,22,957
141.54614,22,960
140.51569,22,963
139.67651,22,968
138.81323,22,971
137.89618,23,974
136.79636,23,979
135.70984,23,982
134.48288,23,985
133.24884,23,988
132.05646,23,991
130.88956,23,994
129.63641,23,997
128.42474,23,1002
127.25174,23,1005
125.924194,23,1008
124.88226,24,1013
123.72003,24,1016
122.35693,24,1019
120.72754,24,1022
118.824585,24,1027
116.662964,24,1030
114.175446,24,1033
111.09601,24,1038
108.15875,24,1041
104.933014,24,1044
101.15378,24,1049
97.079285,24,1052
92.99661,24,1055
88.59888,24,1058
84.054565,24,1063
79.51544,24,1064
75.515656,24,1067
71.67694,24,1072
67.93622,24,1075
64.37259,24,1078
61.457245,24,1083
58.846466,24,1086
56.408356,24,1089
54.577698,24,1094
52.610992,24,1097
50.662292,24,1100
48.966827,24,1103
47.743713,24,1108
46.424988,24,1111
45.121735,24,1114
44.112335,24,1119
43.15564,24,1122
42.347046,24,1125
41.8143,24,1128
40.842255,24,1133
39.894653,24,1136
39.39868,24,1139
39.316803,24,1142
40.48593,24,1145
41.891815,24,1148
42.930634,24,1153
43.42581,24,1156
43.8468,24,1159
44.116516,24,1162
43.914734,24,1167
44.28305,24,1170
44.43106,24,1173
44.92801,24,1178
45.06244,24,1181
46.898285,24,1184
49.26114,25,1189
48.22937,25,1192
50.68872,25,1195
51.604584,25,1200
52.064728,25,1203
53.556335,25,1206
55.750763,25,1209
57.640747,25,1214
59.43512,25,1215
62.02011,25,1218
65.303955,26,1223
68.24872,26,1226
71.34125,26,1229
72.93399,26,1234
73.3324,26,1237
74.351746,26,1240
75.41489,26,1243
76.85846,26,1248
78.14807,26,1251
79.41046,26,1254
81.62012,26,1259
83.75989,27,1262
85.54605,27,1265
86.99829,27,1268
87.08502,27,1273
87.8425,27,1276
88.74356,27,1279
89.279755,27,1284
89.77072,27,1287
90.38547,27,1290
90.90726,27,1293
91.2009,28,1296
91.401855,28,1299
91.29733,28,1304
91.26373,28,1307
91.12338,28,1310
90.65875,28,1313
90.312164,28,1318
89.991425,28,1321
89.651855,28,1324
89.21362,28,1329
88.97266,29,1332
88.81903,29,1335
88.42755,29,1340
88.30899,29,1343
88.115204,29,1346
87.973175,29,1349
88.03073,29,1354
87.94574,29,1357
87.79312,29,1360
87.59683,29,1365
87.35391,29,1366
86.75952,30,1369
85.84161,30,1374
84.98035,30,1377
84.45648,30,1380
84.24722,30,1383
83.23102,30,1388
82.196655,30,1391
81.406525,30,1394
80.58734,30,1399
79.832184,30,1402
78.84039,31,1405
77.82425,31,1408
76.9574,31,1413
76.4039,31,1416
76.01883,31,1419
75.55023,31,1424
75.1319,31,1427
74.69272,31,1430
73.933655,31,1435
73.26865,31,1438
72.013885,32,1441
70.70209,32,1444
69.55786,32,1447
68.23193,32,1450
66.93121,32,1453
66.02927,32,1458
64.97211,32,1461
63.885986,32,1464
62.979797,32,1469
61.977905,32,1472
61.320404,32,1475
60.385956,33,1480
59.63443,33,1483
58.920227,33,1486
58.248108,33,1489
57.87372,33,1494
57.344147,33,1497
56.834045,33,1500
56.257965,33,1505
55.455505,33,1508
54.90509,33,1511
54.011658,34,1516
52.85971,34,1517
51.69519,34,1520
50.58734,34,1523
49.561615,34,1528
48.756866,34,1531
47.63968,34,1534
46.68814,34,1539
45.952393,34,1542
45.155457,34,1545
44.371826,34,1548
43.91327,35,1553
43.595703,35,1556
43.437897,35,1559
43.17508,35,1564
43.114197,35,1567
43.13147,35,1570
43.145508,35,1575
43.18631,35,1578
42.977142,35,1581
43.293945,35,1586
43.540558,35,1589
43.7005,36,1592
43.785522,36,1593
43.72711,36,1598
43.796265,36,1601
43.692047,36,1604
43.354645,36,1609
43.444885,36,1612
43.502777,36,1615
43.749084,36,1618
43.5636,36,1623
43.80594,36,1626
44.60965,37,1629
44.987457,37,1634
45.48047,37,1637
45.78067,37,1640
46.17993,37,1645
46.496338,37,1648
46.849182,37,1651
46.786957,37,1654
47.401306,37,1659
47.938538,37,1662
48.569946,38,1665
49.351685,38,1668
50.042664,38,1671
50.55487,38,1674
50.933807,38,1679
51.023926,38,1682
51.45941,38,1685
51.89331,38,1688
52.24887,38,1693
52.652588,38,1696
53.185944,38,1699
53.5549,38,1704
53.93866,39,1707
54.114838,39,1710
53.87732,39,1715
53.510803,39,1718
52.94037,39,1721
52.34317,39,1726
51.41577,39,1729
49.958344,39,1732
48.21216,39,1735
45.889893,39,1740
42.97107,39,1743
39.67569,39,1744
35.90735,39,1749
31.635834,39,1752
27.4039,39,1755
23.483948,39,1760
19.557007,39,1763
15.806305,39,1766
12.350555,39,1769
8.931763,39,1774
5.768036,39,1777
2.7789307,39,1780
0.19641113,39,1785
357.69565,39,1788
355.08606,39,1791
352.80048,39,1796
350.63647,39,1799
348.7024,39,1802
346.89496,39,1805
345.1438,39,1810
343.59253,39,1813
342.2774,40,1816
341.2633,40,1819
340.451,40,1822
339.56274,40,1825
338.46594,40,1828
337.26715,40,1833
336.20508,40,1836
335.4131,40,1839
334.76392,40,1844
334.36743,40,1847
334.22644,40,1850
334.04126,41,1855
333.71313,41,1858
333.76422,41,1861
333.58112,41,1864
333.38782,41,1869
333.2456,41,1872
333.0158,41,1875
332.6624,41,1880
332.2644,41,1883
332.03522,41,1886
331.65796,41,1891
331.42712,41,1894
331.3379,41,1895
330.87195,41,1900
330.31903,42,1903
329.8228,42,1906
329.6322,42,1909
329.84827,42,1914
329.9651,42,1917
330.19275,42,1920
330.39807,42,1925
330.6355,42,1928
330.58777,42,1931
331.33398,42,1934
331.52472,43,1939
331.8423,43,1942
332.2268,43,1945
332.26093,43,1950
332.31982,43,1953
332.28516,43,1956
332.21265,43,1961
332.05084,43,1964
331.688,43,1967
331.81372,43,1970
332.1053,44,1973
332.03864,44,1976
331.0243,44,1979
330.6006,44,1984
331.0514,44,1987
331.7163,44,1990
331.80408,44,1995
332.35632,44,1998
332.53473,44,2001
332.37964,44,2006
333.0027,44,2009
332.9878,45,2012
333.0194,45,2015
332.3949,45,2020
332.26526,45,2023
332.33582,45,2026
332.13544,45,2031
331.93982,45,2034
332.27747,45,2037
332.98523,45,2040
333.07953,45,2045
333.2638,45,2046
332.83405,45,2049
332.1405,46,2054
332.10254,46,2057
332.55664,46,2060
332.9389,46,2065
333.48987,46,2068
334.1162,46,2071
334.33557,46,2074
334.48914,46,2079
335.2824,46,2082
335.62592,46,2085
335.62946,47,2090
335.92578,47,2093
336.0448,47,2096
336.74512,47,2101
337.1361,47,2104
337.2943,47,2107
337.7459,47,2110
337.62122,47,2115
338.16113,47,2118
338.25055,47,2121
337.77686,48,2124
337.6308,48,2127
336.14417,48,2130
337.68292,48,2135
338.46796,48,2138
338.91382,48,2141
339.53687,48,2144
339.9646,48,2149
340.0161,48,2152
340.08777,48,2155
340.57947,49,2160
341.07397,49,2163
340.46863,49,2166
340.22058,49,2171
340.21747,49,2174
340.136,49,2177
340.60266,49,2180
340.28162,49,2185
339.714,49,2188
339.5813,49,2191
338.4322,50,2196
337.19507,50,2197
336.24268,50,2200
335.17078,50,2205
335.47076,50,2208
335.58704,50,2211
335.7337,50,2214
336.12775,50,2219
336.21967,50,2222
335.54407,50,2225
335.2182,50,2230
334.68292,51,2233
334.20154,51,2236
334.32208,51,2241
334.38025,51,2244
334.35107,51,2247
334.32568,51,2250
334.26807,51,2255
334.51917,51,2258
334.31763,51,2261
333.67438,51,2266
332.3711,51,2269
331.12195,52,2272
329.7906,52,2275
330.099,52,2278
330.5619,52,2281
330.6535,52,2286
330.97736,52,2289
330.9934,52,2292
330.45178,52,2295
329.98206,52,2300
330.46008,52,2303
331.12537,52,2306
330.28137,53,2311
329.8067,53,2314
329.00983,53,2317
328.63196,53,2320
328.43274,53,2325
328.6964,53,2328
328.54822,53,2331
328.34088,53,2336
328.22034,53,2339
327.9395,53,2342
326.42847,54,2347
325.11084,54,2348
323.8871,54,2351
323.35248,54,2356
323.93298,54,2359
323.9853,54,2362
323.92584,54,2365
324.30017,54,2370
324.4502,54,2373
324.08917,54,2376
324.39563,54,2381
324.09192,55,2384
323.97388,55,2387
325.49896,55,2390
325.50018,55,2395
326.02527,55,2398
326.04858,55,2401
326.73114,55,2406
326.8015,55,2409
326.54944,55,2412
325.94415,55,2417
325.23486,56,2420
324.84485,56,2423
324.77466,56,2426
324.77747,56,2429
325.01453,56,2432
325.31995,56,2435
325.73737,56,2440
326.09125,56,2443
326.46423,56,2446
326.94922,56,2451
327.7672,56,2454
327.8,57,2457
328.49988,57,2462
328.7008,57,2465
328.98242,57,2468
329.38953,57,2471
329.57782,57,2476
329.6789,57,2479
329.87964,57,2482
329.8332,57,2487
329.83478,57,2490
329.63416,57,2493
329.17847,58,2496
329.125,58,2499
328.36194,58,2502
328.86536,58,2505
329.65845,58,2510
329.61255,58,2513
329.56903,58,2516
329.62524,58,2521
329.70435,58,2524
329.9115,58,2527
330.76147,58,2530
329.65143,59,2535
327.73267,59,2538
326.4171,59,2541
326.3053,59,2546
325.43787,59,2549
324.41382,59,2552
323.66803,59,2557
323.21826,59,2560
323.21832,59,2563
321.6341,59,2568
319.37256,60,2571
317.23297,60,2574
315.14893,60,2575
315.48987,60,2580
316.0946,60,2583
315.67883,60,2586
314.94275,60,2591
314.1646,60,2594
313.3302,60,2597
312.8778,60,2602
312.9325,60,2605
311.5348,61,2608
309.188,61,2611
307.6244,61,2616
306.81482,61,2619
306.46344,61,2622
305.5067,61,2627
304.38672,61,2630
303.5304,61,2633
302.89905,61,2638
301.87866,61,2641
300.15894,62,2644
298.79346,62,2647
297.7411,62,2650
297.22223,62,2653
297.66486,62,2656
298.09155,62,2661
299.02582,62,2664
299.40924,62,2667
299.61395,62,2672
299.8224,62,2675
300.8145,62,2678
299.94153,63,2681
299.31616,63,2686
299.54022,63,2689
299.48657,63,2692
299.40796,63,2697
298.83075,63,2700
298.3333,63,2703
298.29932,63,2708
298.1046,63,2711
298.43958,63,2714
296.81927,63,2717
296.49207,64,2722
295.87634,64,2725
295.4077,64,2726
295.23718,64,2731
295.68152,64,2734
296.22913,64,2737
296.24597,64,2742
296.2329,64,2745
295.95148,64,2748
295.5739,64,2751
293.6516,64,2756
292.18127,65,2759
291.0874,65,2762
290.59387,65,2767
290.83862,65,2770
290.80078,65,2773
290.34814,65,2776
290.2409,65,2781
290.00342,65,2784
289.61023,65,2787
286.75208,65,2792
284.79724,66,2795
284.02344,66,2798
282.77185,66,2801
280.9062,66,2804
279.47064,66,2807
277.1632,66,2812
274.3432,66,2815
271.5605,66,2818
268.35895,66,2821
264.55597,66,2826
260.70032,66,2829
256.6665,66,2832
252.58911,67,2837
248.47705,67,2840
244.90436,67,2843
241.46338,67,2846
237.8847,67,2851
234.18457,67,2854
230.99347,67,2857
228.20471,67,2862
225.37915,67,2865
222.53809,67,2868
220.02783,67,2873
218.00732,67,2876
216.1029,67,2877
214.81268,67,2882
214.01324,67,2885
213.48035,67,2888
212.6806,67,2891
212.3623,67,2896
211.79956,67,2899
211.42151,67,2902
210.97949,67,2907
210.82404,67,2910
210.88513,67,2913
210.97949,67,2918
211.19147,67,2921
211.04602,67,2924
209.91766,67,2927
208.43494,68,2932
206.80884,68,2935
205.26135,68,2938
205.25568,68,2943
206.25781,68,2946
206.21722,68,2949
205.57861,68,2952
205.78363,68,2955
206.25354,68,2958
206.63495,68,2961
207.7049,68,2966
207.06482,68,2969
207.56073,69,2972
208.28711,69,2977
208.07172,69,2980
208.56512,69,2983
211.94196,69,2986
213.21484,69,2991
215.34259,69,2994
218.99487,69,2997
219.17651,69,3002
218.68005,70,3005
216.51697,70,3008
215.24316,70,3013
216.30273,70,3016
218.13611,70,3019
222.40973,70,3022
224.393,70,3027
225.56097,70,3028
227.42822,70,3031
229.95142,70,3036
233.29529,70,3039
232.33289,70,3042
232.82385,71,3047
235.76093,71,3050
235.86682,71,3053
239.98834,71,3058
245.1372,71,3061
246.75323,71,3064
249.63062,71,3067
250.74445,71,3072
253.05017,72,3075
249.07971,72,3078
247.86761,72,3083
245.10864,72,3086
243.91595,72,3089
246.1651,72,3092
250.23376,72,3097
255.09357,72,3100
256.35297,72,3103
257.39166,72,3106
259.07605,72,3109
261.0968,72,3112
259.65833,73,3117
258.6394,73,3120
258.0415,73,3123
259.21204,73,3128
263.49744,73,3131
267.21234,73,3134
267.20752,73,3137
267.6234,73,3142
266.52875,73,3145
267.3424,73,3148
265.39734,74,3153
263.7674,74,3156
262.72595,74,3159
263.93524,74,3164
266.41425,74,3167
266.3529,74,3170
265.33557,74,3173
264.9063,74,3178
264.8058,74,3179
264.17407,74,3182
262.8806,74,3187
261.50104,75,3190
259.94342,75,3193
259.66095,75,3198
261.22754,75,3201
262.555,75,3204
262.67078,75,3207
262.5976,75,3212
262.687,75,3215
262.38257,75,3218
260.81262,75,3223
258.95215,76,3226
256.9419,76,3229
256.06665,76,3234
255.96912,76,3237
256.13684,76,3240
256.2815,76,3243
256.02344,76,3248
255.87878,76,3251
255.69836,76,3254
256.1095,76,3257
256.3589,76,3260
255.17834,77,3263
254.63068,77,3268
254.26404,77,3271
254.27094,77,3274
255.54865,77,3277
256.03247,77,3282
256.58667,77,3285
257.59802,77,3288
257.9895,77,3293
258.7851,78,3296
257.65417,78,3299
257.33813,78,3304
257.26648,78,3307
257.5484,78,3310
258.45728,78,3313
258.34143,78,3318
258.73083,78,3321
259.82605,78,3324
260.4099,78,3329
261.10876,78,3330
261.71265,78,3333
261.37488,79,3336
261.28625,79,3341
261.33862,79,3344
261.76843,79,3347
263.16656,79,3352
264.266,79,3355
265.17883,79,3358
266.18335,79,3363
266.63617,79,3366
267.2187,79,3369
266.359,80,3374
265.9851,80,3377
266.18103,80,3380
266.3944,80,3383
267.48035,80,3388
267.7329,80,3391
267.40222,80,3394
268.0923,80,3399
268.51202,80,3402
268.3542,80,3405
268.23718,80,3406
267.39777,81,3411
266.63806,81,3414
266.69238,81,3417
266.30103,81,3422
267.17438,81,3425
267.8557,81,3428
268.03027,81,3433
267.84082,81,3436
267.18213,81,3439
267.53113,81,3444
265.70947,81,3447
263.97107,82,3450
262.5147,82,3453
260.48798,82,3458
259.3144,82,3461
259.3778,82,3464
258.352,82,3469
257.21948,82,3472
255.89307,82,3475
254.58899,82,3478
253.53009,82,3481
252.08746,82,3484
250.00305,83,3487
249.15198,83,3492
247.4837,83,3495
245.53632,83,3498
245.13635,83,3503
244.22961,83,3506
243.54175,83,3509
242.76587,83,3512
241.84436,83,3517
240.70953,83,3520
239.77936,83,3523
237.00372,84,3528
234.5766,84,3531
222.48743,84,3534
220.7782,84,3539
219.17029,84,3542
217.88098,84,3545
216.60962,84,3548
215.15991,84,3553
213.55432,84,3556
211.84009,84,3557
210.31445,84,3562
208.24133,85,3565
206.2785,85,3568
203.94177,85,3573
201.26227,85,3576
198.88843,85,3579
196.25409,85,3584
193.78442,85,3587
191.61902,85,3590
189.17303,85,3593
187.03589,85,3598
184.81769,85,3601
182.19373,85,3604
179.19623,85,3609
176.37714,85,3612
173.47717,85,3615
170.41455,85,3618
166.97717,85,3623
163.68054,85,3626
160.8656,85,3629
158.18909,85,3632
155.82587,85,3635
154.06165,85,3638
151.83344,85,3643
149.85165,85,3646
148.5604,85,3649
146.63943,85,3654
145.30328,85,3657
144.38141,85,3660
143.32855,85,3663
142.83487,85,3668
142.0982,85,3671
141.43793,85,3674
140.92062,85,3679
140.48077,85,3682
140.3115,85,3685
139.77829,85,3690
139.0597,85,3693
138.47668,85,3696
138.00891,85,3699
137.82281,85,3704
137.88187,85,3707
137.63965,85,3708
137.12427,85,3713
136.80945,85,3716
136.91312,85,3719
136.7089,85,3724
136.85278,85,3727
137.22565,85,3730
137.16196,85,3733
137.06781,85,3738
137.55081,85,3741
138.18518,85,3744
138.33652,85,3749
138.25482,85,3752
138.01343,85,3755
137.93927,85,3758
137.4975,85,3763
136.72998,85,3766
135.647,85,3769
135.1897,85,3774
134.65094,85,3777
133.86682,85,3780
132.97183,85,3783
132.35388,85,3786
131.9043,85,3789
131.24472,85,3794
131.30103,85,3797
130.45822,85,3800
131.25604,85,3803
132.7284,86,3808
146.76694,86,3811
147.59424,86,3814
146.90753,86,3819
143.75146,86,3822
142.67288,86,3825
142.34729,86,3828
141.28333,86,3833
140.80878,86,3836
140.54843,86,3839
140.83075,87,3844
140.78479,87,3847
138.04953,87,3850
138.4284,87,3855
137.25586,87,3858
136.11218,87,3859
135.56824,87,3864
134.46933,87,3867
133.67621,87,3870
133.39575,87,3873
134.05713,87,3878
135.47757,88,3881
137.396,88,3884
138.82101,88,3889
139.47424,88,3892
138.61041,88,3895
138.66193,88,3898
138.28632,88,3903
138.07117,88,3906
138.22406,88,3909
136.77716,89,3914
137.16266,89,3917
137.021,89,3920
137.85034,89,3925
138.62067,89,3928
137.09988,89,3931
134.63364,89,3934
133.41653,89,3937
132.67603,89,3940
131.77173,89,3943
130.83951,89,3948
130.27145,89,3951
131.26208,89,3954
134.15912,90,3959
136.33725,90,3962
136.8114,90,3965
134.71332,90,3970
134.13495,90,3973
134.27371,90,3976
133.1211,90,3979
133.45807,90,3984
131.46417,90,3987
127.284485,90,3990
127.50824,91,3995
129.65051,91,3998
130.65582,91,4001
129.15262,91,4004
126.99213,91,4009
124.07031,91,4010
122.82333,91,4013
121.289276,91,4018
121.52527,91,4021
119.8548,91,4024
122.64624,91,4029
125.61902,92,4032
129.66028,92,4035
131.54028,92,4038
127.053955,92,4043
123.62869,92,4046
123.09241,92,4049
122.43686,92,4054
122.00397,92,4057
121.48428,92,4060
122.84732,92,4065
124.83774,93,4068
126.4169,93,4071
126.690735,93,4076
124.74527,93,4079
120.11359,93,4082
118.779755,93,4085
117.54208,93,4088
115.54404,93,4091
115.37189,93,4094
114.18497,93,4099
115.140076,93,4102
118.43402,94,4105
117.01059,94,4110
120.80359,94,4113
123.61401,94,4116
125.32013,94,4119
125.8656,94,4124
125.62445,94,4127
123.86789,94,4130
124.66724,94,4135
127.13385,94,4138
129.07666,95,4141
129.82703,95,4146
130.80103,95,4149
129.39658,95,4152
128.24115,95,4155
129.34644,95,4160
129.89902,95,4161
130.044,95,4164
129.85818,95,4169
131.50711,95,4172
133.577,96,4175
135.8516,96,4178
139.68427,96,4183
140.49005,96,4186
140.04477,96,4189
140.13245,96,4194
140.51956,96,4197
141.24799,96,4200
141.37744,96,4205
140.44403,96,4208
140.71951,97,4211
140.9885,97,4216
139.95001,97,4219
139.56738,97,4222
138.82639,97,4225
138.37744,97,4230
137.25653,97,4233
135.99536,97,4236
134.65247,97,4239
133.91827,97,4242
133.022,97,4245
133.677,98,4250
134.44153,98,4253
134.73883,98,4256
134.96967,98,4259
133.3003,98,4264
132.26929,98,4267
131.85931,98,4270
131.33594,98,4275
130.78781,98,4278
129.48276,98,4281
128.56674,98,4284
128.08423,99,4289
127.3808,99,4292
126.875916,99,4295
124.71356,99,4300
123.12543,99,4303
122.10483,99,4306
121.440735,99,4311
120.652405,99,4312
120.14307,99,4315
119.65286,99,4318
120.16785,100,4323
120.634,100,4326
121.723694,100,4329
121.70447,100,4334
121.081635,100,4337
120.924866,100,4340
120.76196,100,4345
120.86243,100,4348
120.98773,100,4351
120.40582,100,4354
120.97864,101,4359
121.08499,101,4362
121.08441,101,4365
120.21344,101,4370
119.34741,101,4373
119.27759,101,4376
118.83551,101,4381
119.09436,101,4384
119.161835,101,4387
119.93094,101,4390
121.13345,102,4393
122.63449,102,4396
123.82147,102,4399
124.65277,102,4404
125.08093,102,4407
125.70465,102,4410
126.13864,102,4415
126.57999,102,4418
127.68979,102,4421
127.95645,102,4426
129.14935,103,4429
130.34698,103,4432
130.90924,103,4435
131.06656,103,4440
130.78992,103,4443
130.7923,103,4446
130.8695,103,4451
131.16751,103,4454
131.58887,103,4457
132.2649,103,4460
132.9819,103,4463
134.14774,104,4466
135.58252,104,4469
136.22632,104,4474
136.35205,104,4477
136.8758,104,4480
137.90207,104,4485
138.67828,104,4488
139.68109,104,4491
140.69617,104,4494
141.57043,105,4499
142.18103,105,4502
142.38995,105,4505
143.12952,105,4510
143.68695,105,4513
143.33563,105,4516
143.53802,105,4521
144.21939,105,4524
144.96124,105,4527
145.58255,105,4530
146.46472,106,4535
147.34418,106,4538
148.39594,106,4539
149.57413,106,4544
150.18646,106,4547
150.57379,106,4550
150.7887,106,4555
151.46017,106,4558
151.94492,106,4561
151.99567,106,4564
151.59601,106,4569
151.932,106,4572
151.93747,107,4575
151.56018,107,4580
151.6694,107,4583
151.328,107,4586
151.00302,107,4591
150.72168,107,4594
150.33746,107,4597
150.07251,107,4600
149.74832,107,4605
150.0513,107,4608
150.65527,108,4611
151.30048,108,4614
152.1211,108,4617
152.28125,108,4620
152.12799,108,4625
152.1084,108,4628
151.92609,108,4631
151.56003,108,4636
151.58374,108,4639
151.24359,108,4642
150.8169,108,4645
150.24371,109,4650
149.44568,109,4653
148.67642,109,4656
147.6325,109,4661
146.62427,109,4664
145.66165,109,4667
144.67795,109,4670
143.72763,109,4675
142.69998,109,4678
141.9455,109,4681
141.14844,110,4686
140.11093,110,4689
138.94434,110,4690
137.85065,110,4695
136.23593,110,4698
134.6438,110,4701
132.64923,110,4706
130.2092,110,4709
127.410675,110,4712
124.68753,110,4715
121.25409,110,4720
117.547424,110,4723
113.93323,110,4726
110.153564,111,4731
106.24301,111,4734
102.25992,111,4737
98.31818,111,4740
94.30005,111,4745
90.583405,111,4748
87.151794,111,4751
84.20703,111,4756
81.51572,111,4759
79.08679,111,4762
76.58746,111,4765
74.572754,111,4768
73.04538,111,4771
71.2439,111,4774
69.45032,111,4779
67.66577,111,4782
66.02939,111,4785
64.60327,111,4790
63.418915,111,4793
62.099457,111,4796
60.938416,111,4801
59.696625,111,4804
58.711426,111,4807
57.51068,111,4810
56.38443,111,4815
55.41919,111,4818
54.722748,111,4821
53.83795,111,4826
52.93283,111,4829
52.11316,111,4832
51.36612,111,4837
51.256012,111,4840
51.200745,111,4841
51.60721,112,4846
52.321228,112,4849
53.526703,112,4852
54.62793,112,4855
54.22888,112,4860
53.31888,112,4863
52.690735,112,4866
52.4451,112,4871
52.446686,112,4874
52.42511,112,4877
52.305054,112,4880
53.64792,113,4885
55.408966,113,4888
56.736786,113,4891
58.08835,113,4896
58.215363,113,4899
59.445465,113,4902
60.7565,113,4907
61.693054,113,4910
62.927216,113,4913
64.45001,113,4916
67.40549,114,4919
70.14429,114,4922
72.62915,114,4925
74.64838,114,4930
75.62384,114,4933
76.13751,114,4936
76.56641,114,4941
77.41287,114,4944
77.96619,114,4947
79.0903,114,4952
80.957886,115,4955
82.75424,115,4958
84.60855,115,4961
86.02072,115,4966
86.880615,115,4969
87.60779,115,4972
88.577545,115,4977
89.532776,115,4980
90.683716,115,4983
91.78104,115,4986
92.87976,116,4991
93.75458,116,4992
94.14322,116,4995
94.17078,116,5000
94.02417,116,5003
93.62634,116,5006
93.10846,116,5011
92.62854,116,5014
91.96817,116,5017
91.47003,116,5022
91.29004,116,5025
91.26129,116,5028
91.26779,117,5031
91.31641,117,5036
91.24341,117,5039
91.31644,117,5042
91.181335,117,5047
91.112976,117,5050
91.05896,117,5053
90.82312,117,5056
90.54251,118,5061
90.13843,118,5064
89.563965,118,5067
89.1936,118,5070
88.66586,118,5073
87.95813,118,5076
87.136536,118,5081
86.37323,118,5084
85.592255,118,5087
84.88321,118,5092
84.33298,118,5095
83.90988,118,5098
83.41913,119,5101
83.02527,119,5106
82.7648,119,5109
82.56726,119,5112
82.31372,119,5117
81.97534,119,5120
81.6402,119,5123
81.09769,119,5126
80.64642,120,5131
79.989624,120,5134
79.10541,120,5137
78.107025,120,5142
77.15585,120,5143
76.39218,120,5146
75.697754,120,5151
74.800995,120,5154
73.93768,120,5157
73.2504,120,5160
72.68561,121,5165
72.13995,121,5168
71.741,121,5171
71.23288,121,5176
70.779724,121,5179
70.265625,121,5182
70.29996,121,5187
70.09946,121,5190
69.69696,121,5193
68.918396,121,5198
68.13165,121,5201
67.16431,122,5204
66.223206,122,5207
65.04401,122,5212
63.82257,122,5215
62.582245,122,5218
61.58661,122,5221
60.53357,122,5224
59.442627,122,5227
58.361298,122,5232
57.56543,122,5235
56.779938,123,5238
56.017517,123,5241
55.476562,123,5246
54.80194,123,5249
54.794983,123,5252
54.812805,123,5257
54.82074,123,5260
54.996735,123,5263
55.082245,123,5266
54.90674,124,5271
54.713593,124,5274
54.647858,124,5277
54.691376,124,5282
54.529266,124,5285
54.16107,124,5288
53.370636,124,5293
52.93933,124,5294
52.694916,124,5297
52.417297,124,5302
52.27054,124,5305
52.49414,125,5308
52.802063,125,5311
52.64917,125,5316
52.90036,125,5319
53.513245,125,5322
53.501953,125,5327
54.07614,125,5330
54.595734,125,5333
54.945953,125,5338
55.14267,126,5341
55.523865,126,5344
56.059265,126,5347
56.56549,126,5352
56.67224,126,5355
56.728058,126,5358
56.52301,126,5363
56.605927,126,5366
56.871643,126,5369
57.04886,126,5370
57.289124,126,5375
57.479218,126,5378
57.613037,126,5381
57.91342,127,5386
58.3927,127,5389
58.451935,127,5392
57.951477,127,5397
57.127075,127,5400
56.309265,127,5403
54.7735,127,5406
52.941345,127,5411
50.37729,127,5414
47.334747,127,5417
43.746033,127,5422
39.876648,127,5425
35.803864,127,5428
31.503387,127,5433
27.352234,127,5436
23.28241,127,5439
19.194519,127,5444
15.16684,127,5445
11.478516,127,5448
7.9350586,127,5451
4.318634,127,5456
0.9423828,127,5459
357.827,127,5462
355.0598,127,5467
352.66223,127,5470
350.53296,127,5473
348.71265,127,5476
347.07397,127,5481
345.74652,127,5484
344.4214,127,5487
343.00604,127,5492
341.74554,127,5495
340.77954,127,5498
339.9995,127,5503
339.26892,127,5506
338.48975,127,5509
337.75616,127,5514
337.09558,127,5517
336.4911,127,5520
335.8634,127,5521
335.40234,127,5526
335.47888,127,5529
335.54242,127,5532
335.7926,127,5537
335.8709,127,5540
335.6125,128,5543
335.30408,128,5548
335.42944,128,5551
335.67834,128,5554
335.888,128,5557
335.4995,128,5562
335.26587,128,5565
334.76257,128,5568
334.71277,128,5573
334.77307,128,5576
334.66846,129,5579
334.1974,129,5582
333.30682,129,5587
333.26312,129,5590
333.51855,129,5593
333.69495,129,5596
334.02942,129,5599
334.31555,129,5602
335.01562,129,5607
335.54004,129,5610
335.80518,130,5613
336.02893,130,5618
336.54504,130,5621
337.31995,130,5624
336.58606,130,5627
336.75586,130,5632
336.373,130,5635
336.24567,130,5638
335.4756,130,5643
334.70166,130,5646
334.15588,131,5649
333.34387,131,5652
332.3291,131,5657
331.76672,131,5660
332.00385,131,5663
332.3404,131,5668
332.85767,131,5671
333.19788,131,5672
333.74805,131,5677
334.23682,131,5680
334.27118,131,5683
334.3316,132,5688
334.56653,132,5691
336.64807,132,5694
336.8401,132,5697
336.89117,132,5702
336.5105,132,5705
336.08765,132,5708
335.4944,132,5713
335.1399,132,5716
335.11914,132,5719
334.6775,132,5722
333.8236,133,5727
333.20044,133,5730
332.9663,133,5733
333.51367,133,5738
333.65338,133,5741
333.40698,133,5744
333.9768,133,5747
334.67834,133,5750
335.2193,133,5753
335.50958,134,5758
335.84412,134,5761
335.8944,134,5764
336.61523,134,5767
338.27167,134,5772
339.41913,134,5775
339.65375,134,5778
339.0807,134,5783
338.87683,134,5786
339.1078,134,5789
339.28845,134,5792
338.91162,135,5797
338.35706,135,5800
336.32935,135,5803
336.26392,135,5808
337.26636,135,5811
338.7157,135,5814
339.485,135,5819
339.72595,135,5822
340.12585,135,5823
339.8573,135,5828
340.3186,135,5831
339.69684,136,5834
339.38513,136,5837
339.78912,136,5842
339.0901,136,5845
338.85242,136,5848
338.31586,136,5853
337.6355,136,5856
336.98816,136,5859
336.17487,136,5862
335.31024,136,5867
334.33557,137,5870
333.28693,137,5873
332.33325,137,5878
332.9652,137,5881
333.39948,137,5884
333.8645,137,5889
334.4403,137,5892
334.10687,137,5895
333.95496,137,5898
334.51306,137,5901
334.59448,137,5904
333.16602,138,5907
334.53125,138,5912
334.68506,138,5915
334.68762,138,5918
334.14203,138,5923
333.48456,138,5926
332.7539,138,5929
332.79437,138,5934
332.50128,139,5937
331.62408,139,5940
330.351,139,5943
328.53046,139,5948
327.36115,139,5951
327.9696,139,5954
328.09174,139,5959
328.61908,139,5962
329.36255,139,5965
329.0437,139,5970
329.47534,139,5973
329.74872,139,5974
329.53583,139,5977
329.2953,140,5982
327.77527,140,5985
327.06287,140,5988
328.1499,140,5993
328.3098,140,5996
328.18335,140,5999
327.6457,140,6002
327.55658,140,6007
327.20892,140,6010
326.71155,141,6013
325.59363,141,6018
324.11945,141,6021
323.65143,141,6024
324.09308,141,6029
324.2862,141,6032
324.95966,141,6035
325.55347,141,6040
325.99304,142,6043
326.50452,142,6046
326.9109,142,6049
327.2035,142,6052
327.26404,142,6055
327.4154,142,6058
328.47375,142,6063
329.15234,142,6066
329.29663,142,6069
329.9121,142,6072
330.1828,142,6077
330.36194,143,6080
330.64978,143,6083
330.74976,143,6088
330.6823,143,6091
331.2151,143,6094
331.5514,143,6099
332.06384,143,6102
332.7633,143,6105
333.5056,143,6108
334.07324,144,6113
334.97217,144,6116
335.28613,144,6119
334.64124,144,6124
333.94287,144,6125
333.24475,144,6128
333.98438,144,6133
334.2019,144,6136
333.83545,144,6139
333.47314,144,6142
333.48938,144,6147
333.20874,145,6150
332.05072,145,6153
330.74585,145,6158
328.99255,145,6161
328.31628,145,6164
327.8197,145,6169
327.1897,145,6172
326.74817,145,6175
326.47723,145,6178
326.05713,145,6183
326.23877,145,6186
324.84692,145,6189
323.93262,146,6194
322.48926,146,6197
321.3379,146,6200
320.6994,146,6203
321.15808,146,6206
320.536,146,6209
319.59705,146,6214
318.1657,146,6217
316.6277,146,6220
315.292,146,6223
313.1806,147,6228
310.98615,147,6231
308.85278,147,6234
308.16284,147,6239
307.90936,147,6242
307.5111,147,6245
306.50714,147,6248
305.39417,147,6253
304.25854,147,6256
303.3169,148,6259
301.7307,148,6264
300.82916,148,6267
299.53656,148,6270
299.26855,148,6275
298.90796,148,6276
299.00293,148,6279
298.3805,148,6284
297.98767,148,6287
297.56494,148,6290
297.95612,148,6293
296.95758,149,6298
296.25513,149,6301
295.49524,149,6304
295.96393,149,6309
296.93738,149,6312
297.85327,149,6315
298.19263,149,6320
298.7146,149,6323
299.1803,149,6326
299.4552,149,6329
299.41833,149,6333
299.08447,149,6334
297.58435,150,6338
296.67188,150,6345
296.94824,150,6348
297.82178,150,6351
297.67596,150,6354
297.5429,150,6357
297.4926,150,6360
297.34863,150,6363
296.95892,150,6368
295.7921,150,6371
294.6527,151,6374
293.72827,151,6379
293.06342,151,6382
293.47876,151,6385
294.78125,151,6388
294.99658,151,6393
294.7782,151,6396
294.17035,151,6399
292.7594,151,6404
291.22162,151,6407
289.42468,151,6410
285.79358,152,6415
281.29028,152,6418
276.79907,152,6421
272.37946,152,6424
268.12036,152,6427
264.4099,152,6430
260.82965,152,6433
257.58856,152,6438
254.31812,152,6441
251.29926,152,6444
248.85992,152,6449
246.4596,152,6452
244.08344,152,6455
241.91681,152,6458
239.72632,152,6463
237.35156,152,6466
235.54675,152,6469
233.8349,152,6474
232.61047,152,6477
231.75763,152,6480
230.5763,152,6485
229.77075,152,6488
229.30762,152,6491
228.43475,152,6496
227.75824,152,6499
227.10925,152,6502
227.20605,152,6503
226.92365,152,6508
226.44647,152,6511
225.78711,152,6514
224.67743,152,6519
223.22351,152,6522
220.63672,153,6525
217.47449,153,6528
216.45691,153,6533
215.9884,153,6536
217.30444,153,6539
217.94946,153,6544
217.54315,153,6547
217.2912,153,6550
217.34174,154,6555
217.4986,154,6558
217.07745,154,6561
218.76746,154,6566
219.41895,154,6569
219.33331,154,6572
220.15204,154,6575
225.30951,154,6578
228.32898,154,6581
229.2088,154,6584
230.08545,154,6589
230.98724,155,6592
230.77734,155,6595
226.6933,155,6600
222.44171,155,6603
222.99744,155,6606
224.50739,155,6609
229.48718,155,6614
232.07776,155,6617
234.71234,155,6620
235.4624,155,6625
235.30316,156,6628
235.36877,156,6631
235.7904,156,6636
235.74579,156,6639
235.86096,156,6642
242.70404,156,6645
245.91602,156,6650
247.21301,156,6653
248.55426,156,6654
250.98633,156,6659
253.26257,156,6662
250.84503,157,6665
246.82416,157,6668
244.30212,157,6673
243.57068,157,6676
244.40222,157,6679
248.12384,157,6684
252.25769,157,6687
255.83588,157,6690
256.46204,158,6695
255.73798,158,6698
254.3595,158,6701
255.72058,158,6706
255.95044,158,6709
255.05713,158,6712
256.01904,158,6715
259.01355,158,6720
261.55695,158,6723
262.57916,158,6726
262.7928,158,6729
263.62537,158,6732
262.46246,159,6735
259.50647,159,6740
257.89062,159,6743
256.89722,159,6746
257.6797,159,6749
260.19653,159,6754
260.55103,159,6757
261.3393,159,6760
261.0459,159,6765
260.27313,159,6768
259.4037,160,6771
259.05115,160,6774
258.57605,160,6779
259.14026,160,6782
261.33142,160,6785
261.61255,160,6790
262.18286,160,6793
262.9536,160,6796
262.9535,160,6801
261.54895,161,6804
260.0846,161,6805
258.43433,161,6808
259.32983,161,6813
258.44183,161,6816
258.22986,161,6819
258.88434,161,6824
258.84033,161,6827
259.0218,161,6830
259.03918,161,6835
258.18622,161,6838
257.50793,162,6841
258.04883,162,6846
257.79156,162,6849
257.6778,162,6852
258.713,162,6855
259.505,162,6860
260.1328,162,6863
260.34613,162,6866
261.09924,162,6871
260.58063,163,6874
260.05768,163,6877
259.6198,163,6880
259.55542,163,6883
259.2235,163,6886
259.6411,163,6889
260.7439,163,6894
261.02417,163,6897
261.66174,163,6900
262.12018,163,6905
263.2641,163,6908
262.6184,163,6911
262.40015,164,6914
263.20044,164,6919
263.71954,164,6922
264.6328,164,6925
265.89087,164,6930
266.901,164,6933
267.73865,164,6936
268.59088,164,6941
268.80115,164,6944
268.42084,165,6947
267.53284,165,6950
267.05957,165,6955
266.76404,165,6956
266.6513,165,6959
267.83136,165,6964
268.43323,165,6967
268.99573,165,6970
269.16113,165,6975
269.65228,165,6978
269.31653,165,6981
268.8166,166,6984
268.89856,166,6989
268.99506,166,6992
269.37384,166,6995
270.28723,166,7000
271.38806,166,7003
272.19666,166,7006
271.89575,166,7011
272.28455,166,7014
271.46143,166,7017
269.85168,167,7022
268.36072,167,7025
267.07263,167,7028
266.45172,167,7031
266.76923,167,7034
266.82764,167,7037
266.31543,167,7040
265.66602,167,7045
264.8819,167,7048
264.41895,167,7051
262.69922,168,7056
261.2657,168,7059
261.27368,168,7062
260.8606,168,7065
260.58203,168,7070
260.5656,168,7073
260.0846,168,7076
259.88098,168,7081
259.1308,168,7084
258.48468,168,7087
257.75024,168,7090
255.44592,169,7095
252.23682,169,7098
250.11578,169,7101
248.02173,169,7104
246.2356,169,7107
246.11218,169,7110
245.14093,169,7115
243.98785,169,7118
242.81293,169,7121
241.8346,169,7124
241.56671,169,7129
239.6847,169,7132
238.08337,170,7135
241.32416,170,7140
239.65955,170,7143
238.25836,170,7146
237.56696,170,7151
236.56488,170,7154
235.59875,170,7157
234.86163,170,7160
234.41528,170,7165
233.91821,170,7168
233.19934,170,7171
232.62805,170,7176
232.05548,170,7179
231.76978,170,7180
231.76422,170,7185
231.45154,170,7188
231.27734,170,7191
231.12146,170,7196
231.16443,170,7199
231.23132,170,7202
231.16125,170,7205
231.12964,170,7210
230.86658,170,7213
231.0329,170,7216
230.97357,170,7221
231.17358,170,7224
231.25061,170,7227
231.4707,170,7230
231.55585,170,7235
232.14465,170,7238
232.64825,170,7241
232.6488,170,7246
232.72437,170,7249
233.03851,170,7252
233.43127,170,7255
233.27124,170,7258
233.07935,170,7261
233.07874,170,7266
232.82642,170,7269
232.7796,170,7272
232.66724,170,7275
232.67322,170,7280
232.70984,170,7283
232.81238,170,7286
232.84277,170,7291
232.62878,170,7294
232.22198,170,7297
231.67175,170,7302
231.6134,170,7305
231.99243,170,7308
232.17615,170,7311
232.67358,170,7316
233.27374,170,7319
233.81744,170,7322
234.13916,170,7327
234.49536,170,7330
234.82666,170,7331
235.2279,170,7334
235.59235,170,7339
235.69458,170,7342
