12.730225,0,5
23.265686,0,9
31.635101,0,10
37.965668,0,17
43.14557,0,20
46.775665,0,23
49.49823,0,28
52.021423,0,31
53.85382,0,34
55.153473,0,39
56.364624,0,42
57.56656,0,45
58.129517,0,48
58.18268,0,51
58.066925,0,54
58.697845,0,57
59.00595,0,62
58.690918,0,65
58.316864,0,68
58.452362,0,73
58.89633,0,76
59.37503,0,79
60.398468,0,82
60.042755,0,87
60.032288,0,90
60.00592,0,93
59.834106,0,98
58.147522,0,101
57.03247,0,104
57.838715,0,109
57.070465,0,112
56.33728,0,115
55.90268,0,118
56.24649,0,123
56.901794,0,126
57.935333,0,127
58.832916,0,132
61.146027,0,135
64.303375,0,138
67.3114,1,143
69.67966,1,146
72.057495,1,149
75.66806,1,152
76.38638,1,157
76.03726,1,160
76.22156,1,163
77.82831,1,168
79.94916,1,171
81.80704,1,174
85.588165,2,179
88.59738,2,182
91.11719,2,185
93.566284,2,188
93.28418,2,193
93.24051,2,196
94.68149,2,199
95.839294,2,202
96.76001,2,205
97.171875,2,208
97.95996,3,213
98.60126,3,216
98.50174,3,219
98.126526,3,222
97.10541,3,227
96.305695,3,230
95.448456,3,233
94.78516,3,238
94.5379,3,241
94.28131,4,244
94.29813,4,249
94.24304,4,252
93.75195,4,255
93.57666,4,258
93.09454,4,263
92.86145,4,266
92.818756,4,269
92.17993,4,274
91.62384,4,277
90.85388,4,278
90.04367,5,283
89.163666,5,286
88.32028,5,289
87.2471,5,292
86.69681,5,297
85.880615,5,300
85.08533,5,303
84.48749,5,308
84.14075,5,311
83.6745,6,314
83.320526,6,319
83.069275,6,322
83.00162,6,325
83.25812,6,328
83.19299,6,333
83.3692,6,336
82.79602,6,339
81.89142,6,344
80.39905,7,347
78.88446,7,350
77.8183,7,353
76.13681,7,356
74.92029,7,359
74.3504,7,362
73.23825,7,367
72.10248,7,370
71.35742,7,373
70.75873,7,378
69.68811,8,381
68.6319,8,384
67.826416,8,389
67.21655,8,392
66.83978,8,395
66.242035,8,398
65.440155,8,403
64.21033,8,406
63.008575,8,409
61.204315,9,414
59.39453,9,417
57.532013,9,420
55.58377,9,423
54.89099,9,428
54.257812,9,429
53.216064,9,432
52.04074,9,437
51.045135,9,440
50.38629,9,443
50.18402,10,448
50.036682,10,451
49.727844,10,454
49.181946,10,459
49.28076,10,462
48.072693,10,465
48.989563,10,468
49.453186,10,473
48.236816,10,476
47.066833,11,479
47.314514,11,484
46.75888,11,487
46.105408,11,490
46.687317,11,495
45.891388,11,498
46.32547,11,501
47.246216,11,504
47.59088,11,507
48.211334,11,510
49.64508,12,513
50.00113,12,518
50.449463,12,521
51.55368,12,524
52.262695,12,529
52.97171,12,532
53.147125,12,535
53.61908,12,538
54.0755,13,543
54.723083,13,546
55.416016,13,549
55.04651,13,554
55.25412,13,557
55.175385,13,560
54.662292,13,563
54.764618,13,568
54.902527,13,571
55.151855,13,574
55.70627,14,579
56.618164,14,580
57.643066,14,583
57.851288,14,588
58.61032,14,591
58.84671,14,594
59.159515,14,599
59.904327,14,602
60.03772,14,605
59.78357,14,608
59.944763,15,613
60.026764,15,616
59.95038,15,619
59.047943,15,624
58.41165,15,627
57.669434,15,630
56.931946,15,635
56.257996,15,638
55.71469,15,641
55.38968,15,644
55.97107,16,649
55.39151,16,652
51.99649,16,655
52.749176,16,658
53.550507,16,661
53.641083,16,664
54.12433,16,669
54.098267,16,672
53.69873,16,675
53.61841,17,678
54.055023,17,683
53.290527,17,686
53.092316,17,689
52.797943,17,694
51.79541,17,697
51.367706,17,700
51.127106,17,703
51.635437,17,708
51.79718,17,711
52.701996,18,714
52.37787,18,719
53.34134,18,722
53.82776,18,725
54.17227,18,730
54.345184,18,731
54.3338,18,734
54.524292,18,739
54.01483,18,742
54.307617,18,745
55.542664,19,748
54.198975,19,753
54.431885,19,756
54.846558,19,759
53.53055,19,764
53.047546,19,767
53.517822,19,770
54.077087,19,775
55.44284,19,778
57.07184,20,781
57.31482,20,784
57.49646,20,789
57.41327,20,792
56.833313,20,795
56.99536,20,800
57.67325,20,803
57.55597,20,806
57.759674,20,809
58.222595,21,812
58.198425,21,815
57.318756,21,818
57.784912,21,823
57.355408,21,826
56.005615,21,829
55.679382,21,834
55.526276,21,837
55.44748,21,840
56.414825,22,845
57.602844,22,848
57.237793,22,851
57.454407,22,854
56.325897,22,859
55.74225,22,862
55.179565,22,865
55.170776,22,870
54.92099,22,873
54.85089,22,876
56.14908,23,881
56.77951,23,884
56.805267,23,885
57.854736,23,888
56.262238,23,893
54.108368,23,896
53.7334,23,899
54.299377,23,904
54.788757,23,907
54.61371,23,910
56.06064,24,915
54.81656,24,918
54.39267,24,921
55.8685,24,924
55.565887,24,929
55.62628,24,932
55.52005,24,935
55.470184,24,940
55.472443,25,943
56.21991,25,946
55.692657,25,951
55.451538,25,954
55.93521,25,957
55.11783,25,960
53.136047,25,963
51.738068,25,966
50.43631,25,969
50.34201,25,974
50.21701,25,977
51.505585,26,980
52.5054,26,983
50.944244,26,988
51.843933,26,991
51.94336,26,994
51.106964,26,999
51.905396,26,1002
51.891205,26,1005
51.525177,26,1010
52.615967,27,1013
53.57733,27,1016
53.596466,27,1021
53.888275,27,1024
52.429504,27,1027
49.66031,27,1030
48.23877,27,1035
46.9881,27,1036
46.267426,27,1039
46.1192,27,1044
46.53311,27,1047
48.543213,28,1050
46.993744,28,1055
47.11789,28,1058
48.31247,28,1061
48.29602,28,1064
47.65332,28,1069
48.3743,28,1072
48.553192,28,1075
48.20102,28,1080
48.285034,28,1083
49.4252,29,1086
50.713898,29,1091
49.28961,29,1094
48.10083,29,1097
46.871216,29,1100
45.072754,29,1105
43.606415,29,1108
42.722076,29,1111
42.805237,29,1114
43.292145,29,1117
43.766632,29,1120
45.399567,30,1125
48.449036,30,1128
51.57538,30,1131
52.16745,30,1134
50.72159,30,1139
51.302246,30,1142
51.56317,30,1145
50.252197,30,1150
48.73343,30,1153
48.326477,30,1156
45.42868,30,1161
43.430054,30,1164
44.036377,30,1167
44.49582,30,1170
43.725555,30,1175
43.625885,30,1178
42.975677,30,1181
42.924683,30,1186
42.80255,30,1187
42.18692,30,1190
42.241364,30,1195
42.012787,30,1198
41.943817,30,1201
41.07553,30,1204
42.130554,30,1209
42.539856,30,1212
42.71756,30,1215
42.61435,30,1220
42.800476,30,1223
42.97171,30,1226
42.450043,30,1231
42.00461,30,1234
41.859314,30,1237
42.631836,30,1240
43.03128,30,1245
43.042297,30,1248
43.42566,30,1251
44.174835,30,1256
44.370483,30,1259
43.83844,30,1262
43.166626,30,1265
42.926453,30,1268
42.93625,30,1271
42.843903,30,1274
42.67975,30,1279
42.44226,30,1282
42.353027,30,1285
41.782562,30,1290
41.856598,30,1293
41.883545,30,1296
42.21353,30,1301
42.059967,30,1304
42.387512,30,1307
42.267395,30,1310
41.829132,30,1315
41.5726,30,1318
41.907837,30,1321
42.051697,30,1326
42.12961,30,1329
42.017914,30,1332
42.31485,30,1337
