14.252258,0,5
27.83429,0,8
40.003845,0,11
51.100983,0,14
60.877472,0,19
69.32773,0,22
77.1543,0,25
84.17047,0,30
90.48755,0,33
96.66638,0,36
101.86786,0,39
106.40442,0,42
110.346375,0,45
113.21475,0,48
116.204956,0,53
119.48755,0,56
122.52948,0,59
125.20819,0,64
127.530914,0,67
129.58337,0,70
131.1222,0,73
133.05377,0,78
134.62317,0,81
135.90216,0,84
136.87189,0,89
137.92163,0,92
139.03918,0,95
139.81549,0,100
140.62286,0,103
141.09698,0,106
141.36246,0,111
141.63599,0,112
141.78394,0,115
141.57758,0,118
141.61755,0,123
141.58533,0,126
141.81128,0,129
141.89539,0,134
142.14041,0,137
142.43298,0,140
143.01288,0,143
142.54184,0,148
142.76724,0,151
142.94067,0,154
142.52795,0,159
141.66772,0,162
140.8255,0,165
140.91736,0,170
141.29654,0,173
141.84149,1,176
141.75659,1,181
142.12854,1,184
142.3653,1,187
142.34149,1,188
141.34247,1,193
139.81744,1,196
138.9794,1,199
139.35767,1,204
139.23544,1,207
139.8797,1,210
140.68826,2,215
144.60486,2,218
149.8006,2,221
150.26999,2,224
150.77594,2,229
151.2182,2,232
151.71558,2,235
155.04773,2,240
155.75415,2,243
156.0326,2,246
157.19232,3,249
159.28638,3,254
159.83899,3,257
160.50903,3,260
161.5174,3,263
161.29169,3,266
161.70264,3,269
160.75122,3,274
164.21198,3,277
165.07446,4,280
166.37677,4,283
168.09167,4,288
168.27948,4,291
167.0343,4,294
165.94073,4,299
163.75342,4,302
164.83063,4,305
163.66943,4,310
162.70166,5,313
161.12347,5,316
159.44012,5,321
156.31201,5,324
151.74634,5,327
147.12378,5,330
147.13971,5,335
146.51276,5,338
145.31683,5,339
145.25452,5,344
145.87073,6,347
149.79608,6,350
149.65277,6,355
147.18277,6,358
146.00732,6,361
144.95084,6,364
144.27899,6,369
144.18689,6,372
144.70074,6,375
144.12164,7,380
138.92896,7,383
141.29504,7,386
137.5206,7,391
130.22672,7,394
127.18515,7,397
126.4028,7,400
127.15112,7,405
129.20999,8,408
130.99927,8,411
137.80917,8,414
143.4419,8,417
144.35364,8,420
143.06458,8,423
141.64429,8,428
140.38611,8,431
141.74255,8,434
142.86072,8,439
144.03201,9,442
145.6394,9,445
147.2846,9,450
147.9144,9,453
146.41534,9,456
145.62018,9,459
146.5448,9,464
147.72644,9,467
148.84131,9,470
150.01813,10,475
152.22272,10,478
156.20093,10,481
156.90454,10,486
157.38403,10,489
157.85645,10,490
157.92871,10,495
157.36652,10,498
157.7334,10,501
157.73352,10,504
157.05945,11,509
156.11676,11,512
155.4129,11,515
153.57495,11,520
151.90546,11,523
150.87048,11,526
149.79214,11,529
148.87805,11,534
148.59302,11,537
148.0401,12,540
149.79016,12,545
150.65817,12,548
149.72491,12,551
147.7862,12,556
146.58612,12,559
145.32477,12,562
144.14963,12,565
143.03485,12,568
141.58185,12,571
140.91159,13,574
140.37476,13,579
139.72522,13,582
138.97116,13,585
136.68216,13,590
134.70297,13,593
133.4299,13,596
132.34656,13,601
131.77377,13,604
131.26971,14,607
131.55774,14,610
131.23273,14,615
130.50851,14,618
129.30432,14,621
128.13708,14,626
127.455536,14,629
127.13785,14,632
127.09912,15,637
126.57898,15,640
126.24634,15,641
125.760925,15,644
125.12607,15,649
124.20288,15,652
122.946686,15,655
122.28638,15,660
122.36554,15,663
122.17413,15,666
122.77777,16,671
124.117645,16,674
125.644135,16,677
126.15625,16,680
126.157196,16,685
126.308655,16,688
126.3707,16,691
126.95987,16,696
127.47696,16,699
128.21817,17,702
129.02948,17,705
130.21298,17,710
130.49118,17,713
130.45782,17,716
130.26883,17,719
130.07199,17,722
130.03091,17,725
130.34601,17,730
130.85962,18,733
131.78159,18,736
132.87646,18,741
134.11005,18,744
134.74231,18,747
135.263,18,750
135.59448,18,755
135.91217,18,758
136.39908,18,761
136.73886,19,766
137.13031,19,769
137.51276,19,772
137.77911,19,775
138.00787,19,780
137.57831,19,783
137.29715,19,786
137.31335,19,791
137.50757,19,792
138.07281,19,795
138.75049,19,800
139.53256,20,803
140.7883,20,806
142.47784,20,809
143.0784,20,814
143.55688,20,817
143.87405,20,820
144.74243,20,825
145.44919,20,828
146.19263,20,831
146.88138,21,836
147.06458,21,839
146.93393,21,842
147.68665,21,845
147.55945,21,850
147.42804,21,853
147.26361,21,856
147.5799,21,861
147.8042,21,864
148.11264,21,867
148.86499,22,870
149.46991,22,873
150.40015,22,876
150.78577,22,881
151.00555,22,884
150.92792,22,887
151.09952,22,890
151.4844,22,895
151.84122,22,898
151.8393,23,901
151.54108,23,906
151.268,23,909
151.42294,23,912
151.23236,23,915
150.45807,23,920
150.08865,23,923
149.78275,23,926
149.51935,23,931
149.44373,23,934
149.37442,24,937
149.86804,24,942
150.19727,24,943
149.97235,24,946
149.35129,24,951
148.6626,24,954
147.64389,24,957
146.58936,24,960
145.23218,24,965
143.62115,25,968
141.87695,25,971
139.8451,25,976
137.57751,25,979
134.91583,25,982
132.14648,25,985
129.41266,25,990
126.66388,25,993
123.73944,25,996
121.0224,26,1001
118.515625,26,1004
116.451965,26,1007
113.8519,26,1012
110.92911,26,1015
107.92029,26,1018
105.01898,26,1021
102.17743,26,1024
99.54059,26,1027
96.95911,26,1030
94.72293,27,1035
92.23163,27,1038
89.69104,27,1041
87.27728,27,1046
84.83276,27,1049
82.03912,27,1052
79.43317,27,1057
77.60852,27,1060
75.86548,28,1063
74.846375,28,1066
74.08472,28,1071
73.644165,28,1074
73.95035,28,1077
72.66525,28,1082
71.010315,28,1085
69.9505,28,1088
70.11594,28,1091
70.831055,28,1094
70.76224,29,1097
71.73749,29,1100
72.9671,29,1105
74.30081,29,1108
76.3772,29,1111
76.457275,29,1116
75.63422,29,1119
75.41324,29,1122
75.81061,29,1125
76.92319,30,1130
78.4953,30,1133
80.68463,30,1136
84.53235,30,1141
87.27438,30,1144
88.522095,30,1147
89.117065,30,1152
89.83304,30,1155
90.84375,30,1158
92.21573,30,1161
93.68475,31,1166
94.743744,31,1169
95.594604,31,1170
96.22934,31,1175
96.72803,31,1178
96.95871,31,1181
97.046814,31,1186
96.84256,31,1189
96.853424,31,1192
96.947174,31,1197
97.05469,32,1200
97.06015,32,1203
97.15692,32,1206
97.105896,32,1211
96.68097,32,1214
95.93695,32,1217
95.61557,32,1222
95.26483,32,1225
94.891785,32,1228
94.58719,32,1233
94.01233,33,1236
93.303955,33,1239
92.5932,33,1242
91.878784,33,1245
91.23044,33,1248
90.666016,33,1251
90.0596,33,1256
89.503296,33,1259
89.13617,33,1262
88.664,34,1267
88.491455,34,1270
88.30646,34,1273
88.18768,34,1276
88.1449,34,1281
88.042114,34,1284
87.951935,34,1287
87.77435,34,1292
87.59064,35,1295
87.25946,35,1298
86.82947,35,1303
86.45117,35,1306
85.52258,35,1309
84.790344,35,1312
84.17285,35,1317
83.44034,35,1320
82.890656,35,1321
82.14441,35,1326
81.52783,36,1329
80.764404,36,1332
80.130066,36,1337
79.47586,36,1340
78.84393,36,1343
78.149414,36,1346
77.571655,36,1351
76.95505,36,1354
76.26352,36,1357
75.26471,36,1362
73.93567,37,1365
72.34192,37,1368
70.81778,37,1371
69.53241,37,1376
68.40158,37,1379
67.10959,37,1382
65.83893,37,1387
64.61377,37,1390
63.576782,38,1393
62.316376,38,1396
61.167328,38,1399
59.9328,38,1402
58.868713,38,1405
57.927795,38,1410
57.121185,38,1413
56.33618,38,1416
55.451874,38,1421
54.48816,38,1424
53.550995,39,1427
52.338318,39,1432
51.21875,39,1435
50.22821,39,1438
49.250885,39,1441
48.310944,39,1446
47.504242,39,1449
46.784363,39,1452
46.098053,39,1457
45.519714,40,1460
45.227448,40,1463
44.987,40,1468
44.73712,40,1471
44.653595,40,1472
44.579773,40,1477
44.655243,40,1480
44.64807,40,1483
44.574646,40,1486
44.447815,41,1491
44.448883,41,1494
44.4859,41,1497
44.762115,41,1502
45.13806,41,1505
45.1369,41,1508
44.99716,41,1511
45.069458,41,1516
45.27948,41,1519
45.575623,41,1522
46.026764,42,1527
46.482788,42,1530
46.93387,42,1533
47.318207,42,1538
48.090942,42,1541
48.66461,42,1544
49.0336,42,1547
49.489502,42,1550
49.87372,42,1553
50.326477,42,1556
50.766205,42,1561
51.209167,43,1564
51.638,43,1567
51.97287,43,1572
52.349426,43,1575
52.62796,43,1578
52.84381,43,1583
53.091248,43,1586
53.58484,43,1589
54.16794,43,1592
54.84424,44,1597
55.156586,44,1600
55.640167,44,1603
56.106018,44,1608
56.411987,44,1611
56.89157,44,1614
57.126373,44,1617
57.34384,44,1622
57.505005,44,1623
57.57541,45,1626
57.556488,45,1631
57.55713,45,1634
57.556396,45,1637
57.284454,45,1642
56.94165,45,1645
56.4274,45,1648
56.12433,45,1651
55.987366,45,1656
56.1463,46,1659
56.19821,46,1662
55.466003,46,1667
55.433502,46,1670
55.30014,46,1673
55.332428,46,1678
55.199585,46,1681
54.98346,46,1684
54.63571,46,1687
54.62906,47,1692
54.585663,47,1695
54.624756,47,1698
54.339417,47,1701
54.06024,47,1704
53.781677,47,1707
53.42505,47,1712
53.351166,47,1715
53.29492,47,1718
53.29785,47,1721
53.656494,48,1726
53.34503,48,1729
52.01352,48,1732
52.1037,48,1737
52.15338,48,1740
52.486725,48,1743
52.58667,48,1748
52.608307,48,1751
52.57727,48,1754
52.84375,49,1757
53.222168,49,1762
52.98062,49,1765
52.961884,49,1768
52.820587,49,1773
52.641968,49,1774
52.644257,49,1777
52.205505,49,1782
52.47415,49,1785
52.528778,49,1788
52.752197,49,1791
53.227234,50,1796
52.384277,50,1799
52.789948,50,1802
52.69937,50,1807
52.640717,50,1810
52.7554,50,1813
52.855713,50,1818
52.941376,51,1821
53.178925,51,1824
53.46466,51,1827
53.171387,51,1832
52.97876,51,1835
52.885498,51,1838
52.417053,51,1843
52.188385,51,1846
52.069824,51,1849
51.84735,51,1852
51.279083,52,1855
51.84558,52,1858
51.091064,52,1863
51.018127,52,1866
51.36316,52,1869
50.997314,52,1872
50.99936,52,1877
51.25763,52,1880
51.35431,52,1883
51.043793,52,1888
51.38324,53,1891
51.89325,53,1894
52.41342,53,1897
52.325653,53,1902
51.84729,53,1905
51.4097,53,1908
51.160095,53,1913
51.60486,53,1916
52.023193,53,1919
53.36206,54,1924
54.347076,54,1925
54.929474,54,1928
55.18039,54,1933
54.872437,54,1936
54.408356,54,1939
54.546448,54,1942
54.61255,54,1947
54.380554,54,1950
54.094543,55,1953
54.30548,55,1958
55.244507,55,1961
55.18753,55,1964
55.210175,55,1969
54.38202,55,1972
53.962708,55,1975
53.477478,55,1978
53.835693,55,1983
54.20276,56,1986
54.853607,56,1989
51.489502,56,1994
52.24527,56,1997
52.868805,56,2000
52.345154,56,2003
52.197754,56,2006
52.04608,56,2009
51.926422,56,2012
51.783203,57,2017
52.18277,57,2020
52.427673,57,2023
52.181335,57,2028
52.251007,57,2031
51.89032,57,2034
51.03839,57,2037
50.18744,57,2042
49.90988,57,2045
49.60547,57,2048
50.246857,58,2053
50.494263,58,2056
48.626465,58,2059
49.186676,58,2064
48.844086,58,2067
48.609863,58,2070
48.2482,58,2073
48.007294,58,2076
47.527283,58,2079
47.025818,59,2082
47.37799,59,2087
48.110962,59,2090
50.089783,59,2093
49.20462,59,2098
48.462708,59,2101
47.292725,59,2104
46.826416,59,2109
46.921997,59,2112
46.859802,60,2115
47.262512,60,2118
46.82782,60,2123
39.975708,60,2126
40.804108,60,2129
40.580017,60,2134
40.04239,60,2137
40.050873,60,2140
39.814087,60,2143
40.2247,61,2148
40.52484,61,2149
41.6839,61,2152
42.428467,61,2157
42.87799,61,2162
42.38913,61,2167
42.04471,61,2170
41.53482,61,2173
41.5524,61,2176
41.773193,62,2181
42.16806,62,2184
41.963745,62,2187
34.160522,62,2192
35.172516,62,2195
35.69159,62,2198
36.293243,62,2203
36.826202,62,2206
37.382385,62,2209
37.387543,62,2214
37.996094,63,2217
38.26825,63,2220
38.911438,63,2223
39.033173,63,2226
38.596924,63,2229
38.14908,63,2232
36.769287,63,2237
35.693176,63,2240
34.752716,63,2243
33.693237,63,2248
33.32715,64,2251
32.42746,64,2254
29.03894,64,2257
28.204071,64,2262
26.841156,64,2265
25.54065,64,2268
25.165833,64,2273
24.27481,64,2276
23.381958,65,2279
22.933197,65,2282
23.047363,65,2287
23.311676,65,2290
22.55133,65,2293
22.04187,65,2298
21.56482,65,2299
20.627289,65,2302
19.665863,65,2307
19.312347,65,2310
18.896912,66,2313
18.83191,66,2316
17.289368,66,2321
17.265442,66,2324
17.189636,66,2327
16.634613,66,2332
16.343445,66,2335
16.28888,66,2338
15.900024,67,2343
15.806152,67,2346
16.122559,67,2349
17.248596,67,2354
17.155914,67,2357
17.243988,67,2360
17.261017,67,2363
16.185394,67,2368
15.958588,67,2371
15.467041,67,2374
15.0243225,67,2377
15.317841,68,2380
15.248962,68,2383
13.200378,68,2386
13.824371,68,2391
13.907776,68,2394
14.670288,68,2397
14.498474,68,2402
14.085449,68,2405
14.008392,69,2408
14.804657,69,2413
16.270386,69,2416
13.295776,69,2419
13.7543335,69,2422
14.057159,69,2427
13.132599,69,2430
12.648132,69,2433
12.695129,69,2438
13.093109,70,2441
14.20166,70,2444
11.8038025,70,2449
9.470032,70,2450
10.167755,70,2453
10.463623,70,2458
10.1727295,70,2461
10.5946045,70,2464
11.365601,70,2467
12.029266,71,2472
12.508484,71,2475
13.789856,71,2478
14.604889,71,2483
15.938965,71,2486
16.357605,71,2489
16.291565,71,2492
15.507019,71,2497
14.519928,71,2500
14.186066,71,2503
15.592102,72,2508
14.919495,72,2511
9.928314,72,2514
10.32663,72,2519
10.794861,72,2522
11.851044,72,2525
12.490601,72,2528
12.770935,72,2531
12.965698,72,2534
12.922363,73,2537
14.177643,73,2542
17.191803,73,2545
20.68341,73,2548
21.327942,73,2553
21.819824,73,2556
21.332214,73,2559
21.05777,73,2564
20.93747,73,2567
20.543518,74,2570
22.312775,74,2573
19.375153,74,2578
18.471283,74,2581
19.228882,74,2584
18.619934,74,2589
18.821625,74,2592
19.783325,74,2595
19.642456,75,2600
19.384521,75,2601
21.051361,75,2604
22.335938,75,2607
25.41922,75,2612
26.957672,75,2615
27.442932,75,2618
27.665985,75,2623
27.494202,75,2626
27.963348,75,2629
28.134094,75,2632
28.419037,76,2637
29.584625,76,2640
30.40567,76,2643
30.37677,76,2648
30.49585,76,2651
29.871246,76,2654
29.67981,76,2659
30.024628,76,2662
30.226318,76,2665
31.40979,77,2670
32.524933,77,2673
33.828735,77,2676
35.942047,77,2677
40.88806,77,2682
39.518494,77,2685
38.67154,77,2688
37.35846,77,2693
36.483826,77,2696
36.487427,77,2699
36.273804,78,2702
36.36798,78,2707
34.993256,78,2710
34.948334,78,2713
34.47986,78,2718
34.332397,78,2721
34.266907,78,2724
34.25653,78,2729
33.651337,79,2732
34.645355,79,2735
34.8497,79,2738
35.870667,79,2743
37.158447,79,2746
35.77646,79,2749
34.551544,79,2752
33.09726,79,2755
31.31726,79,2758
29.77594,79,2763
27.669342,80,2766
26.941711,80,2769
25.665161,80,2772
19.00241,80,2777
18.57251,80,2780
17.122711,80,2783
15.946747,80,2788
14.705383,80,2791
13.747223,80,2794
12.475464,80,2799
11.751495,80,2802
11.075775,81,2805
10.704651,81,2808
7.81015,81,2813
6.931671,81,2816
5.4953003,81,2819
3.4458618,81,2824
1.6854553,81,2827
359.8412,81,2828
357.49384,81,2833
357.00586,82,2836
355.5675,82,2839
353.70654,82,2844
352.48608,82,2847
351.04767,82,2850
350.07013,82,2853
349.164,82,2858
347.83862,82,2861
346.46545,82,2864
344.9298,83,2869
343.9615,83,2872
340.8993,83,2875
339.30432,83,2880
338.2085,83,2883
336.49097,83,2886
334.92175,83,2889
333.26794,83,2894
332.17334,84,2897
330.36536,84,2900
329.79565,84,2903
328.26703,84,2906
325.20892,84,2909
324.29187,84,2912
323.58667,84,2917
323.4709,84,2920
322.8725,84,2923
321.67755,84,2928
320.6859,84,2931
319.98376,85,2934
319.32452,85,2939
317.09027,85,2942
314.8459,85,2947
313.52844,85,2952
312.75323,85,2955
311.9275,85,2958
310.94202,85,2963
309.17053,86,2966
308.16724,86,2969
305.7223,86,2974
304.46277,86,2977
303.5548,86,2978
303.27686,86,2983
303.75262,86,2986
303.60718,86,2989
303.2813,86,2992
302.83313,86,2997
301.98877,86,3000
300.25897,87,3003
297.23987,87,3008
294.09796,87,3011
293.5631,87,3014
293.55798,87,3017
293.36377,87,3022
292.6753,87,3025
291.64746,87,3028
289.6665,88,3033
289.30182,88,3036
288.37933,88,3039
287.3629,88,3044
287.36725,88,3047
287.599,88,3050
288.30115,88,3053
288.51404,88,3056
288.5702,88,3059
287.8147,88,3062
286.53247,89,3067
284.84662,89,3070
282.47607,89,3073
279.01105,89,3078
278.27844,89,3081
278.4088,89,3084
278.2702,89,3089
277.1532,89,3092
275.76996,89,3095
275.30457,89,3098
274.89752,90,3103
273.9928,90,3106
272.08765,90,3109
272.0326,90,3114
272.16736,90,3117
272.16565,90,3120
271.9043,90,3123
271.24597,91,3128
270.3955,91,3129
270.1053,91,3132
267.97095,91,3137
265.29565,91,3140
263.52557,91,3143
262.89392,91,3148
262.3872,91,3151
262.06665,91,3154
260.76367,91,3159
259.6905,91,3162
259.10266,92,3165
257.3593,92,3168
257.6537,92,3173
254.73999,92,3176
254.05359,92,3179
254.4596,92,3184
254.3888,92,3187
254.00793,92,3190
253.60632,92,3193
252.53857,93,3198
251.09808,93,3201
249.19489,93,3204
246.02563,93,3207
245.07288,93,3210
244.25562,93,3213
245.14099,93,3218
246.11182,93,3221
246.22278,93,3224
244.99701,93,3227
242.94312,94,3232
242.36151,94,3235
242.99377,94,3238
242.31873,94,3243
242.44891,94,3246
243.51086,94,3249
243.92761,94,3254
243.72363,94,3257
244.2522,95,3260
244.60559,95,3263
243.35132,95,3268
240.86523,95,3271
240.74805,95,3274
241.92456,95,3279
243.1615,95,3280
244.1496,95,3283
244.24268,95,3288
244.35168,95,3291
245.52399,95,3294
246.36115,96,3297
246.31812,96,3302
246.51855,96,3305
246.86658,96,3308
248.10547,96,3313
250.07233,96,3316
252.05927,96,3319
252.4754,96,3324
253.31165,97,3327
254.6195,97,3330
253.90009,97,3333
251.61902,97,3338
251.37134,97,3341
252.01721,97,3344
254.02429,97,3349
255.08105,97,3352
255.63245,97,3355
255.88818,97,3358
256.9024,98,3361
255.92175,98,3364
255.94415,98,3369
256.2597,98,3372
256.45215,98,3375
256.5299,98,3378
257.21857,98,3383
257.91577,98,3386
257.74487,98,3389
256.46716,99,3394
253.53711,99,3397
251.66638,99,3400
249.0774,99,3403
247.04181,99,3408
245.63806,99,3411
245.13623,99,3414
243.91205,99,3419
242.16345,99,3422
241.1803,100,3425
238.47205,100,3430
235.61365,100,3431
233.98706,100,3434
232.19781,100,3439
231.07544,100,3442
230.7846,100,3445
229.64087,100,3448
227.58936,100,3453
225.71582,100,3456
222.93176,101,3459
218.99182,101,3464
215.50256,101,3467
212.32904,101,3470
208.81458,101,3473
206.72583,101,3478
204.70117,101,3481
202.76147,101,3484
200.48529,102,3489
198.68677,102,3492
196.02856,102,3495
195.82788,102,3500
194.28381,102,3503
192.68024,102,3504
191.23792,102,3509
188.23645,102,3512
184.8454,102,3515
181.99188,102,3518
180.14905,103,3523
178.92651,103,3526
176.19482,103,3529
175.67664,103,3534
173.48718,103,3537
170.96667,103,3540
168.54333,103,3543
165.95422,103,3548
164.08911,103,3551
161.70636,103,3554
160.01807,104,3559
159.72778,104,3562
161.36548,104,3565
159.75745,104,3570
157.0127,104,3573
155.27283,104,3576
153.88208,104,3579
152.53345,104,3582
151.5604,105,3585
150.32648,105,3588
149.0777,105,3593
148.09436,105,3596
148.37476,105,3599
146.32526,105,3604
145.25299,105,3607
145.13086,105,3610
145.16516,105,3613
144.21588,106,3618
143.76242,106,3621
143.89038,106,3624
148.28723,106,3629
150.18121,106,3632
150.79126,106,3635
150.35437,106,3640
150.10803,106,3643
149.8139,106,3646
149.48926,107,3649
150.02441,107,3654
150.41452,107,3655
149.74173,107,3658
154.4964,107,3663
154.09961,107,3666
153.83374,107,3669
153.90771,107,3674
154.77478,107,3677
155.68982,107,3680
158.14343,108,3685
158.9851,108,3688
161.44348,108,3691
165.77979,108,3694
167.6358,108,3699
169.55469,108,3702
171.164,108,3705
172.7976,108,3710
174.46082,109,3713
175.8197,109,3716
177.02185,109,3719
181.6449,109,3724
182.84723,109,3727
184.06079,109,3730
185.95575,109,3733
188.48608,109,3736
190.29425,109,3739
191.72388,109,3744
193.46826,110,3747
194.98517,110,3750
196.74756,110,3753
200.47028,110,3758
202.6518,110,3761
204.74908,110,3764
206.91095,110,3769
208.94849,110,3772
210.88354,110,3775
211.74084,110,3780
212.54993,111,3783
213.74353,111,3786
213.23328,111,3789
214.7406,111,3794
216.54053,111,3797
219.03955,111,3800
220.75867,111,3805
222.36938,111,3806
224.08148,111,3809
224.26099,112,3814
226.01862,112,3817
227.72925,112,3820
229.4281,112,3825
231.60309,112,3828
234.1737,112,3831
236.52374,112,3834
237.74402,112,3839
239.3114,113,3842
239.21674,113,3845
239.65845,113,3850
239.31238,113,3853
240.18225,113,3856
241.53253,113,3861
243.09204,113,3864
244.42163,113,3867
244.79236,113,3870
244.75623,114,3875
245.4057,114,3878
245.91382,114,3881
246.91449,114,3884
247.42218,114,3887
248.26453,114,3890
249.22412,114,3893
250.26068,114,3898
250.73328,114,3901
251.31665,114,3904
250.90466,115,3909
250.77838,115,3912
249.65991,115,3915
249.58484,115,3920
250.21631,115,3923
250.46832,115,3926
250.78503,115,3929
250.5456,115,3934
250.4115,115,3937
250.28442,116,3940
250.21307,116,3945
250.03534,116,3948
250.24835,116,3951
250.95306,116,3956
251.5393,116,3957
252.38452,116,3960
252.80511,116,3965
252.97333,116,3968
252.8573,116,3971
252.46661,117,3974
251.24536,117,3979
250.26233,117,3982
250.41583,117,3985
250.84094,117,3990
251.38953,117,3993
252.02222,117,3996
252.12341,117,4001
252.04602,118,4004
251.78247,118,4007
251.39111,118,4010
251.77466,118,4015
252.3396,118,4018
252.89545,118,4021
253.54712,118,4026
253.65417,118,4029
253.74133,118,4032
253.49347,118,4033
253.18689,119,4038
252.82983,119,4041
251.80994,119,4044
251.49176,119,4049
251.78912,119,4052
251.82678,119,4055
251.77563,119,4060
251.8158,119,4063
251.71649,119,4066
251.02533,120,4071
251.31647,120,4074
251.48944,120,4077
251.40051,120,4080
251.69257,120,4085
252.24341,120,4088
252.93365,120,4091
253.10547,120,4096
253.17139,120,4099
252.39319,121,4102
252.2478,121,4107
251.85046,121,4108
249.60919,121,4111
249.20764,121,4114
249.36292,121,4119
249.61072,121,4122
249.92914,121,4125
249.69873,121,4130
249.693,121,4133
249.2121,121,4136
249.23572,122,4139
249.22534,122,4144
249.46643,122,4147
250.11884,122,4150
250.58862,122,4155
251.00513,122,4158
251.24573,122,4161
251.56226,123,4166
251.0722,123,4169
250.89752,123,4172
250.03967,123,4175
249.29822,123,4180
249.3424,123,4183
249.37311,123,4184
249.67749,123,4189
249.91132,123,4192
249.927,123,4195
249.95715,124,4200
249.78674,124,4203
249.83826,124,4206
250.17206,124,4211
250.10925,124,4214
250.52289,124,4217
251.05688,124,4220
251.42773,124,4225
251.5304,124,4228
251.6416,124,4231
251.20728,125,4236
251.14899,125,4239
249.97192,125,4242
249.20789,125,4247
249.12427,125,4250
249.15247,125,4253
249.3739,125,4256
249.39185,125,4259
249.25171,125,4262
249.13672,125,4265
248.49646,126,4270
248.51984,126,4273
248.56897,126,4276
248.55432,126,4281
248.83044,126,4284
249.16803,126,4287
249.51593,126,4290
249.50562,126,4295
249.72986,127,4298
249.60535,127,4301
249.30719,127,4306
248.82239,127,4309
249.14508,127,4312
249.50208,127,4315
249.93268,127,4320
250.61218,127,4323
251.52448,127,4326
252.63678,128,4331
253.26654,128,4334
254.1908,128,4335
255.81616,128,4340
257.69885,128,4343
259.7862,128,4346
262.1634,128,4351
264.70227,128,4354
267.20184,128,4357
269.97247,128,4360
272.70074,129,4365
275.3222,129,4368
277.88397,129,4371
279.6864,129,4376
282.71356,129,4379
285.52515,129,4382
288.64307,129,4385
291.09247,129,4390
293.47888,129,4393
296.36438,130,4396
298.73688,130,4401
300.98132,130,4404
301.04926,130,4407
302.4594,130,4410
305.2256,130,4413
307.80792,130,4416
310.65344,130,4421
313.40576,130,4424
315.43274,130,4427
317.3706,131,4430
318.88263,131,4435
320.00378,131,4438
312.55444,131,4441
314.84155,131,4446
316.91956,131,4449
318.6692,131,4452
320.11603,131,4455
321.7494,131,4460
323.0857,132,4463
324.2296,132,4466
323.80975,132,4471
322.03235,132,4474
323.339,132,4477
324.57227,132,4482
325.91168,132,4485
327.10364,132,4486
328.30737,132,4491
329.2019,132,4494
330.83783,133,4497
331.9087,133,4500
334.1941,133,4505
333.08246,133,4508
333.9217,133,4511
334.65375,133,4516
335.2356,133,4519
335.458,133,4522
335.79633,133,4527
335.2339,134,4530
336.15503,134,4533
336.64502,134,4536
334.70355,134,4541
335.9021,134,4544
336.49475,134,4547
337.2472,134,4552
338.0741,134,4555
338.18848,134,4558
338.9447,134,4561
339.52942,134,4564
340.57556,135,4567
341.919,135,4570
341.89746,135,4575
342.8708,135,4578
342.5824,135,4581
342.39886,135,4586
341.7461,135,4589
341.18604,135,4592
341.07294,136,4597
341.3059,136,4600
340.38147,136,4603
337.9167,136,4606
337.44055,136,4611
337.17993,136,4614
337.78015,136,4617
337.68652,136,4622
337.57947,136,4625
337.5592,137,4628
337.82703,137,4633
338.08105,137,4636
338.19012,137,4637
338.48108,137,4640
338.41077,137,4645
337.8891,137,4648
337.26587,137,4651
336.3587,137,4656
335.72522,137,4659
334.33167,137,4662
333.95398,138,4667
331.98157,138,4670
329.1585,138,4673
329.17065,138,4676
329.19275,138,4681
329.58783,138,4684
330.1443,138,4687
330.33752,139,4692
330.71277,139,4695
330.61145,139,4698
330.5327,139,4703
329.19128,139,4706
329.98853,139,4709
331.24133,139,4712
331.09985,139,4715
330.76953,139,4718
329.9674,139,4721
329.67078,139,4726
328.67133,139,4729
328.42188,140,4732
325.57312,140,4737
323.73267,140,4740
324.3208,140,4743
324.37628,140,4746
324.51758,140,4751
324.747,140,4754
324.39453,140,4757
324.42334,141,4762
324.3178,141,4765
324.22272,141,4768
320.64758,141,4771
320.95453,141,4776
321.37805,141,4779
321.51062,141,4782
320.92572,141,4787
320.60358,141,4788
320.0896,141,4791
320.03137,142,4796
319.71985,142,4799
319.63953,142,4802
318.42065,142,4805
318.72424,142,4810
318.72998,142,4813
319.1634,142,4816
319.8175,142,4821
320.19507,142,4824
320.8911,142,4827
321.05597,143,4832
321.3568,143,4835
321.02734,143,4838
320.52844,143,4841
321.3473,143,4846
321.91663,143,4849
322.5713,143,4852
322.8593,143,4857
323.34204,144,4860
323.5031,144,4863
324.12262,144,4866
324.52808,144,4869
323.68152,144,4872
324.97028,144,4877
325.6546,144,4880
326.63025,144,4883
327.6612,144,4886
328.10974,144,4891
328.73364,145,4894
328.92932,145,4897
329.07263,145,4902
327.42596,145,4905
327.60522,145,4908
328.15247,145,4911
328.18347,145,4916
328.35187,145,4919
328.4862,145,4922
328.59497,146,4927
328.12268,146,4930
328.1446,146,4933
326.16565,146,4938
324.16705,146,4939
323.90253,146,4942
324.26392,146,4947
324.81866,146,4950
325.26892,146,4953
325.60388,146,4956
325.3282,146,4961
324.4569,147,4964
323.68713,147,4967
319.5202,147,4972
318.76074,147,4975
318.75378,147,4978
318.51343,147,4981
318.0797,147,4986
316.95642,147,4989
316.1056,147,4992
314.9286,148,4997
314.3186,148,5000
312.70416,148,5003
312.25214,148,5008
312.10944,148,5011
311.7511,148,5014
311.7926,148,5017
311.6577,148,5020
310.9372,148,5023
310.1162,148,5026
309.10425,149,5031
308.5008,149,5034
306.76025,149,5037
306.50037,149,5042
306.3142,149,5045
305.81238,149,5048
305.55273,149,5051
304.70325,149,5056
304.31592,150,5059
303.38843,150,5062
302.6338,150,5067
301.114,150,5070
300.95465,150,5073
300.99658,150,5078
301.26917,150,5081
301.37384,150,5084
301.2583,150,5089
301.19104,150,5090
301.214,151,5093
300.28882,151,5096
297.9746,151,5101
294.2016,151,5104
294.07294,151,5107
294.55847,151,5112
294.58398,151,5115
294.37573,151,5118
293.8994,152,5123
292.65234,152,5126
291.79504,152,5129
290.66602,152,5132
289.06183,152,5137
288.8004,152,5140
288.29382,152,5143
287.6902,152,5148
286.4276,152,5151
285.06207,152,5154
282.04865,153,5159
279.99512,153,5162
277.62415,153,5165
274.73718,153,5166
272.7661,153,5171
271.328,153,5174
269.56818,153,5177
268.02637,153,5182
266.0896,153,5185
264.07574,153,5188
262.8954,154,5191
260.84534,154,5196
257.5918,154,5199
254.02722,154,5202
252.78967,154,5207
251.74402,154,5210
249.91602,154,5213
247.89911,154,5218
245.71454,154,5221
243.6018,155,5224
240.60791,155,5227
237.22235,155,5232
233.57684,155,5235
230.59491,155,5238
228.48206,155,5241
225.70575,155,5244
223.97485,155,5247
222.6131,155,5252
220.96204,156,5255
219.69128,156,5258
217.6247,156,5261
217.1695,156,5266
216.77863,156,5269
215.57733,156,5272
214.60388,156,5277
213.54047,156,5280
212.4588,156,5283
212.0976,157,5288
210.57184,157,5291
208.85974,157,5294
206.56091,157,5297
206.39703,157,5302
206.13544,157,5305
206.607,157,5308
206.20038,157,5313
206.72284,157,5316
207.15479,157,5317
208.32062,158,5322
209.9115,158,5325
208.54974,158,5328
208.18689,158,5331
209.26788,158,5336
211.82202,158,5339
216.0299,158,5342
217.88672,158,5347
217.96802,158,5350
220.10748,158,5353
221.28632,159,5358
221.03192,159,5361
216.69385,159,5364
213.74896,159,5367
216.8703,159,5372
223.9544,159,5375
229.1648,159,5378
231.32251,159,5383
231.42047,159,5386
234.40186,160,5389
232.3924,160,5392
231.9624,160,5395
232.36285,160,5398
233.92761,160,5403
237.27386,160,5406
241.26111,160,5409
244.8186,160,5412
245.79382,160,5417
247.36664,160,5420
245.69116,161,5423
244.61627,161,5428
242.02063,161,5431
242.00116,161,5434
243.00116,161,5439
244.36371,161,5442
246.005,161,5445
247.27063,161,5448
248.45032,161,5453
247.83203,162,5456
249.40381,162,5459
249.76678,162,5464
250.8855,162,5467
252.45068,162,5468
254.1239,162,5473
255.98047,162,5476
257.53772,162,5479
257.81653,162,5482
256.9641,163,5487
257.24084,163,5490
254.38086,163,5493
253.96057,163,5498
255.16052,163,5501
256.2577,163,5504
256.80725,163,5509
256.70215,163,5512
257.03174,163,5515
256.865,164,5518
257.09888,164,5523
257.15527,164,5526
256.86823,164,5529
257.78662,164,5534
258.7567,164,5537
259.39905,164,5540
259.41113,164,5543
259.6925,164,5546
259.4676,165,5549
258.82556,165,5552
258.20142,165,5557
258.2173,165,5560
258.27466,165,5563
258.3789,165,5568
258.8141,165,5571
259.05402,165,5574
259.0042,166,5579
258.3728,166,5582
258.8418,166,5585
258.55493,166,5588
258.9229,166,5593
259.667,166,5596
260.59717,166,5599
261.39575,166,5604
261.81097,166,5607
262.45465,166,5610
262.74408,166,5613
262.9641,167,5618
262.80975,167,5619
262.0869,167,5622
262.72107,167,5627
263.5299,167,5630
264.28174,167,5633
264.90674,167,5638
265.53253,167,5641
266.54144,168,5644
266.8302,168,5649
266.7782,168,5652
266.61572,168,5655
267.77686,168,5658
269.06842,168,5663
270.36975,168,5666
270.90967,168,5669
271.64868,169,5674
271.0816,169,5677
271.0763,169,5680
270.28577,169,5683
269.74255,169,5688
269.8982,169,5691
270.40875,169,5694
270.56018,169,5697
270.3684,169,5700
270.17413,169,5703
270.19348,170,5708
269.15198,170,5711
268.54907,170,5714
267.28955,170,5717
266.8427,170,5722
266.979,170,5725
267.1089,170,5728
266.9674,170,5733
266.38196,170,5736
265.789,170,5739
264.1548,171,5744
263.2998,171,5747
261.3576,171,5750
260.28845,171,5755
259.615,171,5758
259.31195,171,5761
259.0614,171,5764
258.17078,171,5769
257.4054,171,5770
256.75122,171,5773
255.34772,172,5778
254.63458,172,5781
253.9159,172,5784
253.81183,172,5789
253.93103,172,5792
254.219,172,5795
254.38678,172,5798
254.2309,172,5803
254.26245,172,5806
253.2735,172,5809
252.41138,173,5814
251.43768,173,5817
250.97668,173,5820
250.84033,173,5823
251.25647,173,5828
251.6416,173,5831
252.06488,173,5834
252.42786,173,5839
252.51208,173,5842
252.22394,173,5845
252.10992,174,5848
252.5105,174,5851
253.08112,174,5854
253.51923,174,5857
254.14038,174,5862
254.59668,174,5865
255.25757,174,5868
255.91388,174,5873
256.40186,174,5876
256.64062,174,5879
258.85016,174,5884
260.8307,174,5887
262.07355,174,5890
263.74695,174,5893
265.04712,174,5898
266.58417,174,5901
267.6222,174,5904
267.7636,174,5909
268.45508,174,5912
269.22815,174,5915
270.7522,174,5920
272.07416,174,5921
271.66608,174,5924
271.9112,174,5929
272.2738,174,5932
273.00757,174,5935
273.36316,174,5938
275.04785,174,5943
275.76367,174,5946
276.1217,174,5949
