13.980682,0,3
26.983826,0,6
38.332275,0,9
48.615997,0,12
58.30832,0,17
66.57352,0,20
74.02673,0,23
80.32355,0,28
86.118256,0,31
91.29727,0,34
95.94977,0,37
100.20679,0,42
104.15344,0,45
107.38022,0,48
109.84308,0,53
112.52591,0,56
115.067505,0,59
117.555756,0,62
119.37103,0,65
120.94748,0,68
122.27542,0,71
123.60239,0,76
124.77069,0,79
125.948975,0,82
127.42026,0,87
128.27606,0,90
128.64331,0,93
129.37543,0,98
129.59833,0,101
130.06482,0,104
130.36932,0,107
130.83878,0,112
131.23065,0,115
131.5777,0,118
131.68597,0,123
132.02649,0,126
132.4455,0,129
133.44315,0,134
134.4473,0,135
135.15103,1,138
134.83923,1,141
135.80353,1,146
136.48444,1,149
136.21863,1,152
136.14908,1,157
136.2655,1,160
136.45901,1,163
137.285,1,168
138.50623,1,171
139.86066,2,174
141.3205,2,177
142.5351,2,182
143.55035,2,185
143.98065,2,188
144.26447,2,193
144.42401,2,196
144.36572,2,199
145.02847,2,204
145.50934,3,207
145.96494,3,210
146.51758,3,211
146.89993,3,216
146.31787,3,219
145.37344,3,222
144.31744,3,227
143.66104,3,230
143.77466,3,233
144.35455,3,238
144.91205,4,241
146.6784,4,244
148.26837,4,247
147.93842,4,252
147.04684,4,255
145.4418,4,258
145.12555,4,263
145.90839,4,266
145.51587,4,269
145.37854,5,274
144.57935,5,277
144.23889,5,280
144.0238,5,283
142.75977,5,286
139.8003,5,289
138.76575,5,292
138.92862,5,297
139.1596,5,300
139.83011,6,303
141.78387,6,308
143.60205,6,311
144.19519,6,314
143.54654,6,317
141.73523,6,322
141.11829,6,325
141.57498,6,328
141.90073,6,333
140.61755,6,336
140.71576,7,339
140.28317,7,344
141.16925,7,347
140.97998,7,350
137.44992,7,353
136.99847,7,358
135.97446,7,361
134.57367,7,362
132.67694,7,367
132.26953,7,370
133.71118,8,373
138.74005,8,378
140.22809,8,381
138.92035,8,384
135.13885,8,387
133.62149,8,392
132.28638,8,395
131.33871,8,398
130.1026,8,403
130.69531,9,406
130.92511,9,409
132.33368,9,414
131.60495,9,417
127.678406,9,420
124.08884,9,423
124.576416,9,428
125.10562,9,431
124.10162,9,434
125.47858,9,437
127.631744,10,440
130.05096,10,443
132.86163,10,448
133.08075,10,451
132.2138,10,454
130.79996,10,457
132.0008,10,462
134.41904,10,465
133.38184,10,468
134.58292,11,473
136.64188,11,476
138.31006,11,479
136.57129,11,484
136.43954,11,487
137.10834,11,490
137.50107,11,493
138.98035,11,498
140.65887,12,501
142.15948,12,504
144.13336,12,509
145.52124,12,512
146.60931,12,513
145.94525,12,518
145.56143,12,521
145.94952,12,524
146.71967,12,527
146.90659,12,532
147.54538,13,535
147.85516,13,538
147.6258,13,543
146.95682,13,546
145.4997,13,549
144.88397,13,554
143.9466,13,557
143.28174,13,560
143.34088,13,563
143.69617,14,568
145.2248,14,571
145.52594,14,574
144.17084,14,579
142.79865,14,582
141.74469,14,585
140.80057,14,588
139.9519,14,591
138.74619,14,594
137.66922,14,597
137.0694,15,602
136.29956,15,605
135.3797,15,608
132.25961,15,613
130.32483,15,616
129.35425,15,619
128.3471,15,624
127.61749,15,627
127.70874,16,630
127.888855,16,633
128.48346,16,638
128.44046,16,641
127.824615,16,644
126.752594,16,649
125.83194,16,652
125.10394,16,655
124.966736,16,660
124.97894,17,663
125.056915,17,664
124.94928,17,667
124.51831,17,672
123.03912,17,675
121.042725,17,678
120.67355,17,683
120.446045,17,686
120.63971,17,689
121.362305,18,694
122.38965,18,697
123.50403,18,700
125.278625,18,703
125.521454,18,708
125.47537,18,711
125.46564,18,714
126.02954,18,719
126.71445,18,722
126.96423,19,725
127.92413,19,730
128.6893,19,733
129.10675,19,736
129.44516,19,739
129.3728,19,742
129.27155,19,745
129.52353,19,748
129.89337,19,753
130.48157,19,756
131.49368,19,759
132.75906,20,764
133.92337,20,767
134.90161,20,770
135.48535,20,773
135.70718,20,778
136.19824,20,781
136.49402,20,784
136.77307,21,789
137.20905,21,792
137.676,21,795
138.53326,21,800
139.04114,21,803
138.74323,21,806
138.36285,21,809
138.6955,21,814
139.14459,21,815
139.67343,21,818
140.81049,21,823
142.02112,22,826
143.3581,22,829
144.47626,22,834
145.13538,22,837
145.71625,22,840
146.11615,22,843
146.62161,22,848
147.68433,22,851
148.2514,23,854
148.93494,23,859
149.34912,23,862
149.7338,23,865
149.38092,23,870
148.90631,23,873
148.89267,23,876
148.8169,23,879
148.68115,23,884
149.01358,23,887
149.54233,23,890
150.06348,24,893
150.60773,24,896
151.67148,24,899
151.81781,24,904
151.83456,24,907
151.72449,24,910
151.95288,24,913
152.11041,24,918
151.99246,24,921
151.93326,25,924
152.01428,25,929
152.03955,25,932
151.90808,25,935
151.58224,25,940
151.46317,25,943
151.27039,25,946
151.11093,25,949
150.84854,25,954
150.96558,25,957
151.2598,26,960
152.19617,26,965
152.3584,26,968
152.50146,26,969
152.12146,26,974
151.77795,26,977
151.52649,26,980
151.37994,26,983
151.17746,26,988
150.58575,27,991
149.92822,27,994
149.40472,27,999
148.81525,27,1002
148.0947,27,1005
147.07947,27,1010
146.21118,27,1013
145.44467,27,1016
144.52173,27,1019
143.8216,27,1024
143.20276,27,1027
142.74759,28,1030
142.19888,28,1035
141.67322,28,1038
141.2287,28,1041
140.59784,28,1044
139.7218,28,1047
138.40646,28,1050
136.62216,28,1053
134.89893,28,1058
132.83096,28,1061
130.25272,28,1064
127.281494,28,1069
123.825806,28,1072
119.993774,28,1075
115.74475,28,1080
111.49518,28,1083
107.22778,28,1086
102.8678,28,1089
98.259705,28,1094
93.18622,28,1097
87.74118,28,1100
81.923035,28,1105
76.235504,28,1108
70.54648,28,1111
64.86481,28,1116
59.117645,28,1119
53.3042,28,1120
47.43167,28,1123
41.649994,28,1128
35.934387,28,1131
30.060577,28,1134
24.145782,28,1139
18.509674,28,1142
13.119354,28,1145
7.914459,28,1150
3.2207642,28,1153
358.8484,28,1156
354.5193,28,1159
350.9123,28,1164
347.66492,28,1167
344.96436,28,1170
342.80914,28,1175
341.01617,28,1178
339.31384,28,1181
337.8263,28,1186
336.65833,28,1189
335.7444,28,1192
334.8335,28,1195
334.05273,28,1198
333.3806,28,1201
332.76025,28,1204
332.286,28,1209
331.9792,28,1212
331.7282,28,1215
331.63977,28,1220
331.61182,28,1223
331.51868,28,1226
331.72632,28,1229
331.5631,28,1234
331.75037,29,1237
332.0251,29,1240
332.02124,29,1245
331.96887,29,1248
331.98706,29,1251
331.77332,29,1256
331.60736,29,1259
331.47705,29,1262
331.4306,29,1265
331.5348,30,1270
331.67426,30,1271
331.67358,30,1274
331.87366,30,1279
332.4474,30,1282
332.94617,30,1285
333.43518,30,1290
333.78906,30,1293
333.97992,30,1296
333.93768,30,1299
334.04388,31,1304
333.896,31,1307
333.42627,31,1310
334.07153,31,1315
334.2456,31,1318
334.21387,31,1321
333.99646,31,1326
333.9759,31,1329
333.86572,31,1332
334.09363,32,1335
333.0592,32,1340
332.82227,32,1343
333.11603,32,1346
333.6266,32,1349
334.28632,32,1352
334.8996,32,1355
334.88104,32,1360
335.0504,33,1363
335.19397,33,1366
335.1422,33,1369
335.07025,33,1374
335.21924,33,1377
335.6875,33,1380
335.12866,33,1385
334.83112,33,1388
334.20557,33,1391
333.34332,34,1396
333.04437,34,1399
332.1698,34,1402
331.29712,34,1405
331.31934,34,1410
331.48895,34,1413
331.89307,34,1416
332.04077,34,1421
332.01196,34,1422
331.69287,34,1425
331.35498,35,1430
330.6255,35,1433
330.13623,35,1436
329.13525,35,1439
328.9193,35,1444
328.40552,35,1447
327.78333,35,1450
327.28918,35,1455
326.97632,35,1458
326.25623,36,1461
325.36755,36,1466
324.83032,36,1469
324.84857,36,1472
324.79907,36,1475
324.96887,36,1480
325.0346,36,1483
324.85254,36,1486
324.48328,37,1491
323.93567,37,1494
323.3905,37,1497
323.08826,37,1500
322.3086,37,1503
322.0581,37,1506
322.00775,37,1509
321.53412,37,1514
320.80737,37,1517
319.93286,37,1520
319.02808,38,1525
317.87524,38,1528
316.3789,38,1531
315.71454,38,1536
316.2201,38,1539
316.39203,38,1542
316.47583,38,1545
316.25757,38,1550
315.87842,38,1553
316.31873,38,1556
315.90198,39,1561
315.30493,39,1564
314.78674,39,1567
315.36987,39,1572
315.65985,39,1573
316.00183,39,1576
316.28333,39,1579
316.40466,39,1584
316.40076,39,1587
316.42584,40,1590
315.63513,40,1595
315.59973,40,1598
315.89594,40,1601
317.45642,40,1606
318.77075,40,1609
319.61664,40,1612
320.14258,40,1615
321.13446,41,1620
320.9953,41,1623
320.33722,41,1626
320.52106,41,1631
321.90106,41,1634
323.5276,41,1637
323.90833,41,1642
324.2259,41,1645
325.2397,41,1648
326.25513,41,1649
326.34705,42,1654
326.19373,42,1657
325.49847,42,1660
326.6731,42,1665
328.35315,42,1668
329.69562,42,1671
331.12787,42,1676
331.9928,42,1679
333.43896,42,1682
334.4699,43,1685
334.16797,43,1690
332.6079,43,1693
332.19934,43,1696
333.6848,43,1701
333.95667,43,1704
333.8152,43,1707
334.17517,43,1712
333.75238,43,1715
332.5642,44,1718
330.5819,44,1721
328.8938,44,1724
328.74768,44,1727
328.984,44,1730
329.8487,44,1735
330.13965,44,1738
329.5617,44,1741
330.25366,44,1746
329.18225,45,1749
326.9879,45,1752
326.57556,45,1755
326.6931,45,1760
327.6996,45,1763
327.74506,45,1766
327.44452,45,1771
327.48352,45,1774
326.18073,45,1777
324.4497,46,1782
321.40814,46,1785
319.935,46,1788
320.95782,46,1791
322.65686,46,1796
324.31995,46,1799
325.99475,46,1800
325.10657,46,1805
325.05896,47,1808
324.6958,47,1811
323.034,47,1816
322.4344,47,1819
323.1015,47,1822
324.287,47,1825
324.92358,47,1830
324.48822,47,1833
324.6297,47,1836
323.0454,48,1841
322.38483,48,1844
320.98126,48,1847
321.38782,48,1852
322.66028,48,1855
324.42358,48,1858
325.8578,48,1861
326.46606,48,1866
326.83008,48,1869
327.5182,49,1872
327.39716,49,1875
326.49878,49,1878
325.67572,49,1881
327.23584,49,1886
328.45654,49,1889
328.99817,49,1892
329.3589,49,1895
329.8194,49,1900
329.50574,49,1903
329.48035,50,1906
327.9912,50,1911
327.79504,50,1914
328.69775,50,1917
329.5188,50,1922
330.17578,50,1925
330.57043,50,1928
330.56915,50,1931
329.976,51,1936
329.80206,51,1939
330.66516,51,1942
330.77325,51,1947
331.19598,51,1950
331.27332,51,1951
331.06195,51,1956
330.99945,51,1959
331.2484,51,1962
331.01807,51,1965
331.0033,52,1970
330.1167,52,1973
329.75116,52,1976
330.22815,52,1981
330.71033,52,1984
330.85376,52,1987
331.23566,52,1992
331.49194,52,1995
331.89734,53,1998
331.27087,53,2001
330.50928,53,2006
330.31274,53,2009
331.01874,53,2012
330.74768,53,2017
330.33472,53,2020
329.87262,53,2023
329.84827,53,2026
329.06274,53,2029
328.24713,54,2032
328.04315,54,2035
326.86694,54,2040
326.60645,54,2043
325.92944,54,2046
325.7907,54,2051
326.02576,54,2054
326.79773,54,2057
324.33795,54,2062
323.07355,55,2065
321.427,55,2068
319.62018,55,2071
318.6145,55,2076
317.3136,55,2079
316.32605,55,2082
315.45776,55,2087
314.45007,55,2090
314.32715,55,2093
313.49982,55,2098
313.49402,55,2101
313.58435,55,2102
313.37744,55,2105
312.87793,55,2110
313.43292,55,2113
313.66095,55,2116
314.13556,55,2121
314.35864,55,2124
314.36188,55,2127
314.40454,55,2132
314.7572,55,2135
315.61633,55,2138
316.21545,55,2141
317.09143,55,2146
317.7882,55,2149
318.51245,55,2151
318.42786,55,2155
319.51062,55,2160
320.63538,55,2163
319.6712,55,2168
319.5976,55,2171
321.00238,55,2174
