0.65948486,2.229065,9.501648,0.0,0
0.013046265,1.6448822,9.197586,71.8293633875481,1
-1.8568268,0.93618774,9.729095,76.189947398981,2
-0.8297119,1.3264465,10.497635,71.83910323730454,3
-0.049194336,2.4804535,10.83522,62.53256068181197,4
0.6068115,2.2913208,9.518402,57.117030047408505,5
0.750473,1.427002,8.833664,61.5235573262935,6
1.4328156,2.1572418,9.219131,65.55265859692734,7
0.5158386,1.7502289,10.550308,65.60849539339219,8
1.2269135,1.5730591,10.526367,65.44689994781886,9
1.5477295,1.529953,10.310883,63.61984483540796,10
0.944397,1.6999512,10.485657,64.4580729711086,11
0.647522,1.585022,9.836838,61.844425953122354,12
0.42485046,1.6712189,9.413055,62.34406112109796,13
0.35542297,1.6209412,9.678818,63.2416231101185,14
0.6116028,1.446167,9.779373,66.93924163995328,15
0.60202026,1.4964447,9.551926,63.97049991720724,16
0.3218994,1.5730591,9.420242,64.25794842842723,17
0.23092651,1.5467224,9.487274,62.53596211601864,18
0.39611816,1.6161499,9.700363,62.0172707202587,19
0.5349884,1.6712189,9.765015,63.112949176344635,20
0.6355438,1.7095184,9.472916,63.62765857181845,21
0.3290863,1.7645874,9.422638,62.31773757203673,22
-0.12580872,1.7358551,9.851196,64.60680034028563,23
-0.22636414,1.5275574,10.011612,66.44813737825103,24
0.010650635,1.632904,9.894302,63.88138643910609,25
0.24049377,1.8124695,9.86557,62.71242005322591,26
0.24049377,1.766983,9.958939,62.333433346749416,27
0.029815674,1.6783905,9.64769,65.84286650457202,28
-0.15454102,1.8388062,9.314896,63.203708730035764,29
0.058547974,1.8603516,9.240677,62.5896337425166,30
0.24768066,1.9417572,9.245468,58.05495503932924,31
0.37696838,1.8100739,9.697968,60.47362064707914,32
0.31710815,1.5874176,10.222305,64.18207868712673,33
0.20219421,1.5634766,10.188782,65.94462949301602,34
0.379364,1.7406464,9.420242,63.26275571541052,35
0.40570068,1.901062,8.874359,60.077257939354126,36
0.21417236,1.9082489,9.171249,61.171379112309296,37
0.28359985,1.7909241,9.657272,63.047666228257654,38
0.48231506,1.8052979,9.860779,64.73883472713115,39
0.513443,1.8986664,9.48967,58.97825318114239,40
0.21177673,1.9417572,9.226318,60.62551722403105,41
0.12797546,1.7717743,9.448975,61.85513568974093,42
0.4080963,1.8579559,10.1289215,61.08488159666026,43
0.8246918,1.9752808,10.291733,57.644037198482934,44
0.66667175,1.8124695,10.014008,58.04007205712778,45
0.28599548,1.6185455,9.760223,60.275189991311926,46
0.080093384,1.4317932,9.602203,64.72746929235225,47
0.16867065,1.4605255,9.630936,62.00656098364012,48
0.47273254,1.8723297,10.054703,60.88331588406401,49
0.8749695,1.877121,10.064285,58.51910737456663,50
0.7696228,1.743042,9.542343,60.22122466667965,51
0.036987305,1.422226,9.743454,63.85488530512644,52
-0.2239685,1.2426605,9.968521,67.58579417697587,53
0.013046265,1.5108032,9.86557,63.13105600783434,54
0.4847107,1.7933197,9.78656,61.785365307369254,55
1.0617065,2.063858,9.686005,58.07639500313391,56
0.86538696,1.9968262,9.820068,57.52648281267784,57
0.29078674,1.6592407,9.882324,62.56784543906426,58
-0.010894775,1.6137543,9.851196,62.23753066061327,59
0.101638794,1.6544495,10.02597,61.16973303671932,60
0.48710632,1.6783905,10.004425,63.311038322653346,61
0.7121582,1.8651428,9.82486,59.65045990868754,62
0.6139984,1.7837372,9.733887,58.73260542764289,63
0.2093811,1.6257324,9.365173,62.417888635836626,64
-0.14735413,1.5203857,9.386719,63.21796333483358,65
-0.1449585,1.5084076,9.724304,63.540020414578024,66
0.1591034,1.5993958,9.839233,65.07972263841731,67
0.6139984,1.8627472,9.855988,59.90605241761859,68
0.7815857,1.901062,9.829651,58.78966482796917,69
0.5038605,1.877121,9.547134,62.127837822542865,70
0.1926117,1.798111,9.238281,62.92281037022982,71
0.027420044,1.6999512,8.91507,63.07021951289703,72
-0.070739746,1.7071228,9.128159,68.10040111961213,73
0.14472961,1.6903687,9.822464,66.71526607669023,74
0.28359985,1.6855774,10.550308,62.81582228707074,75
0.1926117,1.632904,10.636505,66.85854295490958,76
0.020233154,1.5610809,10.301315,67.21212135767364,77
0.025024414,1.6496735,9.997253,63.76425552502954,78
0.15670776,1.6448822,9.537567,65.70292958885679,79
0.118392944,1.9178162,9.468124,60.913799018329776,80
0.40330505,2.0901947,9.66684,60.01425627444993,81
0.4487915,2.0111847,9.733887,58.438934614089014,82
0.23571777,1.9154205,9.90387,59.89401762430102,83
0.041778564,1.7167053,9.961334,65.13017041562703,84
-0.025253296,1.7741699,9.62854,65.13126324589423,85
0.2381134,1.9704895,9.559113,60.9880704953645,86
0.27401733,1.8292389,9.712341,63.08852441987267,87
-0.080322266,1.6736145,9.9661255,67.61577870743221,88
-0.073135376,1.5826263,9.791351,66.21537819171533,89
0.20698547,1.6999512,9.384323,63.284011264107605,90
0.3578186,1.8435974,9.669235,62.98012931774456,91
0.45837402,1.8555756,9.973297,62.506619623344264,92
0.38415527,1.7909241,10.037949,63.67225287690947,93
0.1878357,1.687973,9.602203,61.367193805624396,94
0.115997314,1.8292389,9.276596,64.68917925186516,95
0.43922424,2.0518951,9.480103,60.756007988124146,96
0.66667175,2.047104,9.652481,61.073406878854634,97
0.53977966,2.0734406,9.803314,60.67418232186739,98
0.2883911,1.8866882,9.743454,61.25267202381079,99
0.048965454,1.7358551,9.5351715,64.71794800864924,100
-0.051589966,1.719101,9.621353,64.36921221000674,101
0.077697754,1.608963,9.901474,65.16030521024513,102
0.20458984,1.7095184,10.006821,64.86118390573358,103
0.17106628,1.7095184,9.923019,64.43444734676953,104
0.060928345,1.6161499,9.930206,64.74018027439764,105
0.17585754,1.7286835,9.645294,65.31994039152666,106
0.14712524,1.8052979,9.606995,63.96412052052245,107
0.15431213,1.6424866,9.829651,63.43775882232459,108
0.123184204,1.6233368,9.721909,66.27983468691275,109
-0.0037078857,1.6185455,9.729095,64.6085147177673,110
-0.061172485,1.529953,10.028366,63.84940749341209,111
0.053756714,1.5323486,10.093018,63.98989765445008,112
0.17825317,1.7095184,9.638123,64.27627382597038,113
0.2716217,1.8675385,9.472916,62.44749750588863,114
0.37217712,1.8268433,9.4561615,61.30260753683275,115
0.36021423,1.8052979,9.350815,60.42566588891648,116
0.23332214,1.7406464,9.5950165,64.33161201862582,117
0.4368286,1.6783905,9.803314,60.125547376786116,118
0.35302734,1.6472778,9.985275,63.68690363267915,119
0.14233398,1.549118,10.131317,66.62807188174584,120
0.16627502,1.6209412,10.176819,64.70074276212999,121
0.17346191,1.6592407,10.02359,64.29750888409994,122
0.1303711,1.7047272,9.559113,61.1633604702237,123
0.16627502,1.7238922,9.350815,63.250802884363,124
0.34823608,1.8052979,9.434616,63.41080689585972,125
0.3075409,1.7214966,9.839233,64.83863745128338,126
0.22853088,1.6041718,10.260605,65.39546862336866,127
0.2883911,1.5610809,10.095413,64.53371048597732,128
0.2093811,1.5898132,9.369965,68.08242406171667,129
0.2596588,1.7358551,9.185608,63.4669783715939,130
0.39134216,1.7262878,9.705154,64.06593815047984,131
0.44161987,1.7574005,10.195969,66.37979450541589,132
0.46076965,1.7933197,10.047531,64.78199469249645,133
0.3075409,1.6496735,9.513611,64.97929153686145,134
0.063323975,1.6137543,9.468124,66.20470943623178,135
0.001083374,1.5347443,9.638123,66.93499326228954,136
0.28599548,1.5371399,9.664459,60.88891663918342,137
0.47991943,1.6017761,9.927811,65.21275423288165,138
0.38175964,1.5131989,10.243851,64.30331454489445,139
0.1878357,1.4653168,10.1409,66.31003095323337,140
0.08488464,1.4916534,9.80571,64.80523099605284,141
0.25726318,1.5993958,9.453766,64.54847052477372,142
0.47273254,1.7597961,9.336441,62.325988440554106,143
0.6259613,1.8819122,9.78656,62.01313162562167,144
0.62358093,1.7478333,10.294128,61.448015434073156,145
0.34106445,1.5371399,10.236664,64.63410060639818,146
0.080093384,1.4820709,9.851196,65.15340671918341,147
0.14472961,1.4940491,9.664459,66.01114187515361,148
0.34584045,1.5922089,9.573471,63.46204014482399,149
0.33148193,1.608963,9.62854,66.03047814069392,150
0.26683044,1.5419312,9.822464,64.71587846133073,151
0.27401733,1.5395355,9.906265,63.61972872219207,152
0.49189758,1.6712189,9.599808,62.93678493727166,153
0.5613251,1.7933197,9.331665,63.607577815658615,154
0.072906494,1.7047272,9.403488,64.28852718534138,155
-0.27903748,1.5682678,9.611786,66.01817013980956,156
-0.40592957,1.446167,9.956543,67.7659745672808,157
-0.26467896,1.4317932,9.942184,66.51914402486248,158
-0.070739746,1.6041718,9.638123,64.76489189881475,159
0.1591034,1.6520691,9.875137,63.397583649626576,160
0.21417236,1.5993958,10.085831,63.89763545914155,161
0.051361084,1.4916534,10.078644,66.8448757463804,162
0.036987305,1.4557343,9.896683,67.9212930690069,163
0.13755798,1.5922089,9.762619,66.06692403010511,164
0.38415527,1.7143097,9.544739,63.6683050275692,165
0.43443298,1.7957153,9.314896,61.908178938835256,166
0.24049377,1.664032,9.750641,64.33779333982469,167
0.22373962,1.5922089,10.229477,65.45494591066114,168
0.34106445,1.6544495,9.855988,65.72421928849971,169
0.21655273,1.6951599,9.523193,66.8440083123558,170
0.22853088,1.6975555,9.66684,64.41027530729686,171
0.33866882,1.6209412,9.693176,65.92471949158544,172
0.094451904,1.5514984,10.004425,68.7952226034992,173
0.17106628,1.3887024,10.306091,67.57382768555,174
0.15431213,1.4437714,10.071472,66.31027684004349,175
0.16867065,1.6760101,9.70755,65.61684188455794,176
0.30274963,1.7550049,9.616562,64.64107422954075,177
0.26922607,1.6472778,9.650085,68.10433530857406,178
0.08248901,1.5323486,9.341232,69.21010878425328,179
-0.065963745,1.5084076,9.43222,68.5962660231659,180
0.14712524,1.5826263,9.882324,66.59302618111451,181
0.42485046,1.7334595,9.939789,64.10827166295557,182
0.35542297,1.7238922,9.757828,62.82130692897426,183
-0.010894775,1.4964447,9.678818,67.16296448621705,184
-0.18087769,1.4126434,9.76741,70.61445714931043,185
-0.056381226,1.506012,9.815292,66.24022641991584,186
0.1806488,1.5586853,9.729095,68.36141679874417,187
0.12797546,1.6041718,9.889511,68.20318863643166,188
0.14952087,1.5586853,10.155258,64.94920455356754,189
0.16867065,1.5443268,10.057098,65.46927564753982,190
0.14952087,1.5898132,9.571075,66.44911409530233,191
0.18544006,1.6736145,9.252655,63.671378612695705,192
0.3578186,1.7095184,9.3220825,64.41874474186767,193
0.22613525,1.6041718,9.829651,64.74619767105642,194
0.092056274,1.4629211,10.483276,66.6992834340324,195
0.2716217,1.4605255,10.401871,63.814129566348974,196
0.31233215,1.5514984,9.714737,66.1589471687927,197
0.23332214,1.632904,9.472916,65.12462430202098,198
0.22613525,1.5898132,9.54953,63.80519567891459,199
0.26922607,1.6209412,9.827255,64.69139906334541,200
0.40330505,1.6975555,10.138504,64.96423096974156,201
0.45358276,1.6807861,10.088226,67.90636910567041,202
0.4368286,1.6736145,9.760223,64.00562758010862,203
0.21655273,1.6065674,9.384323,67.00707907878986,204
-0.034835815,1.5251617,9.140121,66.11051429738814,205
-0.046798706,1.5610809,9.556717,67.04274632663567,206
0.28599548,1.664032,10.155258,67.53642556965501,207
0.4655609,1.664032,10.095413,64.89174217208023,208
0.20219421,1.6352997,9.762619,65.37202058394801,209
-0.010894775,1.5108032,9.37236,66.23638102341313,210
-0.070739746,1.549118,9.267014,67.43651356247607,211
0.20458984,1.6831818,9.583054,67.78642415365582,212
0.3362732,1.7238922,10.270187,64.61196396329817,213
0.39372253,1.6903687,10.516785,64.01913769428691,214
0.39372253,1.6688232,9.822464,65.61343362016211,215
0.3650055,1.6975555,9.252655,65.49495715881908,216
0.3218994,1.5084076,9.269409,67.22098694321632,217
0.20219421,1.422226,9.482498,65.4615370432102,218
0.1638794,1.5251617,9.858383,65.17668400387481,219
0.39134216,1.6137543,10.109772,64.57555222483282,220
0.33866882,1.6544495,10.152863,66.70868177433033,221
0.28359985,1.6688232,10.028366,65.05929354260981,222
0.1519165,1.6281128,9.870346,66.44734507630731,223
0.13276672,1.6257324,9.774582,64.08468018956235,224
0.18544006,1.6688232,9.860779,66.80015849788431,225
0.43922424,1.7550049,9.942184,63.59633532428477,226
0.51104736,1.766983,10.10498,75.18674287406787,227
0.59724426,1.719101,10.248642,63.33031311649112,228
0.65948486,1.6376953,9.899078,60.65768741502181,229
0.6187897,1.6736145,9.585449,65.20083555277998,230
0.7696228,1.6855774,9.695572,65.95856307892285,231
1.0712891,1.7693787,9.793732,62.98348977081621,232
1.1191711,1.8412018,10.021194,63.96239248266244,233
1.1239624,1.7214966,9.942184,64.61303630299786,234
1.2005768,1.6927643,9.774582,63.61629996722872,235
1.3418274,1.7119141,9.561508,61.63986861766964,236
1.4471741,1.7502289,9.525589,61.7278892655036,237
1.4304199,1.8172607,9.659668,64.49518138886928,238
1.423233,1.8292389,9.817688,67.69590365658564,239
1.4400024,1.766983,9.551926,65.2488654430235,240
1.3083191,1.8124695,9.283768,65.78427031168248,241
1.162262,1.7861328,9.37236,68.06596330581694,242
0.9539795,1.664032,9.573471,72.51848849366738,243
0.7097626,1.4988403,9.863174,75.34707473464475,244
0.6259613,1.4198303,9.894302,74.35496926713289,245
0.63075256,1.3887024,9.815292,79.69879999072414,246
0.6044159,1.3264465,9.78656,80.48610223597318,247
0.48231506,1.1899872,9.915848,84.74194529648393,248
0.36021423,1.130127,10.081039,85.68862317582604,249
0.45358276,1.1971588,9.942184,85.91005790871785,250
0.3865509,1.1947632,9.604599,87.82481948026089,251
0.2716217,1.209137,9.724304,89.58454941802297,252
0.43443298,1.2282867,10.193573,88.17309082603984,253
0.56611633,1.2761688,10.093018,91.2014122889159,254
0.28599548,1.2163239,9.719513,92.86054037039287,255
0.10882568,1.1564636,9.697968,98.9831219423923,256
0.14952087,1.1468811,9.822464,96.87683503633293,257
0.19021606,1.2139282,9.930206,99.04981190944831,258
0.27641296,1.2594147,10.073868,101.05344790247155,259
0.32429504,1.233078,10.100204,100.1471159505567,260
0.2716217,1.3192749,9.803314,100.99998801183786,261
0.21894836,1.4102478,9.4561615,105.7888385446089,262
0.14952087,1.446167,9.53038,103.592338499992,263
-0.1449585,1.4533386,9.923019,105.0642989076431,264
-0.64056396,1.470108,9.714737,105.4290719904568,265
-0.86561584,1.5826263,9.365173,106.17352162885318,266
-0.68125916,1.5155945,9.623749,110.31624992651936,267
-0.5088806,1.4317932,10.330048,114.318064591419,268
-0.28622437,1.4389801,10.559891,118.85559148349024,269
-0.056381226,1.6257324,10.454544,117.3085672968607,270
0.010650635,1.7143097,10.136108,119.74198611321782,271
-0.17608643,1.7071228,9.822464,119.09956584064311,272
-0.39875793,1.5443268,9.559113,122.80502542764506,273
-0.5950775,1.422226,9.223923,124.29220349676696,274
-0.67648315,1.5347443,9.250259,119.25398275739875,275
-0.2311554,1.7286835,9.448975,123.01443902759765,276
0.096847534,1.8364105,9.724304,130.11110119788927,277
0.003479004,1.7502289,10.071472,128.96274149273503,278
-0.20481873,1.5730591,9.889511,131.80588969702288,279
-0.45141602,1.585022,9.425034,129.0348409696137,280
-0.5088806,1.5754547,9.448975,134.30321176325464,281
-0.55436707,1.4533386,9.690796,133.21214368485846,282
-0.5711365,1.5012207,9.920639,136.03232879315672,283
-0.42747498,1.5586853,9.932602,137.46643629242763,284
-0.2311554,1.6161499,9.300537,139.5880979543087,285
-0.501709,1.640091,9.07309,135.81302507928595,286
-0.6453552,1.5203857,9.434616,137.1920949142249,287
-0.5519867,1.6472778,9.853592,140.03833036401758,288
-0.3963623,1.7885284,10.145691,141.23228841207083,289
-0.1952362,1.7478333,9.772186,142.64848715533796,290
-0.5232544,1.8172607,9.602203,139.75389396622157,291
-0.59747314,1.7645874,9.527985,138.97904998601865,292
-0.5878906,1.7502289,9.604599,139.7402472482599,293
-0.5424042,1.8172607,9.839233,145.8369150825483,294
-0.48014832,1.8388062,9.994858,144.85131878531547,295
-0.44424438,1.925003,9.750641,141.5709291911201,296
-0.49931335,1.8986664,9.252655,145.7127559038158,297
-0.64775085,1.7765656,9.434616,142.9848056700694,298
-0.506485,1.6927643,10.1409,146.51054931962997,299
-0.2527008,1.8172607,10.641281,150.51064960704795,300
-0.077926636,1.9202118,10.406662,156.1191228402205,301
-0.12820435,1.960907,9.762619,146.6154337045247,302
-0.30537415,1.8052979,9.288559,152.5801969255618,303
-0.34129333,1.6424866,9.482498,152.32167426547682,304
-0.28382874,1.4581299,10.028366,153.3429514709338,305
-0.2311554,1.608963,10.387497,161.81399796639374,306
0.113601685,1.8340149,10.215118,161.74957562214217,307
0.23571777,1.9728851,9.393906,166.94020520265005,308
-0.17129517,1.9752808,8.986893,153.51912937038512,309
-0.37719727,1.8029022,9.358002,158.11433037980797,310
-0.24552917,1.7645874,9.791351,158.44071779948618,311
0.063323975,1.9393616,9.875137,166.06773049845097,312
0.3218994,2.0901947,9.532776,174.32146769527776,313
0.070510864,2.1093597,9.288559,165.7837585535185,314
-0.21440125,1.9680939,9.477707,166.78480473865392,315
-0.42269897,1.8531799,9.602203,155.48271313411541,316
-0.5926819,1.7885284,9.690796,159.28908193591514,317
-0.6070404,1.7957153,10.191177,156.7667886980778,318
-0.3005829,1.8603516,10.629318,165.40979203608197,319
-0.34368896,1.9178162,10.004425,162.91479223416803,320
-0.54959106,2.0183716,9.125763,165.39410992174763,321
-0.44184875,1.8675385,9.168854,160.4214726587899,322
-0.45141602,1.7382507,10.006821,162.97569020080786,323
-0.28862,1.7143097,10.296524,160.3220524252312,324
-0.28862,1.845993,9.690796,167.20421933482774,325
-0.37480164,1.9202118,9.477707,163.79579101445128,326
-0.1689148,1.8938751,9.76741,167.70416186131598,327
-0.3388977,1.8388062,9.60939,166.1053511803994,328
-0.5735321,1.7717743,9.374756,159.68878460614428,329
-0.32452393,1.8579559,9.513611,167.1820622011602,330
0.005874634,2.0111847,10.136108,175.27350044292916,331
0.2428894,1.980072,10.270187,173.22507206932897,332
-0.034835815,1.9130249,9.930206,170.13986196085588,333
-0.20002747,1.93219,9.492065,166.47150396142544,334
0.053756714,2.027954,9.336441,172.75598833751084,335
0.13993835,1.9824677,9.561508,171.71831867804585,336
-0.037231445,1.9704895,9.53038,174.57668454380448,337
-0.24552917,2.0997772,9.324478,161.7351092814801,338
0.120788574,2.2027283,9.4561615,176.36474610624376,339
0.3362732,2.118927,9.94458,171.09375251996153,340
0.12797546,1.9034576,10.248642,166.28434311778875,341
-0.22157288,1.6305084,10.066681,165.9850169076021,342
-0.29101562,1.6736145,9.760223,168.011779921155,343
0.017837524,1.9034576,9.551926,171.83889883765323,344
0.2500763,2.059082,9.39151,179.71864219628682,345
0.041778564,2.0686493,9.791351,165.51097445844655,346
-0.032440186,1.9034576,10.1839905,160.6462815051317,347
-0.13539124,1.8388062,9.961334,162.49405258129522,348
-0.1904602,1.8244476,9.453766,161.04250077888412,349
-0.13059998,1.8914795,9.240677,164.5348584637817,350
-0.025253296,2.063858,9.683609,167.43665067228326,351
0.23332214,2.0542908,9.932602,170.75707883539326,352
0.11122131,2.0901947,9.973297,168.7216278212161,353
-0.020462036,2.0255585,9.987671,164.49693725350977,354
0.041778564,2.0064087,9.817688,162.45876782404295,355
0.118392944,2.106964,9.484894,166.42119278799913,356
0.14712524,2.1476593,9.626144,173.20716331332522,357
0.14233398,2.0782318,9.987671,170.50188930762323,358
0.24768066,2.0662537,9.697968,174.36343237753835,359
0.17346191,2.0662537,9.300537,174.60272122492057,360
-0.025253296,1.9944305,9.415451,168.19007517924902,361
-0.056381226,1.9489441,9.757828,165.02784785769487,362
-0.0061035156,1.9944305,9.676422,163.55943914841217,363
0.094451904,2.059082,9.403488,167.55750403945746,364
0.048965454,2.0207672,9.496857,167.37041149771247,365
0.022628784,1.9728851,9.762619,173.4515611422066,366
-0.032440186,1.956131,9.860779,158.4258416474739,367
0.092056274,2.0447083,9.70755,163.36309853053098,368
0.25486755,2.0997772,9.441788,161.1924507519226,369
0.30274963,2.166809,9.29335,171.0935066331514,370
0.24049377,2.0327454,9.5351715,168.24329601326176,371
0.118392944,1.93219,9.82486,167.14155917938203,372
-0.020462036,1.8531799,10.136108,167.26948862253636,373
-0.0037078857,1.8675385,10.241455,169.4379234198537,374
0.1591034,2.0088043,9.82486,171.80059513678782,375
0.1303711,2.0686493,9.62854,166.84232859184377,376
-0.123413086,1.8747253,10.073868,163.51083552227834,377
-0.13059998,1.8603516,10.325256,165.88939425922194,378
0.24528503,2.087799,9.970917,170.73019521082009,379
0.58047485,2.2625885,9.60939,166.4836753585264,380
0.4272461,2.2003326,9.683609,174.81436146654258,381
0.13993835,2.035141,9.76741,165.00365532765468,382
-0.1401825,1.8723297,9.642899,169.13649351140268,383
-0.1449585,1.8699341,9.566284,164.31834146709227,384
0.053756714,1.960907,9.784164,161.74706211252763,385
0.3075409,2.083023,9.788956,173.15263108299183,386
0.2883911,2.1165314,9.583054,172.13359417958262,387
0.025024414,2.047104,9.547134,169.46286727070256,388
0.039382935,2.0494995,9.501648,167.14287057570266,389
0.13516235,2.166809,9.482498,166.44908728056944,390
0.23571777,2.2027283,9.398697,171.3142856678829,391
0.36740112,2.3487701,9.221527,166.9643430911769,392
0.26683044,2.2554016,9.415451,161.36123838669195,393
0.24049377,1.980072,9.563889,172.3076547203912,394
-0.089904785,1.9393616,9.690796,163.73994738779726,395
-0.1689148,1.9178162,9.899078,160.33669635081168,396
0.080093384,1.9992218,9.973297,168.30957616896757,397
0.12557983,2.0207672,9.901474,162.17132614301212,398
-0.018066406,1.9752808,9.820068,162.73752150444952,399
-0.113845825,1.9297943,9.954147,162.4800097123617,400
0.094451904,2.0686493,9.872742,165.875296748775,401
0.2596588,2.245819,9.681213,167.61053362817344,402
0.12557983,2.142868,9.602203,167.76743673378698,403
-0.049194336,2.1165314,9.621353,167.53701347194743,404
0.15670776,2.1716003,9.444183,168.7301928784353,405
0.104034424,2.118927,9.300537,163.71306376322408,406
0.0154418945,2.0686493,9.662064,163.6425488902329,407
0.08248901,2.0016174,10.040344,167.8528687399255,408
0.099243164,2.118927,9.882324,161.06827791281177,409
0.032211304,2.126114,9.310104,168.22619321958007,410
-0.13778687,2.162033,9.161667,159.7170206081731,411
0.0154418945,2.087799,9.638123,164.5269081235878,412
0.118392944,2.1045685,10.083435,169.52894252073327,413
0.1926117,2.1811829,10.116959,167.38967263117192,414
0.17585754,2.1117554,9.858383,169.2674828793052,415
0.005874634,2.0734406,9.381943,160.24067755145964,416
-0.17848206,2.0135803,9.178436,162.605166098713,417
-0.1329956,2.0542908,9.4609375,166.6928567320472,418
0.075302124,2.1021729,9.896683,164.55179733292331,419
0.101638794,2.0925903,10.083435,168.99297757656237,420
0.017837524,1.9776764,9.822464,172.83121604102936,421
-0.14257812,1.9537354,9.47052,164.2353819894333,422
-0.1329956,2.0423126,9.472916,162.47942231609306,423
0.048965454,2.035141,9.820068,170.21182483395114,424
0.068115234,2.0901947,10.088226,163.15266040220288,425
0.16149902,2.0925903,9.841629,168.78714299573485,426
0.034606934,2.1117554,9.384323,167.62226789316753,427
-0.080322266,2.0686493,9.427429,163.86782218943824,428
0.013046265,2.015976,9.815292,167.91031063084532,429
0.13516235,2.0566864,9.844025,172.12967365099902,430
0.12797546,2.071045,9.858383,167.11067306395523,431
0.087265015,2.083023,9.765015,167.64084600770997,432
-0.025253296,2.0542908,9.719513,161.39280752103573,433
-0.053985596,2.0566864,9.86557,170.19973539912021,434
-0.051589966,2.0231628,9.9661255,165.21121111615304,435
-0.018066406,1.93219,9.743454,171.63224463412533,436
0.020233154,2.1883698,9.439392,166.21386922593257,437
0.23571777,2.2889252,9.350815,175.19503522974406,438
0.29556274,2.3200378,9.202377,169.66539603997177,439
0.089660645,2.2554016,9.176041,161.1131385952804,440
-0.1904602,2.1716003,9.346024,160.59978157726223,441
-0.1904602,2.094986,9.714737,163.43870872464302,442
-0.010894775,2.1859741,10.028366,165.20742719135285,443
0.12557983,2.2601929,9.815292,171.82361287429075,444
0.051361084,2.221878,9.362778,162.37401883682142,445
-0.20481873,2.047104,9.544739,169.11258784930763,446
-0.24073792,1.9968262,10.052307,164.75979025352854,447
-0.106658936,2.0686493,10.088226,158.23235604866576,448
-0.034835815,2.059082,9.812897,161.6730228619247,449
0.053756714,2.0901947,9.990067,173.80912154525677,450
0.10643005,2.0973816,10.174423,172.30257305964872,451
0.008270264,2.0973816,9.800919,163.6659627787077,452
-0.032440186,2.1356964,9.331665,158.76796582299983,453
0.048965454,2.1572418,9.341232,157.91880938462717,454
0.087265015,2.2075195,9.501648,164.44566985359967,455
0.19500732,2.2865295,9.836838,160.44235937727177,456
0.113601685,2.1644135,9.968521,168.6541865333514,457
-0.075531006,2.0662537,9.934998,161.2530345298606,458
-0.039627075,2.083023,9.791351,163.00780575028526,459
0.1303711,2.205124,9.575867,171.66011180593898,460
0.113601685,2.2386475,9.578262,172.409929973023,461
0.0154418945,2.1644135,9.669235,173.22474422024882,462
-0.051589966,2.1333008,9.369965,171.966322846809,463
-0.111450195,2.1931458,9.295746,164.22002772417912,464
0.039382935,2.1524506,9.74585,165.84655531274763,465
-0.106658936,2.0231628,10.02597,161.8395155531329,466
-0.17129517,2.0183716,9.695572,159.49144678064428,467
-0.080322266,2.1452637,9.302933,171.93053265555812,468
0.041778564,2.2027283,9.393906,165.9667529817615,469
-0.018066406,2.142868,9.695572,165.53664230934746,470
-0.068344116,2.0111847,9.975693,169.19532876091316,471
-0.068344116,2.0231628,9.985275,167.05303992773867,472
-0.3173523,1.9920349,9.808105,163.3129103005097,473
-0.5232544,1.8244476,10.018799,165.45291785050145,474
-0.35565186,1.8340149,10.1839905,157.94043376353943,475
-0.14735413,2.0447083,9.987671,161.3731365762261,476
0.046569824,2.2745514,9.606995,165.58024623700882,477
0.29078674,2.5570679,9.166458,167.79971620780447,478
0.5062561,2.652832,9.159271,174.22303100895954,479
0.22853088,2.5091858,9.396301,169.7821239728873,480
-0.26228333,2.2745514,9.374756,163.55121560065146,481
-0.33410645,2.1859741,9.355606,160.0157457617128,482
-0.0084991455,2.106964,9.492065,170.25075691222023,483
-0.12820435,2.0686493,9.78656,162.47942231609306,484
-0.27424622,1.9489441,10.059494,160.0115520255624,485
-0.36283875,1.93219,10.071472,163.34180200069886,486
-0.1329956,2.094986,9.561508,163.36136366248178,487
0.17585754,2.2793427,9.47052,168.99473976536822,488
0.15670776,2.2601929,9.987671,168.94412806361842,489
0.003479004,2.3296204,9.891907,172.80781581293292,490
-0.1329956,2.3727112,9.571075,164.99968015755772,491
0.094451904,2.4325714,9.401093,170.32001503040414,492
-0.039627075,2.2027283,9.238281,168.3166795657044,493
-0.2694702,2.2170868,9.192795,156.64142740605138,494
-0.18087769,2.221878,9.448975,157.2168435228683,495
0.001083374,2.2482147,9.796127,165.79541085624257,496
0.005874634,2.276947,10.10498,162.78675350798696,497
-0.080322266,2.1859741,9.855988,168.69132910205792,498
-0.2239685,2.2314606,9.441788,156.0527060807313,499
0.013046265,2.3535614,9.45137,163.81510678942408,500
0.051361084,2.3511658,9.834442,171.00200941902992,501
0.089660645,2.3703156,9.863174,167.60709121283176,502
0.19500732,2.4565125,9.346024,168.44191791432573,503
0.041778564,2.4014435,9.3771515,160.79586264795498,504
0.020233154,2.3344116,9.506439,166.74020360337374,505
-0.051589966,2.221878,9.53038,164.6988922868887,506
-0.044403076,2.2170868,9.559113,164.08948914876183,507
-0.15693665,2.1572418,9.827255,160.8279508766757,508
-0.14257812,2.142868,9.987671,164.24840032999134,509
-0.085113525,2.1644135,9.774582,165.50168540117534,510
-0.12820435,2.1716003,9.501648,164.00315555765286,511
-0.18087769,2.1165314,9.350815,167.22170461910295,512
-0.24552917,2.0662537,9.597412,166.69993280802734,513
-0.13778687,2.2506104,9.923019,164.81048391754837,514
0.2093811,2.4277802,9.537567,165.68626443330575,515
0.2093811,2.5235443,9.087448,163.48172525603576,516
0.041778564,2.4613037,9.111389,164.3079049380405,517
-0.14974976,2.2482147,9.561508,168.1937908021575,518
-0.17129517,2.1285095,9.908661,165.2532850814403,519
-0.116241455,2.1237183,10.294128,168.93701100650327,520
0.087265015,2.166809,10.332428,168.47359633169626,521
0.15670776,2.1907501,9.64769,173.63909081605848,522
-0.118621826,2.1309052,9.188004,169.95774179682667,523
-0.26467896,2.0447083,9.56868,162.97070416271373,524
-0.14974976,2.138092,10.021194,165.76728413724044,525
0.32669067,2.4541168,9.927811,170.3389756355401,526
0.55892944,2.6001587,9.381943,175.998484042191,527
0.2093811,2.5043945,9.020416,165.3276248603667,528
-0.13539124,2.276947,9.15448,168.1463483081826,529
-0.104263306,2.1692047,9.571075,170.32504204963328,530
-0.013290405,2.1356964,9.992462,167.97473297509686,531
-0.063568115,2.142868,10.251038,163.94974347834338,532
-0.037231445,2.1285095,10.035553,163.77543705072463,533
-0.18806458,2.1548462,9.640503,172.77045467817294,534
-0.27903748,2.1165314,9.465729,163.08811511454627,535
-0.24313354,2.1117554,9.551926,162.7787075451447,536
-0.027648926,2.2075195,9.56868,170.58213036999254,537
0.017837524,2.253006,9.611786,162.75568980764174,538
0.039382935,2.2649841,9.669235,168.2405092960804,539
0.19740295,2.3056793,9.70755,167.76156277110076,540
0.1303711,2.1045685,9.199982,174.55470499505537,541
-0.1736908,2.1213226,9.077866,168.45933489670927,542
-0.015686035,2.173996,9.877533,163.79779909006726,543
0.104034424,2.1404724,10.612549,165.53468887524483,544
0.010650635,2.229065,10.382706,160.6188514654249,545
0.017837524,2.2697601,9.654877,169.68323649408384,546
-0.018066406,2.3176422,9.262222,164.81884406909248,547
-0.087509155,2.2865295,9.62854,168.6443237401899,548
-0.18327332,2.2338562,10.085831,163.6733803641463,549
-0.111450195,2.2913208,10.107376,164.67655756830277,550
-0.010894775,2.3152618,9.590225,165.51467642097668,551
-0.18806458,2.3128662,9.183212,166.05184347844153,552
-0.45381165,2.205124,9.295746,157.87125760762555,553
-0.70521545,2.0758362,9.571075,154.64205345107024,554
-0.7363281,2.047104,9.848801,158.93079753281293,555
-0.530426,2.106964,9.956543,158.87697564215324,556
-0.47297668,2.2003326,9.566284,158.63940800244185,557
-0.6860504,2.253006,9.365173,154.9474995107532,558
-0.7363281,2.1787872,9.638123,151.84464019346478,559
-0.7626648,2.087799,10.114563,157.94562470730864,560
-0.8632202,2.142868,10.349197,149.86984125911735,561
-0.7698517,2.3344116,10.167236,153.2249941039677,562
-0.54719543,2.5642548,9.676422,160.1033907491424,563
-0.6621094,2.6456604,9.453766,146.3403546658916,564
-0.8991394,2.4205933,9.563889,141.4732984671239,565
-1.0547638,2.2673645,9.690796,141.6002170422811,566
-1.0380096,2.1787872,9.499252,143.32997610996514,567
-0.7123871,2.3344116,9.295746,139.61480399396345,568
-0.46339417,2.2793427,9.068298,150.54112591112454,569
-0.7698517,2.0327454,9.219131,145.41241882563202,570
-0.98773193,1.7047272,9.544739,145.4851193591576,571
-1.0260315,1.5658722,9.578262,146.59859045803145,572
-0.82492065,1.6281128,9.70755,140.37463521837068,573
-0.4011383,1.7214966,9.999634,142.92853857168683,574
-0.14257812,1.8340149,10.12175,140.87019276341178,575
-0.30537415,1.7861328,10.028366,137.68216098717332,576
-0.46099854,1.6927643,9.987671,140.1715053924545,577
-0.3795929,1.664032,9.834442,141.15904146341163,578
-0.061172485,1.8483887,9.937393,142.71408429212676,579
0.3362732,1.9872437,10.083435,140.84130106322263,580
0.21417236,1.9393616,9.96373,133.11399386648537,581
-0.063568115,1.8316193,9.590225,128.9646812664593,582
0.001083374,1.7717743,9.425034,132.5324032586588,583
0.14233398,1.7765656,9.669235,136.86621292854525,584
0.17346191,1.7406464,9.776978,129.36710235197813,585
0.15670776,1.8172607,9.686005,129.00227462765108,586
0.113601685,1.845993,9.650085,126.90297500511262,587
0.10643005,1.7885284,9.693176,123.62731190182289,588
0.046569824,1.7214966,9.537567,124.48049815180586,589
0.0154418945,1.7550049,9.571075,125.49603799836004,590
0.13276672,1.7358551,9.623749,124.1239622771312,591
-0.025253296,1.719101,9.800919,118.86740771075436,592
0.005874634,1.7789612,10.037949,120.5338782455891,593
0.17825317,1.8507843,9.808105,119.69541788345667,594
0.14952087,1.9273987,9.300537,116.45477999023076,595
0.14233398,1.9130249,9.2981415,114.15959737248554,596
0.26683044,1.8507843,9.858383,115.25026246972068,597
0.51104736,1.7789612,10.179199,60.680165567580325,598
0.50865173,1.7574005,9.927811,112.33910607186701,599
0.5541382,1.8938751,9.669235,110.39502932840628,600
0.6642761,1.8340149,9.606995,110.47692329655473,601
0.5038605,1.6807861,9.578262,106.27018929617637,602
0.31950378,1.5826263,9.774582,105.35383062655995,603
0.38415527,1.4892578,9.812897,107.07424599545945,604
0.4152832,1.6855774,9.51123,102.42168505738684,605
0.7408905,1.8699341,9.264618,100.78993237410329,606
0.8821411,1.8962708,9.350815,96.4829585174658,607
0.80792236,1.8962708,9.405884,97.7611806093095,608
0.7001953,1.7813416,9.542343,95.14278660985009,609
0.4703369,1.7023468,9.855988,95.32508435879774,610
0.6044159,1.8340149,9.999634,93.867802027673,611
0.89172363,2.0566864,9.650085,92.3415825972553,612
0.8294678,2.0973816,9.255051,86.3998644344778,613
0.67385864,1.980072,9.362778,86.69198479509008,614
0.7049713,1.93219,9.733887,89.15585942495629,615
0.9467926,2.0375214,9.901474,84.84383805852218,616
1.023407,2.1117554,10.030762,83.97516776969078,617
1.0736847,2.197937,9.882324,83.20327443120931,618
0.88453674,2.087799,9.676422,82.09047269087415,619
0.5613251,1.877121,9.630936,84.4944807126652,620
0.4152832,1.7550049,9.788956,81.44428898406676,621
0.48710632,1.8364105,9.992462,79.80556950782979,622
0.7001953,1.9537354,9.875137,77.87970204869632,623
0.60920715,1.9513397,9.606995,77.24793004103763,624
0.47991943,1.8747253,9.317291,78.18238188176542,625
0.23332214,1.6664276,9.592621,80.58078914843706,626
0.22373962,1.6209412,9.90387,79.56475752826265,627
0.300354,1.743042,9.882324,79.37318438242212,628
0.44161987,1.9465485,9.743454,75.95581534442213,629
0.22853088,1.9178162,9.494461,74.3126016037113,630
-0.049194336,1.8076782,9.374756,76.16171139695217,631
0.005874634,1.7143097,9.630936,75.8464025441077,632
0.14233398,1.7645874,9.899078,74.81294711136059,633
0.26205444,1.8819122,9.846405,72.57809555455407,634
0.22853088,1.93219,10.083435,72.98503139511426,635
0.379364,1.8148651,10.085831,70.55260978637597,636
0.31710815,1.8723297,9.980484,70.68706206018766,637
0.38415527,1.8651428,9.985275,71.22980938220438,638
0.34823608,1.8340149,9.956543,70.5835778640728,639
0.3218994,1.9058533,9.908661,67.9078990680445,640
0.67863464,2.0135803,9.846405,65.46113406204917,641
0.72891235,2.1237183,9.697968,66.15975313111475,642
0.5062561,2.0088043,9.5351715,67.76793483157259,643
0.30514526,1.8148651,9.714737,69.05149813134724,644
0.30993652,1.7023468,9.882324,72.18700575286832,645
0.4272461,1.7214966,9.889511,68.23133584600127,646
0.48231506,1.9680939,9.741074,65.19291936353194,647
0.592453,2.2194824,9.398697,65.20145709999446,648
0.64512634,2.3655396,9.278992,63.901808704724424,649
0.63793945,2.2649841,9.4609375,65.32769265623463,650
0.37457275,2.059082,9.978088,66.75569396638754,651
0.25726318,1.956131,10.229477,67.06104440342213,652
0.2788086,1.9776764,10.1839905,65.2567269907582,653
0.34106445,1.9537354,9.772186,66.82372265052086,654
0.19979858,1.9297943,9.365173,67.95008914654767,655
0.094451904,1.9417572,9.527985,67.98820160211633,656
0.2381134,1.901062,9.6740265,68.56008651113233,657
0.21894836,2.0518951,9.6141815,67.83393494952243,658
0.36740112,2.1644135,9.626144,64.59805769814801,659
0.43922424,2.0782318,9.496857,68.39454321621874,660
0.096847534,1.9944305,9.439392,69.04241397975112,661
-0.013290405,1.9082489,9.580658,72.05803812096013,662
0.096847534,1.9441528,9.64769,65.96870590984032,663
0.18544006,2.0542908,9.571075,65.59067542984762,664
0.12557983,2.0447083,9.496857,70.36584509371113,665
-0.0037078857,1.980072,9.693176,71.0447863877779,666
-0.116241455,1.8052979,10.0499115,70.18973549615153,667
-0.099472046,1.822052,10.126526,70.83359693864112,668
0.123184204,1.9154205,9.877533,68.54689058565587,669
0.1878357,1.9130249,9.781769,68.56522964357735,670
-0.015686035,1.8029022,9.915848,71.43562347246439,671
0.029815674,1.8388062,9.516006,68.07131817412622,672
0.096847534,2.0447083,9.446579,68.48924378906096,673
0.2428894,2.0135803,9.7267,68.88777166675287,674
0.16867065,1.9034576,9.793732,67.84914578080405,675
0.22853088,2.0207672,9.652481,70.35045667751109,676
0.40090942,2.071045,9.827255,66.83159785863388,677
0.4080963,2.0064087,9.923019,67.44820684633513,678
0.2500763,2.0662537,9.604599,68.97909129595594,679
0.23332214,2.1237183,9.487274,68.53756054724963,680
0.2500763,1.9944305,9.62854,67.24701679414324,681
0.094451904,1.9417572,9.829651,70.66757553048562,682
0.096847534,1.8914795,9.822464,68.01764654762826,683
0.17106628,1.8675385,9.781769,70.04784514633369,684
0.025024414,1.7885284,9.748245,69.82399935666486,685
-0.087509155,1.7574005,9.793732,70.39498951089958,686
0.013046265,1.8268433,9.867966,69.31798479200445,687
0.21417236,1.936966,9.7530365,67.92836914498702,688
0.24049377,2.047104,9.654877,67.64427425664951,689
0.29795837,2.0734406,9.64769,66.22533660752521,690
0.21655273,2.0327454,9.587845,65.99326043990652,691
0.1303711,1.956131,9.597412,67.95433069402225,692
0.1303711,1.8675385,9.66684,67.92877212614805,693
0.065719604,1.8914795,9.774582,69.39400479746669,694
0.16627502,1.9058533,9.762619,69.29557494133765,695
0.089660645,1.936966,9.721909,68.35393091141384,696
-0.037231445,1.8627472,9.599808,69.03193646956433,697
0.0154418945,1.93219,9.760223,69.79260780723948,698
0.24528503,1.9776764,9.9661255,65.92208986875498,699
0.34823608,2.063858,9.784164,65.46986304380845,700
0.2788086,2.0614777,9.590225,66.21430585201564,701
0.24768066,1.9704895,9.425034,63.33743700379544,702
-0.020462036,1.8914795,9.518402,70.44732925050938,703
0.017837524,1.8866882,9.678818,69.21259497311117,704
0.22613525,1.9297943,9.6884,68.56598096438606,705
0.31233215,1.93219,9.731491,66.93762288511999,706
0.2093811,1.8986664,9.90387,67.83439940238598,707
0.118392944,1.9082489,9.8320465,69.34673988841021,708
0.072906494,1.9824677,9.575867,69.20134565154815,709
0.3075409,2.162033,9.417847,64.04292724316606,710
0.40570068,2.106964,9.480103,63.30530096375053,711
0.120788574,1.9680939,9.791351,66.0822782953593,712
0.001083374,1.8268433,10.1241455,69.8437795845012,713
0.094451904,1.8651428,10.145691,71.34368912623601,714
0.34106445,1.9992218,9.736282,65.4635860999612,715
0.38175964,2.0662537,9.37236,66.0987458814482,716
0.17585754,1.9585266,9.51123,65.9521290407247,717
0.058547974,1.8292389,9.90387,68.18135935184429,718
0.21417236,1.9154205,9.987671,66.67003656400641,719
0.26205444,1.980072,9.8320465,68.2034276930526,720
0.25247192,2.0183716,9.633331,67.33169747947305,721
0.20698547,2.015976,9.611786,68.10416455384481,722
0.22373962,2.0088043,9.657272,67.86903529166712,723
0.08488464,1.8507843,9.760223,70.93703332343179,724
0.001083374,1.7861328,9.894302,73.84952843836278,725
0.113601685,1.8292389,9.721909,70.63589711311509,726
0.094451904,1.9082489,9.523193,69.6894924413398,727
0.123184204,1.9537354,9.504044,71.18852771886083,728
0.13993835,1.9633026,9.652481,69.52707054287688,729
0.104034424,1.9058533,9.7530365,68.34960740166922,730
0.029815674,1.8842926,9.827255,68.88148789271645,731
0.053756714,1.9202118,9.630936,67.04674198730012,732
0.046569824,1.9537354,9.41066,68.5186614138162,733
0.120788574,1.9920349,9.441788,68.97656412596302,734
0.28359985,2.027954,9.721909,66.63591293891302,735
0.25247192,1.9417572,9.975693,70.5297559734131,736
0.15431213,1.8819122,9.891907,68.83769271975834,737
0.08488464,1.8890839,9.877533,69.01292122291501,738
0.1806488,1.9130249,9.913452,67.46670299860752,739
0.19740295,2.0016174,9.779373,67.01423711704003,740
0.22853088,2.059082,9.640503,70.5755387314197,741
0.19740295,1.9154205,9.623749,70.4283754755626,742
-0.089904785,1.798111,9.650085,69.7250230854022,743
-0.16651917,1.7550049,9.834442,68.73573165582837,744
0.044174194,1.8124695,9.934998,68.15420251970433,745
0.104034424,1.8938751,9.923019,68.18159157827607,746
0.1519165,1.8938751,9.810501,71.38725890295152,747
0.13755798,1.901062,9.630936,69.41206381763222,748
0.051361084,1.9273987,9.4609375,68.18781388060995,749
0.020233154,1.9776764,9.2430725,66.75837140054217,750
0.20698547,2.1021729,9.199982,66.61388557883973,751
0.28599548,2.0542908,9.53038,65.25491016043897,752
0.1303711,2.0064087,10.138504,68.21929422249454,753
0.20219421,1.8747253,10.20076,68.98475352277788,754
0.15431213,1.9417572,9.721909,70.0302574092209,755
0.022628784,1.8603516,9.480103,67.03060225029138,756
-0.116241455,1.7837372,9.74585,73.06402936305463,757
-0.030044556,1.8076782,10.0451355,71.64091846834745,758
0.048965454,1.845993,10.054703,69.49903261633399,759
0.034606934,1.8244476,9.858383,70.25453350080744,760
-0.030044556,1.7909241,9.441788,68.1433220283565,761
-0.056381226,1.8842926,9.288559,69.60103466139896,762
0.046569824,1.8962708,9.496857,69.44114676311813,763
0.08488464,1.8962708,9.875137,68.9937215611581,764
0.2931671,1.9824677,9.994858,68.61873734553524,765
0.28599548,1.9704895,9.836838,67.51314145477444,766
0.120788574,1.8579559,9.7530365,68.9692148424161,767
-0.051589966,1.7167053,9.88472,69.63300677690378,768
-0.020462036,1.6807861,9.894302,72.7956097588623,769
0.120788574,1.798111,9.724304,67.26855238059628,770
0.15670776,1.798111,9.578262,69.25466893839844,771
0.075302124,1.8244476,9.681213,72.53683438177802,772
0.041778564,1.8435974,9.736282,69.19000753752593,773
-0.0037078857,1.7909241,9.585449,72.5360215892668,774
-0.063568115,1.8268433,9.693176,70.51183355703098,775
0.056152344,1.8627472,10.009216,70.64955749145513,776
0.28599548,1.9297943,10.071472,72.36760278471262,777
0.27401733,1.9776764,9.7267,66.8815880131692,778
0.14233398,1.93219,9.336441,70.0912100173741,779
0.08488464,1.9537354,9.393906,69.20140029306151,780
0.22613525,1.960907,9.547134,66.63230659903125,781
0.19979858,1.9273987,9.762619,71.29431368872599,782
0.075302124,1.8196564,9.992462,70.64339666082377,783
-0.121017456,1.6712189,9.951752,72.76369911505999,784
-0.111450195,1.6903687,9.769791,72.3713184076211,785
0.12557983,1.7717743,9.76741,70.47222529003407,786
0.22373962,1.8244476,9.762619,71.21138153182369,787
0.22853088,1.980072,9.827255,67.3873976721545,788
0.2883911,1.9465485,9.846405,67.54147307945165,789
0.14952087,1.8866882,9.858383,70.84853456235594,790
0.060928345,1.8388062,9.769791,70.24098240549414,791
0.115997314,1.8675385,9.482498,70.04488084423389,792
0.2716217,1.9968262,9.283768,67.77238811491144,793
0.29078674,1.8866882,9.436996,66.46043854894623,794
0.068115234,1.8100739,9.583054,71.03307944354052,795
-0.077926636,1.7502289,9.51123,71.13898152662156,796
-0.099472046,1.6664276,9.623749,70.67155753077174,797
-0.118621826,1.6113586,9.788956,73.05710355123624,798
0.051361084,1.8555756,9.70755,67.60380538581718,799
0.36021423,2.047104,9.695572,67.36155906652435,800
0.4847107,2.0901947,9.839233,64.8144449212432,801
0.26445007,2.004013,10.148087,67.48182503742993,802
0.15670776,1.8986664,10.301315,67.06525863014002,803
0.16867065,1.8388062,9.961334,70.37879513237748,804
0.053756714,1.8651428,9.544739,70.0129702004316,805
0.092056274,1.9537354,9.702759,68.79050294278271,806
0.24049377,1.9896393,10.095413,69.83262588558658,807
0.30993652,2.0064087,10.085831,67.86208215909205,808
0.099243164,1.8962708,9.839233,69.94230506327864,809
-0.061172485,1.7837372,9.686005,70.68833247537329,810
0.022628784,1.8890839,9.772186,69.26918992057388,811
0.21655273,1.9106293,9.827255,69.10566153146544,812
0.051361084,1.8244476,9.999634,70.77026742465675,813
-0.14257812,1.7478333,9.882324,73.11455910253439,814
-0.101867676,1.7765656,9.401093,70.69085281517702,815
-0.14735413,1.8340149,9.202377,69.68548995048616,816
-0.089904785,1.8076782,9.238281,73.0431289841944,817
-0.118621826,1.8795166,9.504044,68.93834238736764,818
0.10882568,1.9728851,9.623749,69.79256682610445,819
0.070510864,1.9824677,9.3220825,70.86673018630485,820
0.053756714,2.0614777,9.295746,67.09816648156114,821
0.17106628,2.0423126,9.587845,67.39925488055364,822
0.14472961,2.0327454,9.736282,69.7557930876131,823
0.072906494,2.004013,9.923019,71.47453506016595,824
0.22853088,1.93219,9.968521,71.21759017377923,825
0.1806488,1.9154205,9.810501,67.41540144775155,826
0.15431213,1.8795166,9.638123,69.0396614135156,827
0.16627502,1.7837372,9.702759,69.1579193088052,828
0.060928345,1.7957153,9.836838,70.69072304158279,829
0.23571777,1.9920349,9.743454,67.37436567121811,830
0.34823608,2.0854187,9.448975,67.74682954703725,831
0.16627502,2.0135803,9.583054,67.57434677992693,832
0.08488464,1.8364105,9.94458,71.10814322251895,833
-0.039627075,1.7597961,10.12175,72.35303399121298,834
-0.0013122559,1.743042,10.02597,70.27622618161139,835
-0.032440186,1.6927643,10.028366,71.95070852834255,836
0.087265015,1.7454376,10.085831,70.32239143021151,837
0.2093811,1.8435974,9.827255,70.41537762557206,838
0.13516235,1.8675385,9.472916,69.14733934578086,839
0.051361084,1.8388062,9.518402,69.62300054976971,840
0.060928345,1.8388062,9.700363,72.27292270243791,841
0.123184204,1.9058533,9.729095,69.41746649726569,842
0.18304443,1.9656982,9.434616,68.73332059905137,843
0.14472961,1.9273987,9.468124,66.71788203914234,844
0.16149902,1.7957153,9.798523,70.64631315159937,845
0.001083374,1.743042,9.980484,68.99840024073956,846
-0.101867676,1.7478333,9.829651,68.52739722576464,847
0.115997314,1.8412018,9.693176,70.51373917980942,848
0.19979858,1.8819122,9.858383,70.20453651608294,849
0.25726318,1.8675385,9.925415,67.6485567852591,850
0.28599548,1.9680939,9.769791,68.9718103143007,851
0.30274963,1.980072,9.74585,66.65137648719393,852
0.19500732,1.9848633,9.681213,68.74931007189836,853
0.1638794,2.039917,9.559113,66.05096187801479,854
0.26205444,2.0423126,9.403488,66.7755151753589,855
0.13276672,1.9537354,9.425034,66.27185702596218,856
-0.0013122559,1.8555756,9.721909,68.42653582229107,857
0.072906494,1.8029022,9.927811,70.17988636336837,858
0.20458984,1.8364105,9.930206,67.5249030405252,859
0.300354,1.9728851,9.942184,66.63146648576334,860
0.5780792,2.106964,9.88472,65.3200701651209,861
0.59724426,2.0925903,9.714737,67.46897745160113,862
0.44639587,2.015976,9.808105,68.70815135195987,863
0.5325928,1.925003,10.004425,66.6121848617364,864
0.5828705,1.8316193,9.863174,68.72784278733701,865
0.4152832,1.7741699,9.820068,69.916848948242,866
0.4775238,1.7454376,9.858383,71.43279577414799,867
0.6810303,1.8412018,9.602203,68.58786489048677,868
0.88453674,1.956131,9.29335,66.18744271800998,869
0.8869324,1.901062,9.54953,69.32413196225747,870
0.8414459,1.7717743,9.803314,70.96785113696689,871
0.8534241,1.8627472,9.60939,69.6101119828059,872
1.0688934,2.0255585,9.259827,68.2285969401441,873
1.0664978,1.8962708,9.401093,68.55622745425127,874
0.89411926,1.766983,9.592621,76.50443662912507,875
0.8031311,1.8292389,9.417847,75.11832486915185,876
0.9396057,1.9848633,8.962952,70.97778906220925,877
0.9946747,1.960907,8.850418,74.39422236429296,878
0.9467926,1.845993,9.453766,78.91209197193291,879
0.71694946,1.6376953,10.308487,83.12291042543494,880
0.69540405,1.4988403,10.51918,85.19586600834464,881
0.5852661,1.5155945,10.452148,86.16944800282742,882
0.5637207,1.4605255,10.253433,87.90703446730033,883
0.4200592,1.4485474,10.088226,89.78330109268117,884
0.24768066,1.474884,10.088226,91.26149063285533,885
0.221344,1.4844666,9.908661,91.41163868137973,886
0.29556274,1.640091,9.645294,92.10600254259239,887
0.17585754,1.585022,9.650085,94.13034083898994,888
0.28359985,1.585022,9.64769,95.81521873363785,889
0.4200592,1.6975555,9.444183,96.67227770088023,890
0.55174255,1.719101,9.202377,99.7289990903252,891
0.48710632,1.5706635,9.23349,101.23902414222079,892
0.010650635,1.3288422,9.855988,105.28929899928167,893
-0.1952362,1.1708221,10.423416,102.82360070890707,894
-0.26467896,1.1420898,10.442566,107.28802408629167,895
-0.34846497,1.2234955,9.901474,109.78557154876604,896
-0.45620728,1.2594147,9.425034,107.8598543537943,897
-0.51846313,1.2402649,9.889511,111.49085121846478,898
-0.26707458,1.1708221,10.418625,113.5149914393764,899
-0.17129517,1.2043457,10.468903,112.02039578481588,900
-0.1689148,1.312088,10.157654,116.02088539301653,901
-0.053985596,1.3887024,9.642899,118.41135597987262,902
-0.046798706,1.4820709,9.360382,117.07645014810699,903
-0.094680786,1.450943,9.604599,122.6285879810053,904
-0.12580872,1.4054565,9.844025,122.34300411142871,905
-0.21679688,1.4820709,9.705154,123.18732477586902,906
-0.27424622,1.4557343,9.659668,123.74039251372163,907
-0.3005829,1.3863068,9.492065,122.42752087221845,908
-0.5352173,1.3982697,9.310104,127.91724443648118,909
-0.64056396,1.371933,9.427429,126.90334383532782,910
-0.43466187,1.3192749,9.863174,127.32949299802324,911
-0.36523438,1.2905426,10.284546,135.5997592526415,912
-0.49212646,1.2809601,10.437775,128.76827234668644,913
-0.40353394,1.391098,9.934998,133.016554387786,914
-0.40592957,1.5706635,9.468124,129.18474996151713,915
-0.3795929,1.6209412,9.575867,134.73500266220452,916
-0.26467896,1.6424866,10.052307,133.83602682402577,917
-0.1736908,1.7214966,10.083435,133.2014066274832,918
-0.30537415,1.7262878,9.604599,137.5670313185236,919
-0.37002563,1.7597961,9.276596,131.95857174572936,920
-0.2191925,1.7095184,9.425034,137.72385246186707,921
-0.37002563,1.6544495,9.954147,134.79214402480085,922
-0.5280304,1.6376953,10.243851,138.30590752255722,923
-0.39157104,1.7550049,9.858383,141.9243778202899,924
-0.20002747,1.845993,9.5399475,141.81835962399296,925
-0.111450195,1.6975555,9.671631,141.9968324670054,926
-0.17848206,1.5036163,9.994858,148.85105024251826,927
-0.22636414,1.3551788,10.057098,151.92672540691,928
-0.31495667,1.3934937,9.721909,146.882808289774,929
-0.3388977,1.6736145,9.590225,144.403353998411,930
-0.113845825,1.901062,9.367569,148.39068183208104,931
-0.13059998,2.0686493,9.087448,144.37433935481678,932
-0.3460846,1.9824677,9.094635,151.01418481303963,933
-0.58309937,1.8148651,9.547134,149.2146075516597,934
-0.48014832,1.7238922,10.112167,148.7765328786734,935
-0.3460846,1.7023468,10.210327,154.58413344690854,936
-0.5998688,1.608963,9.860779,153.08553530149436,937
-0.8129425,1.5443268,9.604599,146.2878305111742,938
-0.8297119,1.5251617,9.686005,147.17862378272727,939
-0.71717834,1.6616364,10.004425,146.43477520097784,940
-0.45620728,1.7334595,10.21991,152.96245529265073,941
-0.36763,1.7478333,9.844025,148.58454992148268,942
-0.63816833,1.8005066,9.477707,148.41137730526617,943
-0.7650604,1.8819122,9.640503,148.2675608421024,944
-0.38438416,2.0614777,10.136108,153.4777247636365,945
-0.18806458,2.059082,10.665222,156.3785744060326,946
-0.14974976,1.845993,10.674805,156.72677744991987,947
-0.36283875,1.6281128,10.20076,154.15252013287707,948
-0.6238098,1.4437714,9.765015,156.76788152834501,949
-0.5232544,1.5227814,9.525589,152.98427091685977,950
-0.111450195,1.8723297,9.537567,164.2544245568393,951
0.15670776,1.9680939,9.583054,159.15187709586792,952
-0.19285583,1.7693787,9.6141815,164.04662288153082,953
-0.38438416,1.6736145,9.446579,157.78821616769653,954
-0.26467896,1.7909241,9.365173,138.17379800363082,955
0.18544006,1.9848633,9.360382,170.15554407519025,956
0.2428894,1.9465485,9.671631,161.22377399945626,957
-0.1401825,1.7286835,10.3420105,162.50388805370005,958
-0.12820435,1.5562897,10.318069,165.16573571665907,959
-0.044403076,1.7071228,9.8320465,162.67674648121474,960
0.056152344,1.8962708,9.487274,161.8057607582547,961
0.17106628,1.9297943,9.398697,170.27725804619988,962
-0.018066406,1.8531799,9.901474,168.00001833540426,963
0.022628784,1.798111,10.308487,169.0007366714595,964
0.2381134,1.9178162,10.030762,165.3775125620645,965
0.3290863,2.094986,9.475311,173.10394549458798,966
0.32669067,1.9944305,9.185608,165.77919598715295,967
0.017837524,1.8435974,9.571075,166.30320810027632,968
-0.0061035156,1.798111,9.927811,163.1623592708243,969
0.1591034,1.9393616,9.958939,167.18853722049337,970
0.2381134,1.9944305,9.705154,168.68652064888224,971
0.065719604,1.9656982,9.3771515,158.91257458810736,972
-0.2311554,1.8603516,9.300537,165.3947519595296,973
-0.29341125,1.8196564,9.542343,160.48370934250704,974
-0.24073792,1.8579559,9.848801,159.38184956522224,975
-0.030044556,2.1093597,9.920639,164.00924808639252,976
0.20698547,2.197937,9.820068,169.76623695287785,977
0.101638794,1.9824677,9.580658,166.50747173759473,978
-0.042007446,1.9058533,9.76741,167.7059377105002,979
0.051361084,1.9226074,10.064285,164.9608710226937,980
0.099243164,1.9345703,9.970917,167.24897073426965,981
0.08248901,1.9656982,9.657272,172.00697613274892,982
0.077697754,1.9465485,9.585449,171.32076068721608,983
-0.070739746,1.93219,9.381943,166.41369324029046,984
-0.18087769,1.925003,9.197586,161.71177735527533,985
-0.082717896,1.9154205,9.405884,161.1002022169924,986
-0.14735413,1.9513397,9.920639,164.3500608655978,987
-0.14974976,2.0255585,10.028366,158.87060990584678,988
-0.14257812,2.0734406,9.724304,164.36646697998418,989
-0.20481873,2.071045,9.247864,155.21294798265657,990
-0.32214355,2.0997772,9.350815,159.68303358686313,991
-0.24552917,1.956131,9.755432,163.34913762386748,992
-0.20960999,1.8435974,10.102585,162.60552126854984,993
-0.28622437,1.7119141,10.06189,169.0021027092935,994
-0.33171082,1.7957153,9.736282,164.21650334656738,995
-0.046798706,2.0614777,9.604599,170.65263158260544,996
0.2093811,2.2075195,9.681213,170.93324307446622,997
0.14712524,2.173996,9.626144,168.1612654413299,998
-0.051589966,2.1404724,9.623749,160.46391545429233,999
-0.14735413,1.9848633,9.561508,167.43801671011727,1000
-0.24790955,1.9752808,9.599808,166.31816621455866,1001
-0.1617279,1.9537354,9.561508,159.5381789349455,1002
-0.21440125,1.8555756,9.532776,161.58998142199567,1003
-0.34129333,1.8364105,9.657272,163.1035240213138,1004
-0.25509644,1.8412018,9.848801,163.80061312800532,1005
-0.123413086,1.8962708,9.94458,163.7722815033281,1006
-0.025253296,1.9178162,9.5950165,167.2278654497343,1007
-0.14974976,1.93219,9.5950165,168.76594208855113,1008
-0.015686035,1.9752808,9.7530365,166.22740666086753,1009
0.1926117,2.1045685,9.760223,171.37615352138488,1010
0.1519165,2.0925903,9.494461,166.06599563040177,1011
-0.042007446,2.0327454,9.630936,165.41929965940665,1012
0.046569824,1.901062,9.932602,170.5441681785856,1013
-0.013290405,1.8148651,10.035553,166.27901557023614,1014
-0.099472046,1.7861328,10.0499115,166.0280470993732,1015
0.087265015,1.8531799,10.102585,168.52198139177662,1016
0.26205444,2.0207672,9.90387,171.63481278525325,1017
0.24049377,2.1524506,9.401093,171.93924797693907,1018
0.12797546,2.1524506,9.238281,167.22077571337584,1019
0.099243164,2.1716003,9.523193,163.02019571343965,1020
0.101638794,2.1548462,9.803314,166.4330636567766,1021
0.08248901,2.063858,9.5950165,178.05864668078527,1022
-0.1904602,1.9273987,9.585449,168.23779088079073,1023
-0.23355103,1.9034576,9.815292,159.5182211221907,1024
-0.101867676,2.0111847,9.882324,160.64244293881814,1025
-0.070739746,2.0662537,9.793732,160.9438591868908,1026
-0.039627075,2.0782318,9.678818,161.4399631470655,1027
-0.14257812,2.0447083,9.527985,164.24620100907862,1028
-0.30776978,1.9968262,9.396301,166.20029080986257,1029
-0.19763184,2.0255585,9.542343,170.4777104379614,1030
0.013046265,2.0854187,9.820068,162.14283059379483,1031
-0.025253296,2.0518951,9.894302,173.0700950770614,1032
-0.14257812,2.0088043,9.64769,166.3625761045421,1033
-0.018066406,2.0925903,9.429825,170.3636189580655,1034
0.099243164,2.083023,9.700363,164.7760187829965,1035
0.16867065,2.0375214,9.961334,169.26035216181168,1036
0.075302124,1.9896393,9.820068,172.71739776870027,1037
-0.058776855,2.027954,9.444183,164.47184313849914,1038
0.08488464,2.1787872,9.326874,160.03413263095845,1039
0.27641296,2.1333008,9.54953,173.9998067665052,1040
0.120788574,1.9441528,9.997253,165.89694844844396,1041
-0.1449585,1.8052979,10.274979,163.69398021468308,1042
-0.051589966,1.8268433,9.846405,161.14547271081125,1043
0.044174194,2.035141,9.343628,165.2424387410383,1044
-0.018066406,2.0614777,9.422638,171.78361528651115,1045
0.048965454,1.9944305,9.738678,165.7567929666753,1046
0.14472961,2.1285095,9.788956,168.55083211083075,1047
0.24528503,2.166809,9.853592,166.46341701744814,1048
0.053756714,2.0303497,10.033157,159.3230962779818,1049
-0.18806458,1.9178162,9.836838,161.602890479527,1050
-0.15214539,2.015976,9.398697,158.89420137924,1051
0.089660645,2.1955414,9.396301,170.90525295924752,1052
0.19021606,2.1811829,9.695572,165.96582407603438,1053
-0.046798706,2.0518951,9.781769,170.09766505216353,1054
-0.2024231,1.9896393,9.590225,159.7655832531719,1055
-0.18327332,1.936966,9.590225,167.2251333740663,1056
-0.13059998,1.9824677,9.760223,168.17789012176974,1057
-0.082717896,1.9704895,9.80571,163.93697102459544,1058
-0.15693665,1.9273987,9.793732,165.65253695918423,1059
-0.1736908,1.8890839,9.678818,157.28513175419008,1060
-0.20481873,1.8938751,9.604599,172.18135086225934,1061
-0.15693665,1.9106293,9.640503,158.4149543259369,1062
-0.121017456,1.9393616,9.736282,166.33700387628954,1063
0.092056274,2.059082,9.676422,165.47711038054163,1064
0.2093811,2.1237183,9.709946,165.57463182151108,1065
0.077697754,2.0111847,9.848801,163.78807290068917,1066
-0.030044556,1.9465485,9.788956,166.38317595507883,1067
0.113601685,1.9537354,9.681213,166.5854178564029,1068
0.20698547,2.1045685,9.748245,166.51857762518517,1069
0.26683044,2.1931458,9.662064,172.2380960738838,1070
0.1591034,2.2170868,9.551926,173.22055048409842,1071
0.101638794,2.1572418,9.441788,170.6491755068854,1072
0.044174194,2.0782318,9.664459,168.66150849614164,1073
0.005874634,1.9082489,9.86557,164.09463911139602,1074
-0.2024231,1.8076782,9.958939,164.36825648954672,1075
-0.013290405,1.8531799,9.774582,166.88164316070637,1076
0.14712524,2.0016174,9.695572,166.53771581523955,1077
0.118392944,2.015976,9.693176,175.0971722793161,1078
-0.042007446,2.0088043,9.638123,164.19806183580835,1079
0.104034424,2.004013,9.436996,166.59555385713122,1080
0.051361084,1.9680939,9.429825,167.1359174431276,1081
-0.080322266,1.8938751,9.547134,165.6605829220265,1082
-0.025253296,1.8890839,9.705154,165.46006222837326,1083
-0.027648926,1.9489441,9.896683,165.58879763384968,1084
0.010650635,1.9872437,9.855988,163.10738990838405,1085
-0.065963745,2.0111847,9.827255,164.479028497506,1086
-0.1329956,1.9752808,10.097809,160.52201304337248,1087
-0.092300415,1.9585266,10.057098,167.04047237966583,1088
-0.097076416,2.0686493,9.853592,166.1108836336271,1089
-0.010894775,2.047104,9.702759,165.6249566553157,1090
-0.104263306,1.9944305,9.788956,162.4862934863981,1091
-0.17129517,1.9680939,9.808105,167.39148946149115,1092
-0.094680786,2.083023,9.616562,162.23835761952662,1093
0.15431213,2.2817383,9.358002,173.2091713889412,1094
0.21417236,2.2889252,9.267014,167.83643530478244,1095
0.027420044,2.205124,9.585449,160.4642433033725,1096
0.15670776,2.1548462,9.858383,174.6253291510733,1097
-0.065963745,1.9752808,10.002029,162.95804099199253,1098
0.003479004,2.0183716,9.815292,175.7031330021013,1099
-0.010894775,2.0183716,9.695572,157.83322711432692,1100
0.051361084,2.087799,9.669235,165.03190499006186,1101
-0.18327332,1.9585266,9.678818,161.25142260521648,1102
-0.506485,1.8148651,9.78656,158.18831498889753,1103
-0.54959106,1.8052979,9.829651,156.46880120496849,1104
-0.37002563,1.8555756,9.6884,159.60306573206063,1105
-0.3005829,1.9226074,9.525589,164.57840774992968,1106
-0.45620728,1.9154205,9.6141815,162.60408692882413,1107
-0.3867798,1.936966,9.798523,162.56959447351556,1108
-0.25749207,2.0447083,9.6141815,160.68917509311936,1109
-0.2694702,2.2577972,9.4609375,163.14230583542115,1110
-0.3867798,2.221878,9.501648,158.8278119405075,1111
-0.6166229,2.2027283,9.403488,151.07006942082867,1112
-0.70999146,2.2625885,9.278992,153.0790602821612,1113
-0.6286011,2.3655396,9.4561615,142.79951629826527,1114
-0.64775085,2.308075,9.7530365,145.4078425988881,1115
-0.84407043,2.276947,9.808105,151.16295999354085,1116
-1.0284271,2.2314606,9.654877,145.13743540964728,1117
-1.0236359,2.106964,9.719513,143.9350352477799,1118
-1.011673,2.0016174,10.071472,144.49273385388977,1119
-1.0787048,1.8819122,10.432983,150.86102465109127,1120
-0.9781494,1.8819122,10.172028,142.35313611524828,1121
-0.94462585,1.8938751,9.566284,143.75436308385474,1122
-0.8608246,2.0207672,9.494461,148.34960507441258,1123
-0.69802856,1.956131,9.743454,141.43757657776473,1124
-0.743515,1.9082489,10.014008,139.88661820217328,1125
-0.57832336,1.8699341,9.894302,141.34658479764184,1126
-0.48973083,1.8029022,9.336441,142.8823528325192,1127
-0.4873352,1.7574005,9.046753,137.93759640175344,1128
-0.28382874,1.6831818,9.257431,142.6918042150542,1129
-0.1689148,1.5706635,9.757828,146.5783047961965,1130
-0.063568115,1.4916534,9.918243,145.00707441914844,1131
0.044174194,1.5467224,9.686005,143.01884733289273,1132
0.2931671,1.6448822,9.051544,141.4830519772587,1133
0.24768066,1.8723297,8.876755,133.92864418917114,1134
0.27641296,1.9704895,9.597412,136.88965413777674,1135
0.3578186,1.9513397,9.978088,133.8808055442244,1136
0.15670776,1.9489441,9.7530365,130.0474848159598,1137
0.053756714,1.8675385,9.580658,126.57609581181416,1138
0.10643005,1.687973,10.109772,126.92853357298682,1139
0.120788574,1.4988403,10.461716,133.52331344306592,1140
-0.051589966,1.3072968,10.442566,132.95618917590141,1141
-0.29101562,1.0463257,10.406662,131.676894744358,1142
-0.4011383,0.9673157,10.468903,129.45108635801262,1143
-0.39396667,1.0175934,10.325256,125.81019937942395,1144
-0.020462036,1.2761688,9.6740265,125.93976806797909,1145
0.2716217,1.585022,9.37236,123.58592095545262,1146
0.26683044,1.5084076,9.386719,116.7073467253595,1147
0.096847534,1.6017761,9.6189575,112.07260575083146,1148
0.36021423,1.6999512,9.872742,115.81279684976293,1149
0.5325928,1.7286835,9.877533,113.61167276707793,1150
0.4440155,1.6664276,9.920639,116.91998417460033,1151
0.31710815,1.5084076,9.990067,113.85932176600426,1152
0.24768066,1.3958893,9.942184,107.57340305019315,1153
0.37457275,1.5179901,10.10498,108.68509146969359,1154
0.38415527,1.4940491,10.303711,108.4765657943331,1155
0.21417236,1.4317932,10.040344,108.47101285053787,1156
0.18304443,1.5131989,9.66684,108.3278998968586,1157
0.43443298,1.6281128,9.508835,106.96064628918379,1158
0.43203735,1.6664276,9.5950165,106.43700300627559,1159
0.300354,1.5658722,9.525589,106.26037431433906,1160
0.22373962,1.4964447,9.336441,100.96590536787949,1161
0.37696838,1.4940491,9.362778,102.64092046936591,1162
0.3865509,1.4820709,9.645294,101.40482015413367,1163
0.592453,1.5395355,9.956543,95.45099206595775,1164
0.7768097,1.6664276,9.961334,91.72875070416508,1165
0.60920715,1.6951599,9.7267,94.15382985954561,1166
0.5852661,1.7214966,9.453766,89.61814028836109,1167
0.6834259,1.8029022,9.393906,88.79777309734003,1168
0.67863464,1.8005066,9.700363,91.06053280709521,1169
0.7337036,1.7526245,9.863174,88.18100701528788,1170
0.592453,1.7789612,9.690796,88.52046058684834,1171
0.59962463,1.8483887,9.35321,81.51845800826392,1172
0.6546936,1.8579559,9.346024,85.094560642575,1173
0.5206299,1.7933197,9.78656,82.69512884752787,1174
0.4942932,1.7143097,9.86557,80.05655163907107,1175
0.47273254,1.822052,9.487274,80.31575731807305,1176
0.4200592,1.8914795,9.161667,78.07806440257183,1177
0.4368286,1.8699341,9.257431,77.77836936217,1178
0.33387756,1.6257324,10.150482,79.6623677616913,1179
0.47273254,1.4389801,10.981262,78.00172337821859,1180
0.56851196,1.4988403,10.885498,77.33856665132372,1181
0.77201843,1.7047272,10.588608,76.75086302418997,1182
1.1191711,1.9393616,10.51918,73.90137640435235,1183
1.4735107,2.0854187,9.894302,67.54584440052047,1184
1.2556458,2.1404724,9.097031,68.67959433104005,1185
1.2077637,2.118927,8.7881775,63.307616397879166,1186
1.205368,2.0183716,9.132935,66.13482977083338,1187
1.2532501,1.9728851,9.800919,67.57455168560202,1188
1.260437,1.8316193,10.102585,68.34830283553775,1189
1.2532501,1.6736145,9.863174,69.78361927829174,1190
0.8175049,1.4868622,9.709946,69.0840781336882,1191
0.33866882,1.4485474,9.94696,70.53691401166327,1192
0.2596588,1.4365845,10.064285,73.25134730104223,1193
0.55174255,1.7286835,9.791351,69.71791968866539,1194
1.1072083,2.1955414,9.547134,64.03887011079907,1195
1.2771912,2.3344116,9.417847,61.94879807382932,1196
0.9946747,2.2577972,9.441788,63.236944430537044,1197
0.5469513,2.004013,9.504044,66.75600132490018,1198
0.6068115,2.039917,9.472916,66.12592320415568,1199
0.5038605,1.9704895,9.793732,64.44485655506463,1200
0.59962463,1.877121,9.781769,65.67177026586319,1201
0.4703369,1.9297943,9.446579,65.28815952131859,1202
0.38175964,1.8603516,9.130539,67.28392713641799,1203
0.28359985,1.7861328,9.362778,65.78959785923507,1204
0.17106628,1.7478333,10.114563,70.16861655123785,1205
0.57328796,1.901062,10.313278,70.29163508837894,1206
0.59724426,2.0854187,10.018799,66.86137748341514,1207
0.43443298,2.0973816,9.288559,63.54590803764257,1208
0.30274963,2.1117554,8.881546,64.76079378531274,1209
0.15670776,2.0997772,9.393906,68.60063051404553,1210
0.28120422,2.0758362,10.195969,67.85702098891707,1211
0.26445007,2.0088043,10.411438,67.01092447529257,1212
0.10882568,2.004013,10.066681,66.96754594387382,1213
0.025024414,1.8986664,9.748245,69.1981901041516,1214
-0.065963745,1.7047272,9.475311,70.35364637585349,1215
0.039382935,1.7741699,9.520798,67.57257093074271,1216
0.20219421,1.8483887,9.803314,68.00339877301961,1217
0.35542297,1.9513397,10.114563,68.16071168998334,1218
0.39372253,1.9417572,10.093018,65.02138599271623,1219
0.30993652,1.8866882,9.626144,69.21287501086714,1220
-0.027648926,1.8340149,9.446579,69.30931045175853,1221
0.0154418945,1.8124695,9.611786,69.08478847336188,1222
0.33387756,1.9082489,9.870346,68.4256205769423,1223
0.49189758,2.1835785,9.906265,64.79218533473812,1224
0.49667358,2.166809,9.542343,66.60765644631668,1225
0.14712524,2.0447083,9.221527,68.49185292132391,1226
-0.020462036,1.9680939,9.250259,68.6659407828892,1227
0.2093811,1.9417572,9.384323,70.07981726183851,1228
0.029815674,1.8723297,9.638123,69.52813605238741,1229
-0.046798706,1.766983,9.992462,70.99877140333953,1230
0.120788574,1.7621918,10.1241455,71.16003216964353,1231
-0.080322266,1.7837372,9.709946,69.14506489278725,1232
-0.032440186,1.7597961,9.235886,69.06237862269506,1233
-0.22636414,1.6831818,9.281387,71.10060269367526,1234
-0.30776978,1.6951599,9.793732,71.4660041538926,1235
0.077697754,1.8938751,10.176819,70.67609960656979,1236
0.45118713,2.0375214,10.152863,66.36876374990631,1237
0.3985138,1.8699341,9.748245,66.87477148437753,1238
-0.046798706,1.7167053,9.592621,69.8517299246951,1239
-0.046798706,1.6807861,9.793732,71.3253568985037,1240
0.221344,1.7550049,10.277374,69.02259960096892,1241
0.41288757,1.8651428,10.358765,66.78356796839036,1242
0.42964172,1.8747253,9.781769,68.09285376057927,1243
0.087265015,1.8196564,9.413055,69.60021503869855,1244
-0.020462036,1.8029022,9.731491,66.76239438196332,1245
0.24768066,1.8507843,10.030762,65.55668840853764,1246
0.36021423,1.9345703,9.834442,64.293212695112,1247
0.2428894,1.8819122,9.415451,67.86413121584306,1248
0.036987305,1.8268433,9.216736,68.04728273843695,1249
0.008270264,1.7406464,9.532776,68.5294804334615,1250
0.1519165,1.6975555,9.999634,65.81417287986879,1251
0.094451904,1.632904,10.241455,69.85821860440662,1252
0.034606934,1.6352997,9.932602,69.50418940915735,1253
0.38894653,1.901062,9.132935,67.519029077839,1254
0.46795654,2.0088043,8.840851,63.588528418063454,1255
-0.013290405,1.7789612,9.381943,69.75883252179376,1256
-0.2311554,1.5682678,10.131317,69.47114495395282,1257
-0.034835815,1.5706635,10.365952,68.60781587305239,1258
0.087265015,1.6472778,10.078644,68.9906684665991,1259
0.036987305,1.5802307,9.6740265,70.13076364285763,1260
0.025024414,1.6281128,9.738678,67.77749709641061,1261
0.092056274,1.6736145,10.093018,68.75564848744814,1262
0.26445007,1.7717743,10.150482,67.5296636823767,1263
0.32429504,1.936966,10.011612,67.77567343590222,1264
0.3506317,1.9704895,9.542343,64.85466107507622,1265
0.23332214,2.0207672,9.209549,63.73132718304091,1266
0.17585754,1.9537354,9.2742,66.1594662631696,1267
0.1591034,1.8938751,9.748245,67.08546915989409,1268
0.10643005,1.8747253,10.009216,68.9331582737876,1269
-0.0061035156,1.7382507,9.717117,66.85091363360668,1270
-0.15454102,1.7286835,9.374756,67.93594382477657,1271
-0.19285583,1.6760101,9.379547,68.4663421647739,1272
-0.113845825,1.6807861,9.851196,71.68689930183999,1273
0.022628784,1.640091,10.368347,70.68670006016166,1274
0.065719604,1.640091,10.066681,66.77903272278147,1275
-0.0084991455,1.8029022,9.413055,68.1704037284156,1276
0.1591034,1.9297943,9.183212,64.6483278904393,1277
0.2883911,1.9656982,9.578262,66.58207738787497,1278
0.120788574,1.8866882,10.116959,69.68683549775265,1279
0.046569824,1.7741699,10.030762,65.855440882834,1280
-0.027648926,1.7406464,9.635727,67.70948207265562,1281
-0.044403076,1.6712189,9.561508,66.91840273279557,1282
0.068115234,1.6903687,9.848801,69.32587366049582,1283
0.1638794,1.687973,10.21991,69.08396885066148,1284
0.31472778,1.7645874,9.877533,68.21473165612898,1285
0.120788574,1.9465485,9.573471,68.18243169154398,1286
0.058547974,1.9297943,9.630936,69.12257991003956,1287
0.1878357,1.8603516,9.597412,69.75756210660813,1288
0.24528503,1.8124695,9.645294,67.82142204296296,1289
0.22613525,1.7023468,9.913452,67.66742176774669,1290
0.1638794,1.6137543,9.94458,67.98847480968314,1291
0.17585754,1.7238922,9.70755,69.37190230531253,1292
0.2093811,1.687973,9.566284,68.07837375953885,1293
-0.030044556,1.549118,9.580658,66.39365978943101,1294
-0.094680786,1.5802307,9.94696,71.87862271184224,1295
0.1926117,1.7119141,10.071472,68.22739482685019,1296
0.34106445,1.8388062,9.659668,66.6108871257941,1297
0.21655273,1.8316193,9.329269,66.79365615779446,1298
0.056152344,1.6736145,9.465729,67.78908792743212,1299
-0.022857666,1.6472778,9.923019,68.69850712485182,1300
0.25247192,1.7693787,10.002029,71.57756846379559,1301
0.17585754,1.9082489,9.544739,65.64216822600035,1302
-0.061172485,1.8866882,9.384323,66.45869685070787,1303
-0.0061035156,1.7789612,9.901474,67.82668811881304,1304
0.036987305,1.6065674,10.234268,69.3651677387909,1305
0.08488464,1.6807861,9.9661255,67.04272583606814,1306
0.2931671,1.7837372,9.475311,66.53502421468276,1307
0.20219421,1.7310638,9.444183,65.74746242224528,1308
0.010650635,1.6041718,9.88472,69.20747233123365,1309
0.025024414,1.5514984,9.822464,68.41230170806077,1310
0.08248901,1.7741699,9.434616,66.44576047241986,1311
0.28599548,1.8938751,9.278992,65.92401598210093,1312
0.1806488,1.8651428,9.606995,65.33585473229279,1313
0.005874634,1.7406464,10.057098,68.9386019345561,1314
0.0154418945,1.6520691,10.236664,68.7738577717754,1315
0.10643005,1.7023468,9.846405,68.65422017827345,1316
0.08248901,1.7621918,9.453766,68.78596086698465,1317
-0.027648926,1.719101,9.43222,70.54867559741403,1318
0.070510864,1.6496735,9.853592,69.49356846499798,1319
0.25726318,1.5634766,10.143295,68.33860396691632,1320
0.25726318,1.5658722,10.004425,67.13896320147363,1321
0.2093811,1.585022,9.844025,68.24806980946781,1322
0.2788086,1.6975555,9.956543,66.3237391428976,1323
0.42485046,1.8292389,10.04274,64.41267270369553,1324
0.3650055,1.8100739,9.999634,-79.49080023992975,1325
0.25726318,1.6783905,9.82486,65.17772219262866,1326
0.26205444,1.743042,9.9110565,68.08822972251117,1327
0.43203735,1.8148651,9.829651,68.65900814088162,1328
0.23332214,1.7933197,9.702759,65.79765065226653,1329
-0.14974976,1.7214966,9.863174,67.1580330896363,1330
-0.065963745,1.6999512,9.729095,67.05896802591444,1331
-0.039627075,1.8340149,9.556717,65.19708577892564,1332
0.089660645,1.7382507,9.544739,66.72147471864577,1333
-0.073135376,1.6424866,9.623749,68.55212934074926,1334
-0.044403076,1.664032,9.78656,71.16228613206964,1335
0.10882568,1.6927643,9.652481,68.66372097140894,1336
0.104034424,1.7837372,9.53038,66.65653328001729,1337
0.17825317,1.7717743,9.683609,68.72131312649049,1338
0.123184204,1.6807861,9.863174,67.35278227344088,1339
-0.058776855,1.640091,9.958939,68.6507914233101,1340
0.044174194,1.6496735,9.846405,67.7695057750817,1341
0.16149902,1.6927643,9.532776,67.63715036934519,1342
0.33387756,1.7741699,9.724304,66.37831918455515,1343
0.48231506,1.9034576,10.066681,65.149493020789,1344
0.2093811,1.9992218,9.7530365,65.153953134317,1345
0.221344,1.8795166,9.776978,64.89050590784045,1346
0.101638794,1.8005066,9.700363,66.66652584677301,1347
-0.36044312,1.5898132,10.069077,69.39989242053124,1348
0.22373962,1.8842926,9.532776,66.98325537896484,1349
-0.046798706,1.8914795,9.465729,67.66578935253506,1350
-0.0084991455,1.8675385,9.913452,70.46310015730295,1351
0.28359985,1.9896393,9.384323,67.76755234097907,1352
0.41049194,2.039917,9.604599,69.07709768035645,1353
0.099243164,1.9297943,9.650085,65.7494841582396,1354
-0.27424622,1.8842926,9.796127,68.47522141069493,1355
-0.4179077,1.8029022,9.927811,71.0857880133655,1356
0.34584045,1.798111,9.300537,65.87294665767675,1357
0.48710632,1.936966,9.343628,63.99366108868276,1358
0.17825317,1.7741699,9.74585,68.07056002312835,1359
0.094451904,1.7286835,9.906265,68.49075326086754,1360
0.051361084,1.8483887,9.748245,68.98693918331227,1361
-0.17848206,2.3583527,9.793732,66.42029752719405,1362
-0.3867798,2.8778992,9.334045,62.55448558904771,1363
-0.27664185,2.7462158,9.482498,64.05604803656165,1364
0.19740295,2.094986,8.927032,67.10046142512226,1365
0.67863464,2.1572418,9.140121,61.38960365629121,1366
0.4703369,1.7262878,9.290955,68.51263035677908,1367
0.24049377,1.6041718,9.714737,69.14932693082933,1368
0.21655273,1.8244476,10.107376,71.57671469014933,1369
0.022628784,2.0088043,10.432983,69.78760810876702,1370
0.38894653,1.8412018,9.803314,65.44355315512556,1371
0.647522,1.8914795,9.358002,65.62576894180316,1372
0.5613251,1.7143097,9.927811,65.13237656672894,1373
0.4152832,1.7286835,10.370743,66.14224735627201,1374
0.14472961,1.8675385,10.195969,67.47810258433228,1375
0.08488464,1.9417572,9.7530365,66.54099380001735,1376
0.42245483,2.0303497,9.37236,64.40688753346853,1377
0.39372253,1.9537354,9.358002,63.40735765032886,1378
0.3290863,1.9776764,9.468124,64.57708218720691,1379
0.22373962,1.8986664,9.882324,65.76439446119774,1380
0.16867065,1.7909241,10.212723,66.08124010660545,1381
0.4368286,1.6975555,10.035553,64.9268015330899,1382
0.58047485,1.7837372,9.74585,64.56221286538378,1383
0.26683044,1.925003,9.738678,64.54944041163587,1384
-0.058776855,1.9656982,9.820068,68.23783135590196,1385
-0.092300415,1.8795166,9.879929,64.24669227667505,1386
0.115997314,1.7167053,10.064285,66.4248191124246,1387
0.1878357,1.7262878,10.172028,66.76405411793164,1388
-0.077926636,1.8962708,9.899078,66.50849575994643,1389
-0.22636414,2.0111847,9.475311,64.51924414531524,1390
-0.087509155,1.9944305,9.317291,63.767711600749564,1391
0.2716217,1.8412018,9.417847,63.31406409645566,1392
0.6977997,1.6544495,10.054703,62.261504624600015,1393
0.28359985,1.553894,11.328415,66.12769905333988,1394
-0.070739746,1.6017761,9.47052,70.07118390272761,1395
-0.26467896,2.1309052,7.6197968,64.17812400759729,1396
-0.077926636,2.411026,8.769028,61.12217442952853,1397
0.118392944,1.8316193,10.20076,68.14130029236217,1398
0.15431213,1.5275574,10.610168,70.8986066791613,1399
0.118392944,1.9226074,10.363556,65.3148997119192,1400
0.11122131,2.0088043,9.472916,66.56932542469457,1401
0.221344,2.0111847,9.271805,66.2919855934462,1402
0.24528503,1.9585266,9.597412,67.41251227773265,1403
0.41049194,1.8005066,9.523193,73.08666460996405,1404
0.32669067,1.822052,9.60939,73.63144732835345,1405
0.2093811,1.6807861,9.930206,71.75518753316177,1406
0.2381134,1.506012,10.167236,73.00778958542874,1407
0.33387756,1.5610809,9.915848,72.83198734638178,1408
0.43203735,1.6855774,9.64769,70.99808155423337,1409
0.37457275,1.8029022,9.5399475,68.56530477565822,1410
0.29078674,1.7717743,9.343628,73.0166141898364,1411
0.17825317,1.743042,9.463333,67.85064842242144,1412
0.039382935,1.6209412,9.915848,65.893526017646,1413
0.19979858,1.5802307,9.891907,69.53286254329306,1414
0.24528503,1.5562897,10.057098,71.67388096128194,1415
0.087265015,1.5203857,9.990067,67.324785328033,1416
0.013046265,1.6807861,9.62854,66.38068243000798,1417
0.113601685,1.7167053,9.480103,65.3471723557475,1418
0.27641296,1.743042,9.683609,63.741832013984386,1419
0.113601685,1.6688232,10.006821,71.80195383840885,1420
-0.14974976,1.6927643,10.365952,73.26635322664875,1421
-0.116241455,1.687973,10.109772,73.92064436800095,1422
0.051361084,1.7047272,9.815292,69.04208613067097,1423
0.113601685,1.6113586,9.757828,71.36234237285932,1424
0.3506317,1.5155945,9.748245,70.0548529204221,1425
0.4080963,1.5826263,9.681213,77.05548263098336,1426
0.3578186,1.5251617,9.760223,69.49493450283198,1427
-0.030044556,1.4437714,10.404266,73.98422659898459,1428
0.08488464,1.4820709,10.119354,70.57962318454337,1429
0.40090942,1.371933,9.5950165,72.25151005938991,1430
0.3650055,1.367157,9.820068,79.52440477064621,1431
0.17585754,1.4054565,9.958939,76.7641135911798,1432
0.053756714,1.5395355,9.757828,71.21321202252126,1433
0.092056274,1.6975555,9.48967,67.13635406921068,1434
0.036987305,1.719101,9.463333,65.04539410764883,1435
0.16149902,1.7334595,9.578262,66.13217282724624,1436
0.115997314,1.6305084,9.642899,66.98238794494026,1437
-0.025253296,1.6257324,9.796127,67.3251951393832,1438
0.060928345,1.5012207,9.810501,63.71182699296052,1439
0.16149902,1.5395355,9.853592,66.61758071118071,1440
0.22373962,1.6352997,9.80571,66.63639105215492,1441
0.20219421,1.6688232,9.774582,65.9108337170028,1442
0.17106628,1.6352997,9.894302,65.56779429612808,1443
0.30993652,1.506012,10.006821,65.52423134960175,1444
0.513443,1.5586853,9.513611,63.098721892303494,1445
0.28359985,1.7550049,9.583054,64.99667436829913,1446
-0.049194336,1.845993,9.374756,65.87403265775478,1447
0.058547974,1.822052,9.64769,66.91855982714648,1448
0.16627502,1.5467224,9.968521,67.26974083351186,1449
0.17106628,1.5730591,10.009216,69.03348009231675,1450
0.20458984,1.5754547,9.755432,67.5487062497827,1451
0.099243164,1.6113586,9.66684,66.9623823208613,1452
0.12797546,1.7143097,9.640503,63.89876927054377,1453
0.31472778,1.5874176,9.738678,62.84085493037883,1454
0.34106445,1.5227814,9.9110565,67.24554147328251,1455
0.34344482,1.5227814,9.975693,65.94286730421017,1456
0.34823608,1.5371399,9.815292,68.46623971193635,1457
0.26205444,1.5419312,9.7530365,66.04687742489112,1458
0.17585754,1.4557343,9.9110565,67.55837779764744,1459
0.14712524,1.4293976,10.176819,66.06454712427394,1460
0.2381134,1.5898132,9.899078,67.92269325778675,1461
0.1926117,1.7574005,9.583054,65.01670731313477,1462
0.19500732,1.7765656,9.3220825,62.18721265699779,1463
0.118392944,1.6975555,9.513611,65.8290422016919,1464
0.13276672,1.6185455,9.750641,64.40879998643614,1465
0.18544006,1.7095184,9.858383,65.89037047024945,1466
0.24528503,1.6520691,9.980484,63.86099149424443,1467
0.2883911,1.5970001,10.057098,66.15465097980476,1468
0.4152832,1.5562897,9.78656,68.35906721366969,1469
