1.3968964,4.924942,7.770645,0.0,-0.0,-0.0,0
-0.41072083,5.439682,7.777817,-1.7694601,-0.60965884,0.0527577,1
0.020233154,5.6144714,8.469742,1.0660516,-0.5853791,-0.0023888703,2
1.502243,4.675934,8.620575,0.953628,-0.4907583,-0.17253,3
0.53738403,4.3575134,8.883942,-1.2041339,-0.45529175,-0.06041576,4
-0.46818542,4.2856903,8.48172,1.2496006,-0.46725503,0.05514339,5
-0.21200562,4.4604645,8.153717,2.4737303,-0.5004308,0.025995243,6
-0.69802856,4.8674774,8.508057,1.1849474,-0.51820916,0.0818599,7
-0.077926636,4.3862457,9.231094,0.7004818,-0.44356498,0.008441554,8
0.62358093,4.0151367,9.379547,1.1696026,-0.40367395,-0.06638536,9
0.44161987,3.667984,9.348419,-0.528542,-0.3735276,-0.047204964,10
0.14233398,3.5626373,8.80014,1.1924031,-0.3846252,-0.016172647,11
0.10643005,3.4333496,8.764236,-0.31969872,-0.37334514,-0.01214308,12
-0.4753723,3.1843567,9.975693,-0.70659673,-0.3086592,0.04761704,13
-0.69563293,2.818039,9.690796,-0.7140543,-0.2823027,0.07165993,14
0.7217407,3.5291138,9.204773,1.1516819,-0.36509177,-0.0782493,15
-0.33410645,2.897049,10.198364,-0.8554109,-0.27663785,0.032749075,16
-0.099472046,3.2130737,10.777756,1.2448534,-0.28972024,0.009229122,17
0.52301025,3.3016663,10.969299,1.6054173,-0.292053,-0.04764338,18
0.61639404,2.8826752,10.435379,1.1398181,-0.26907256,-0.05899917,19
-0.42030334,2.2386475,9.379547,-1.2230016,-0.23406379,0.044780664,20
-0.4753723,2.106964,9.463333,1.2121835,-0.21880469,0.050190885,21
-0.2024231,2.3990479,10.009216,2.0789807,-0.23519973,0.020220913,22
0.13993835,2.3775024,9.939789,1.1764277,-0.23475695,-0.014077675,23
0.12557983,2.2314606,9.343628,1.1764277,-0.23475695,-0.014077675,24
-0.053985596,2.0088043,9.049149,1.1793318,-0.21844216,0.0059657497,25
-0.5735321,1.6544495,9.140121,-0.94497955,-0.1787266,0.062666684,26
-0.6214142,1.5108032,9.719513,1.2940111,-0.1538969,0.0638478,27
-0.051589966,1.6448822,10.693954,1.5443472,-0.15261637,0.0048241806,28
0.29078674,1.7119141,10.7155,1.7484128,-0.15836446,-0.027130362,29
0.046569824,1.6736145,9.815292,-2.01348,-0.16888481,-0.0047445833,30
-0.36283875,1.7214966,9.635727,1.2466204,-0.17666982,0.03763778,31
0.16627502,1.8483887,9.762619,1.7572693,-0.18709187,-0.017030159,32
0.73609924,2.047104,9.427429,1.0725856,-0.21319462,-0.0779225,33
0.67385864,2.0997772,9.288559,-2.5807793,-0.2217599,-0.0724203,34
0.4080963,1.9106293,9.635727,1.104917,-0.19557601,-0.04232712,35
0.21655273,1.5993958,9.738678,-0.5402382,-0.16273868,-0.022232693,36
0.017837524,1.5179901,9.6740265,-1.2303838,-0.15564458,-0.0018438553,37
0.2716217,1.5514984,9.219131,1.9526075,-0.16665787,-0.02945431,38
0.40570068,1.5658722,8.948593,1.1115277,-0.17305717,-0.04530579,39
0.41767883,1.446167,9.604599,-0.07641848,-0.1493086,-0.043459997,40
0.120788574,1.098999,10.277374,1.1393178,-0.10652172,-0.011752322,41
-0.2718506,0.9840851,10.485657,-1.2356809,-0.09354524,0.025920141,42
-0.022857666,1.0463257,10.511993,1.1336921,-0.09920935,0.0021744333,43
0.4200592,1.4078522,10.097809,2.3022282,-0.13841037,-0.041575074,44
0.8318634,1.7214966,9.563889,2.2857075,-0.17743672,-0.08676126,45
0.80792236,1.6281128,9.185608,0.34241143,-0.17476319,-0.08772948,46
0.056152344,1.2546234,9.51123,1.1421573,-0.13115023,-0.0059037255,47
-0.2814331,0.94577026,10.246246,-0.70102054,-0.09200876,0.027460044,48
0.020233154,0.8500061,10.473694,1.1909649,-0.08097867,-0.0019318045,49
0.31710815,1.0559082,10.083435,2.2400281,-0.104285665,-0.031438064,50
0.45837402,1.1851959,9.817688,1.165575,-0.12000963,-0.046654712,51
0.23092651,1.1444855,9.88472,-1.3660833,-0.11523887,-0.02335772,52
-0.030044556,1.0846405,10.097809,1.1462637,-0.10700273,0.0029753451,53
-0.020462036,0.9553528,9.920639,0.08232409,-0.09600328,0.0020625696,54
-0.0037078857,0.97450256,9.731491,2.7269702,-0.09980635,3.8101926E-4,55
0.2931671,1.0319672,9.817688,1.7299627,-0.10468215,-0.029852243,56
0.28359985,1.0583038,9.877533,1.1732785,-0.10669171,-0.028703723,57
0.21655273,1.0271759,9.776978,-1.2672113,-0.1046512,-0.022145629,58
0.24768066,1.0678711,9.693176,1.1100924,-0.10968931,-0.025546506,59
0.17825317,0.98168945,9.709946,-0.6739121,-0.100742206,-0.01835573,60
0.2596588,0.9840851,9.985275,1.096115,-0.09820341,-0.025998313,61
0.41288757,1.1037903,9.803314,2.2821832,-0.11202289,-0.042092264,62
0.19740295,1.0702667,9.908661,-1.3704436,-0.107574925,-0.019919628,63
0.2716217,1.130127,10.243851,1.9033145,-0.10983984,-0.026509374,64
0.41288757,1.2378693,10.231873,1.0656974,-0.12029961,-0.040331196,65
0.4152832,1.1851959,9.937393,0.6982614,-0.11860301,-0.041765653,66
0.32429504,1.1468811,9.8871155,1.0680509,-0.115419924,-0.03278801,67
0.14952087,1.0104218,9.956543,-0.88961005,-0.10112561,-0.01501622,68
0.16867065,0.9673157,9.760223,1.1070259,-0.09877069,-0.017279712,69
0.20458984,1.1444855,9.645294,2.9418025,-0.11807885,-0.021208184,70
0.21894836,1.1037903,9.776978,0.20363198,-0.11239293,-0.022390535,71
-0.123413086,0.96492004,9.94458,-1.143794,-0.09671955,0.012409449,72
-0.2814331,0.9697113,9.827255,1.1694281,-0.09831724,0.028630193,73
0.14712524,1.2354736,9.719513,2.1419497,-0.12642032,-0.015135944,74
0.4487915,1.371933,9.597412,1.1199945,-0.14183341,-0.04672768,75
0.27641296,1.2642059,9.66684,-0.9868557,-0.12998706,-0.028586144,76
-0.061172485,1.0151978,9.755432,1.1006504,-0.10368961,0.0062705255,77
-0.47058105,0.8069153,9.848801,-1.0787947,-0.08165499,0.047744233,78
-0.4179077,0.73747253,9.9661255,0.63723177,-0.07379867,0.041908264,79
-0.113845825,0.8907013,9.970917,2.035641,-0.089087665,0.011417293,80
0.24768066,1.1085815,9.66684,1.1116648,-0.11414288,-0.025616074,81
0.379364,1.2019501,9.578262,2.222266,-0.124737956,-0.03958608,82
-0.018066406,1.04393,9.851196,1.1368842,-0.10557568,0.0018339282,83
-0.39875793,0.8715515,10.088226,-1.0902889,-0.08611205,0.039506495,84
-0.051589966,0.9792938,10.054703,1.1188406,-0.0970891,0.0051308842,85
0.46316528,1.2761688,9.76741,2.127342,-0.12977564,-0.04738396,86
0.5852661,1.4078522,9.676422,2.411531,-0.14421938,-0.06041014,87
0.32429504,1.209137,9.623749,-0.93919426,-0.12491588,-0.033684626,88
-0.077926636,1.0535126,9.70755,1.0840768,-0.108098544,0.008027253,89
0.022628784,1.0080261,9.973297,0.94653165,-0.10073017,-0.0022689332,90
0.20698547,1.0726624,10.018799,1.1046782,-0.106636085,-0.02065677,91
0.23571777,1.1851959,9.961334,2.8928757,-0.11839009,-0.023658859,92
0.099243164,1.1253357,9.834442,1.0990674,-0.113926716,-0.010091045,93
0.044174194,1.0559082,9.829651,-0.6769901,-0.1070093,-0.004493944,94
0.1638794,1.075058,9.9110565,1.6555032,-0.10803348,-0.016533501,95
0.28599548,1.1085815,10.047531,1.721822,-0.10984512,-0.02845657,96
0.048965454,1.0295715,9.994858,1.1110078,-0.102646865,-0.0048990254,97
-0.099472046,0.97210693,9.836838,-1.2991033,-0.098498285,0.0101118535,98
0.1926117,1.1325226,9.573471,1.1030384,-0.11772715,-0.020116603,99
0.3362732,1.2713776,9.575867,2.3318617,-0.13191658,-0.03510231,100
0.19021606,1.1588593,9.815292,1.078109,-0.11750078,-0.019377137,101
0.10882568,1.0247803,9.942184,-0.51491135,-0.10270513,-0.010945416,102
0.053756714,0.98168945,9.899078,1.1282369,-0.09884514,-0.005430423,103
-0.080322266,0.9625244,9.659668,-1.6042638,-0.09931239,0.008315029,104
-0.068344116,1.0319672,9.686005,2.9600682,-0.106139064,0.007055849,105
0.2428894,1.2426605,9.8320465,2.1236682,-0.12568426,-0.024698827,106
0.32429504,1.3599701,9.760223,1.0696813,-0.13837123,-0.03321397,107
-0.068344116,1.1564636,9.908661,-1.0596162,-0.11618401,0.0068973023,108
-0.3293152,0.82366943,9.894302,1.1699469,-0.083009586,0.033271037,109
-0.4298706,0.76860046,9.719513,-1.2045255,-0.07883713,0.044198785,110
-0.075531006,0.8978882,9.798523,1.1236827,-0.091377154,0.0077082547,111
0.1926117,1.0798492,9.934998,2.1285524,-0.10824625,-0.019384762,112
0.2788086,1.2187042,10.018799,2.559737,-0.12100067,-0.027821364,113
0.18544006,1.1253357,10.030762,-0.783511,-0.111702375,-0.018485032,114
-0.056381226,0.97450256,9.855988,1.117968,-0.09855224,0.0057204426,115
-0.118621826,0.9481659,9.736282,-1.344196,-0.09707152,0.012182879,116
0.063323975,1.0415344,9.793732,1.1149518,-0.105946615,-0.006465676,117
0.2596588,1.1373138,9.88472,1.9803821,-0.114514895,-0.026262669,118
0.1878357,1.1564636,10.109772,1.093678,-0.113876134,-0.01857748,119
0.065719604,1.0559082,10.227097,-0.83167183,-0.102879494,-0.006425939,120
-0.034835815,1.0056305,9.901474,-1.403694,-0.101216026,0.003518231,121
0.075302124,1.1061859,9.47052,2.4928372,-0.116272576,-0.007951045,122
0.3650055,1.1636505,9.379547,1.0784721,-0.12333945,-0.03889542,123
0.47991943,1.2450409,9.599808,2.0331573,-0.12881534,-0.049951024,124
0.2381134,1.1325226,9.9661255,1.0898684,-0.113119796,-0.02388773,125
-0.113845825,0.88830566,10.20314,-0.92323583,-0.08683764,0.011157457,126
-0.15693665,0.85957336,10.076248,1.1365999,-0.085090585,0.01557365,127
0.1591034,1.075058,9.796127,2.221799,-0.10929146,-0.016240029,128
0.4655609,1.2522278,9.611786,1.1160114,-0.12940077,-0.048398636,129
0.4487915,1.2642059,9.772186,-1.2297094,-0.12851924,-0.045893148,130
0.21655273,1.1468811,10.066681,1.1216136,-0.113413304,-0.021508513,131
0.008270264,1.0247803,10.21991,-0.9900531,-0.09993884,-8.0923043E-4,132
0.23332214,1.098999,10.078644,1.1129476,-0.10858436,-0.023146018,133
0.68582153,1.3288422,9.877533,2.0643198,-0.13341148,-0.069321215,134
0.83665466,1.3743286,9.853592,1.0761992,-0.13809031,-0.08470542,135
0.34584045,1.1971588,9.956543,-1.2104962,-0.1195925,-0.034721036,136
0.058547974,1.0391388,10.064285,-1.0423906,-0.10288383,-0.005817334,137
0.29556274,1.1828003,10.097809,2.0999968,-0.11655354,-0.029261632,138
0.68582153,1.3384247,9.954147,1.0874606,-0.13334501,-0.068789355,139
0.5613251,1.3312378,9.839233,-1.6486417,-0.13426659,-0.056987904,140
0.40330505,1.2043457,9.829651,1.1598282,-0.12181262,-0.04100644,141
0.33148193,1.1253357,9.80571,-0.754554,-0.11419875,-0.033792123,142
0.2500763,1.1037903,9.7530365,1.183406,-0.11265778,-0.025635248,143
0.37457275,1.1899872,9.822464,2.1327178,-0.12047529,-0.03811583,144
0.56611633,1.3192749,9.748245,2.1804583,-0.13429378,-0.058008514,145
0.58047485,1.3623657,9.74585,2.8160918,-0.13864675,-0.059490956,146
0.5828705,1.3336334,9.863174,1.1682079,-0.13416705,-0.05902698,147
0.6116028,1.3288422,10.030762,0.601803,-0.13146842,-0.060897324,148
0.513443,1.1995544,10.188782,1.2001665,-0.11704621,-0.05035038,149
0.34823608,1.0966034,10.274979,-0.98736984,-0.106262594,-0.03387869,150
0.30274963,1.1516724,10.064285,1.261696,-0.11388494,-0.030072514,151
0.47273254,1.3240509,9.772186,2.419635,-0.13451625,-0.04833763,152
0.6642761,1.549118,9.671631,1.2485703,-0.15845525,-0.06857525,153
0.8031311,1.5778351,9.827255,1.5871818,-0.15867822,-0.08154365,154
0.671463,1.3455963,9.987671,-0.51641536,-0.13362132,-0.067128174,155
0.31472778,1.1253357,10.076248,-1.0063983,-0.11116736,-0.031224467,156
0.32429504,1.1444855,10.073868,1.3234999,-0.11306622,-0.0321806,157
0.56611633,1.3551788,9.954147,2.3027577,-0.1350946,-0.05681121,158
0.6068115,1.474884,9.717117,1.3030398,-0.15034388,-0.0623667,159
0.59484863,1.4317932,9.554321,-0.09841168,-0.148468,-0.062179383,160
0.14952087,1.2450409,9.420242,1.4101428,-0.13138859,-0.015870964,161
-0.2239685,1.1468811,9.494461,-1.2894596,-0.12017921,0.023585012,162
-0.094680786,1.3072968,9.571075,2.423194,-0.1357417,0.009892064,163
0.101638794,1.4940491,9.480103,2.3587859,-0.15630391,-0.010720865,164
0.044174194,1.4293976,9.482498,1.382863,-0.14961259,-0.004658464,165
-0.51127625,1.2210999,9.822464,-1.1319033,-0.123517,0.052004796,166
-0.7339325,1.2043457,10.064285,1.5064731,-0.11878649,0.07279559,167
-0.1689148,1.4868622,9.956543,2.0557885,-0.14821869,0.016963577,168
0.15431213,1.7167053,9.468124,1.4558892,-0.1793423,-0.016296625,169
-0.099472046,1.7095184,9.39151,-1.5950156,-0.18004678,0.010591302,170
-0.053985596,1.6568451,9.774582,0.3896811,-0.16790697,0.005523003,171
0.036987305,1.6496735,10.076248,1.0145633,-0.16227826,-0.0036707253,172
0.080093384,1.6209412,9.834442,1.5400921,-0.16334887,-0.008143991,173
0.41767883,1.743042,9.283768,2.11411,-0.1854077,-0.044959906,174
0.40570068,1.6688232,9.190399,1.5346199,-0.17945512,-0.044115327,175
-0.077926636,1.3168793,9.654877,-0.8613306,-0.13555439,0.008071044,176
-0.26228333,1.0678711,10.011612,1.6622355,-0.10622531,0.026191922,177
-0.23355103,1.2115326,9.958939,2.9592102,-0.12102498,0.023447098,178
0.053756714,1.3863068,9.654877,1.694104,-0.14260924,-0.0055677723,179
0.4990692,1.632904,9.5351715,2.09262,-0.16937797,-0.052292112,180
0.6116028,1.7358551,9.714737,2.167627,-0.1764745,-0.06287321,181
0.16627502,1.5347443,9.927811,-1.0969734,-0.1533551,-0.016746841,182
-0.19763184,1.2713776,9.829651,1.8392998,-0.12860127,0.020102972,183
-0.065963745,1.422226,9.578262,2.5325,-0.14740427,0.0068867086,184
0.51104736,1.7358551,9.494461,1.9280764,-0.18057528,-0.05377395,185
0.4703369,1.8316193,9.712341,-2.3845317,-0.18618445,-0.048388924,186
0.18304443,1.6688232,10.073868,-0.9306565,-0.16414112,-0.018168224,187
0.039382935,1.4485474,10.131317,-0.5667144,-0.14201365,-0.0038872277,188
0.17825317,1.4102478,9.915848,1.9403737,-0.14125165,-0.017974658,189
0.4942932,1.6209412,9.817688,2.1748917,-0.1634247,-0.050304737,190
0.71455383,1.7167053,9.867966,2.059681,-0.17180268,-0.0722853,191
0.6068115,1.6257324,9.891907,-0.8667373,-0.16259328,-0.06126747,192
0.46795654,1.4437714,9.760223,2.1540627,-0.14669292,-0.04790858,193
0.62358093,1.529953,9.635727,2.1333573,-0.15714139,-0.06462539,194
0.7839813,1.6472778,9.769791,2.1206691,-0.16651288,-0.08007388,195
0.7193451,1.608963,10.018799,-0.82268125,-0.15883277,-0.07167653,196
0.59724426,1.5227814,9.961334,2.2089133,-0.15142706,-0.059884563,197
0.9587555,1.7286835,9.5399475,2.163478,-0.17838013,-0.100162715,198
1.0305939,1.798111,9.401093,2.2351573,-0.18788467,-0.1091889,199
0.7839813,1.4796753,9.5950165,-0.65429175,-0.15250722,-0.08152603,200
0.20219421,1.098999,9.980484,2.385453,-0.109650634,-0.020256188,201
0.065719604,1.1851959,10.318069,-1.8990476,-0.11436253,-0.0063692844,202
0.30514526,1.3192749,10.267792,2.3966663,-0.1277308,-0.02970994,203
0.4368286,1.367157,10.014008,2.086955,-0.13555826,-0.043594122,204
0.36260986,1.3527832,9.788956,-1.8221167,-0.1372321,-0.037025824,205
-0.013290405,1.3144836,9.848801,-1.4491416,-0.13268213,0.0013494432,206
-0.32214355,1.1061859,9.724304,2.4560175,-0.1132063,0.033115562,207
-0.3580475,1.0415344,9.41066,-1.010987,-0.11014837,0.03802867,208
-0.3173523,1.1181488,9.525589,2.4954457,-0.11678475,0.033303447,209
-0.089904785,1.3264465,9.889511,2.1722338,-0.13332543,0.009090672,210
-0.034835815,1.3192749,9.934998,2.5885983,-0.13201751,0.0035063594,211
-0.41551208,1.0918121,9.635727,-1.111995,-0.112723656,0.043095328,212
-0.64056396,1.0894318,9.669235,-1.5358969,-0.11195339,0.06615098,213
-0.6908417,1.1828003,9.867966,-2.6560972,-0.11900497,0.06989448,214
-0.6429596,1.4030609,9.877533,2.5717685,-0.14080767,0.06500143,215
-0.58070374,1.4198303,9.604599,2.4653082,-0.14650154,0.060387496,216
-0.44664,1.6736145,9.444183,2.576941,-0.17519848,0.04725739,217
-0.20481873,1.8029022,9.580658,1.9684927,-0.18596467,0.021375101,218
-0.14735413,1.7502289,9.7530365,2.634052,-0.17754492,0.015107389,219
-0.26707458,1.6161499,9.803314,-0.6981165,-0.16332838,0.027236558,220
-0.36044312,1.529953,9.5399475,-1.167745,-0.15890776,0.037764546,221
-0.18087769,1.845993,9.425034,2.6521368,-0.19337752,0.019188844,222
0.34106445,2.1716003,9.611786,2.768323,-0.22206521,-0.0354691,223
0.33387756,2.1572418,9.657272,-0.35159513,-0.21964496,-0.034558892,224
-0.101867676,1.8675385,9.317291,2.6982038,-0.19780508,0.01093275,225
-0.37480164,1.6472778,9.15448,-0.9736057,-0.17789109,0.04091903,226
-0.1617279,1.6712189,9.403488,2.7903152,-0.17586134,0.017197018,227
0.13993835,1.5802307,9.621353,1.1719075,-0.16277176,-0.014543534,228
-0.056381226,1.5898132,10.035553,2.8257647,-0.15711004,0.005618089,229
0.087265015,1.719101,10.610168,1.8212472,-0.16062269,-0.008224473,230
-0.17848206,1.5275574,10.413834,-1.0297016,-0.14562564,0.017137261,231
-0.78900146,1.2761688,9.908661,-1.2839012,-0.12768836,0.0794598,232
-0.75309753,1.2210999,9.820068,2.735216,-0.12335384,0.07653982,233
-0.5663452,1.4078522,10.088226,2.2090204,-0.13844326,0.05608036,234
-0.13778687,1.4533386,9.927811,2.8512483,-0.14534436,0.013877986,235
-0.032440186,1.5586853,9.559113,2.5742762,-0.16163413,0.0033936268,236
0.2596588,1.585022,9.551926,2.955968,-0.16437943,-0.02717723,237
0.42964172,1.6688232,9.6884,1.9121913,-0.17041151,-0.044316955,238
0.022628784,1.4293976,10.028366,2.8996649,-0.14158143,-0.002256474,239
-0.3173523,1.1277313,10.332428,-0.7801418,-0.10866368,0.03070455,240
0.058547974,1.1851959,9.975693,2.9227843,-0.11825204,-0.005868996,241
0.5278015,1.6951599,9.750641,2.4110072,-0.171884,-0.054077156,242
0.7097626,1.8699341,10.06189,3.0246294,-0.18330166,-0.070423044,243
0.77919006,1.7885284,9.834442,1.134646,-0.17934759,-0.07906556,244
0.63793945,1.7502289,9.671631,-1.5157996,-0.17864774,-0.06586445,245
0.21417236,1.553894,10.057098,-1.0434821,-0.15326081,-0.021292422,246
0.29078674,1.6065674,10.198364,3.1095524,-0.15618536,-0.028505351,247
0.5038605,1.7621918,9.829651,2.321579,-0.17716098,-0.05121442,248
0.5637207,1.7789612,9.348419,3.0913262,-0.18771404,-0.06022825,249
0.26205444,1.5754547,9.278992,-1.0113368,-0.16811764,-0.02823419,250
-0.25749207,1.3408203,9.839233,2.9627767,-0.13539279,0.02616396,251
-0.058776855,1.3599701,10.2630005,1.3911271,-0.13174225,0.005727001,252
0.221344,1.585022,10.109772,3.0806797,-0.15547857,-0.021890568,253
0.3506317,1.4892578,9.822464,1.2116218,-0.15037717,-0.03568177,254
0.30993652,1.3647614,9.74585,-0.32765117,-0.139061,-0.031791188,255
0.1926117,1.3503876,9.863174,-1.3262842,-0.13604048,-0.019525886,256
0.15431213,1.3384247,9.803314,3.071621,-0.13567224,-0.015739514,257
0.2596588,1.3815155,9.623749,2.1222005,-0.1425275,-0.026974501,258
0.5325928,1.5084076,9.499252,-3.085028,-0.15723456,-0.05600817,259
0.6259613,1.5802307,9.571075,2.1528153,-0.163286,-0.06530834,260
0.52301025,1.3815155,9.784164,-3.048464,-0.14007446,-0.05340394,261
0.35302734,1.2450409,10.12175,-0.8014784,-0.122318044,-0.03486396,262
0.43443298,1.3551788,10.224701,2.4618828,-0.13165428,-0.042463034,263
0.55174255,1.5155945,9.860779,2.567816,-0.15227133,-0.05589496,264
0.5158386,1.6233368,9.776978,-3.136658,-0.1643112,-0.052711666,265
0.1591034,1.3982697,9.657272,-1.0472825,-0.14377081,-0.016473493,266
-0.25030518,1.1564636,9.235886,2.980499,-0.12452059,0.02709474,267
-0.121017456,1.3887024,9.216736,2.6354198,-0.14953423,0.013129432,268
0.4990692,1.6017761,9.820068,-3.0837874,-0.1614838,-0.05077767,269
0.676239,1.4533386,10.452148,0.524059,-0.1378764,-0.06460852,270
0.29556274,1.0654755,10.648468,-0.76207155,-0.09968898,-0.027749237,271
-0.16651917,0.85479736,10.02597,-1.2485697,-0.085040964,0.016607255,272
-0.034835815,1.1325226,9.422638,3.0437331,-0.11961706,0.0036970174,273
0.38175964,1.422226,9.542343,2.1454809,-0.147838,-0.039985586,274
0.6211853,1.5467224,9.994858,-3.108158,-0.15324287,-0.062070653,275
0.592453,1.6185455,10.265396,-2.1540127,-0.15612707,-0.05764965,276
0.44639587,1.474884,9.920639,3.1020467,-0.14744021,-0.04496635,277
0.17585754,1.4246063,9.621353,-1.5512172,-0.14697489,-0.018275803,278
-0.063568115,1.2354736,9.475311,3.0273492,-0.12965435,0.0067087146,279
-0.15693665,1.1349182,9.640503,-0.64965636,-0.11716921,0.016277447,280
0.113601685,1.1684265,9.76741,1.6369551,-0.11905126,-0.011630162,281
0.30514526,1.3982697,9.774582,2.438623,-0.14201938,-0.031208107,282
0.34344482,1.3815155,9.98288,3.1278162,-0.13743475,-0.03438982,283
0.1303711,1.0702667,10.0451355,-0.59526956,-0.10613646,-0.012977801,284
-0.12820435,0.88113403,9.686005,3.0441308,-0.090712205,0.013235267,285
-0.1904602,0.81648254,9.099426,-1.4096957,-0.08946987,0.020927958,286
0.15431213,1.2234955,9.408279,3.0092378,-0.12930162,-0.016400266,287
0.68582153,1.4341888,9.990067,1.8129123,-0.14225695,-0.06854281,288
0.79356384,1.585022,10.243851,2.4643993,-0.15306035,-0.07731293,289
0.676239,1.4341888,10.227097,-0.6712776,-0.13902596,-0.06602617,290
0.3697815,1.2929382,9.8320465,-3.0685685,-0.13066088,-0.0375921,291
0.21655273,1.3839111,9.697968,-2.2006445,-0.14170933,-0.022325993,292
0.37457275,1.3312378,9.94696,-3.0910594,-0.13294993,-0.037639223,293
0.20219421,1.1612549,10.239059,-0.7240592,-0.11290982,-0.019744774,294
-0.118621826,0.9338074,10.36116,-0.9307711,-0.089877054,0.011448202,295
-0.2239685,0.90986633,10.059494,-1.5985123,-0.09018084,0.022260714,296
-0.020462036,1.1229401,9.683609,2.9882665,-0.115447074,0.0021130557,297
0.16867065,1.2282867,9.779373,2.027859,-0.12492708,-0.017245883,298
0.3650055,1.3695526,10.148087,3.0942948,-0.13406058,-0.035952415,299
0.42964172,1.5155945,10.009216,2.737057,-0.15014212,-0.04289828,300
0.40570068,1.5347443,9.513611,-3.0430431,-0.15980014,-0.042618416,301
0.096847534,1.343216,9.188004,-1.135714,-0.14515609,-0.01054026,302
-0.111450195,1.0966034,8.910278,3.1223361,-0.12244646,0.012507397,303
0.21417236,1.1181488,9.123367,1.5537897,-0.12191736,-0.023470832,304
0.29078674,1.0056305,9.851196,0.28800762,-0.101685695,-0.029509343,305
0.0154418945,0.7805786,10.411438,-0.803644,-0.074833095,-0.0014831652,306
-0.37242126,0.79493713,10.315674,2.9818904,-0.07685922,0.036086794,307
-0.2311554,1.0032349,9.8320465,2.673134,-0.10165741,0.023506075,308
0.008270264,1.3096924,9.633331,2.992535,-0.13512574,-8.5850485E-4,309
0.21655273,1.3336334,9.623749,1.6872579,-0.13766594,-0.022498114,310
0.20698547,1.1947632,9.891907,3.0779142,-0.120173596,-0.020921677,311
0.21177673,0.9864807,10.1839905,-0.0054458254,-0.09654382,-0.020792067,312
0.12557983,0.9074707,10.212723,-0.81755847,-0.08861746,-0.012295791,313
0.19740295,1.0846405,9.951752,2.7811255,-0.10854022,-0.0198334,314
0.32429504,1.2713776,9.441788,-3.0893931,-0.13377129,-0.03433329,315
0.3985138,1.4030609,9.247864,2.662334,-0.15043151,-0.04306588,316
0.39611816,1.4174347,9.484894,-3.0923562,-0.14821617,-0.0417388,317
0.31710815,1.3072968,9.6740265,-0.56580776,-0.13424978,-0.0327676,318
0.104034424,1.1492767,9.678818,3.0235274,-0.11818129,-0.010748257,319
-0.1689148,1.0559082,9.958939,-1.1411697,-0.10561647,0.016959498,320
-0.26228333,0.9290161,10.255814,-0.50983846,-0.09030842,0.025568537,321
-0.18327332,0.9338074,10.155258,1.7515644,-0.091680385,0.018045176,322
-0.099472046,1.0319672,9.956543,3.1075373,-0.103273235,0.009990289,323
-0.16651917,1.0319672,10.2079315,-1.1873715,-0.100739025,0.016311277,324
-0.61183167,0.88591003,10.571854,2.914356,-0.08346459,0.057809155,325
-1.0212402,0.88591003,10.502426,-1.5767503,-0.08376048,0.09693376,326
-1.1577148,1.019989,9.915848,2.7125416,-0.10181721,0.11622778,327
-1.27742,1.0654755,9.705154,-1.9956572,-0.10841888,0.13087055,328
-1.3037567,1.1037903,10.071472,2.7237022,-0.10826385,0.12873456,329
-1.1289825,1.2187042,10.365952,1.9517108,-0.11634898,0.10848498,330
-1.0763092,1.2043457,10.169632,1.8537518,-0.117227994,0.105443075,331
-1.0547638,1.1133728,9.891907,-0.13416317,-0.11145564,0.106227584,332
-0.89434814,1.1109772,9.956543,2.7703066,-0.11068098,0.089584745,333
-0.5711365,1.2618103,10.0451355,1.9769411,-0.124760166,0.05679587,334
-0.4873352,1.3144836,9.98288,2.7482493,-0.13076667,0.048778374,335
-0.4370575,1.2306824,9.997253,0.54095685,-0.12237008,0.04368994,336
-0.082717896,1.2546234,10.186386,2.8936052,-0.12254547,0.008120257,337
-0.058776855,1.209137,10.385101,0.3524591,-0.11590625,0.0056596682,338
-0.2191925,1.1492767,10.387497,-1.211975,-0.11016788,0.02109844,339
-0.41551208,1.1804047,10.076248,-1.8772714,-0.11651758,0.041213438,340
-0.42747498,1.1325226,9.51123,2.779151,-0.11839573,0.044914007,341
-0.36523438,1.3001099,9.247864,2.8916483,-0.13956213,0.039473403,342
-0.51127625,1.506012,9.683609,2.6454766,-0.15407458,0.05274913,343
-0.6621094,1.3958893,10.188782,-0.5826077,-0.13587189,0.06489292,344
-0.8488617,1.2929382,10.308487,2.5496855,-0.12435651,0.08216053,345
-0.8129425,1.2019501,10.1289215,0.30126476,-0.117737725,0.08008786,346
-0.8416748,1.0726624,9.798523,2.5722442,-0.108640745,0.085687794,347
-0.9829407,0.9002838,9.484894,-0.8773342,-0.094133005,0.10326361,348
-1.1074371,0.8404236,9.444183,2.504086,-0.08815386,0.116728224,349
-1.1313782,0.84521484,9.384323,-1.877894,-0.08918199,0.11998138,350
-1.1241913,0.782959,9.463333,2.492235,-0.081974275,0.118240304,351
-1.2750244,0.62734985,9.781769,-0.5506196,-0.06351109,0.12961625,352
-1.1912384,0.6632538,10.064285,2.4852293,-0.065351695,0.11781479,353
-0.90153503,0.67762756,9.954147,1.6550509,-0.067693815,0.09032236,354
-0.73872375,0.6800232,9.6141815,1.7671721,-0.07040682,0.0766862,355
-0.7363281,0.72550964,9.506439,-3.031208,-0.07594346,0.07730138,356
-0.65971375,0.8188782,9.62854,2.4152832,-0.08464531,0.06840957,357
-0.46818542,0.9002838,9.839233,1.8728981,-0.09114276,0.047547664,358
-0.29818726,0.83802795,9.736282,2.3163464,-0.08582102,0.030616827,359
-0.22157288,0.87394714,9.501648,2.2499115,-0.09169562,0.02331519,360
0.13993835,1.0391388,9.889511,2.367081,-0.10468028,-0.014149235,361
0.38175964,1.1971588,10.45932,1.962696,-0.11388745,-0.036483273,362
0.37696838,1.2019501,10.5000305,1.962696,-0.11388745,-0.036483273,363
0.3578186,1.0175934,10.006821,-0.011331072,-0.10127733,-0.035742242,364
-0.022857666,0.73986816,9.626144,2.29018,-0.07670924,0.0023745357,365
-0.58070374,0.26582336,9.633331,-0.86417305,-0.027537165,0.06020782,366
-0.80337524,0.13653564,10.164841,2.1939752,-0.013389592,0.07887076,367
-0.3508606,0.17243958,10.344406,1.6430291,-0.016658716,0.03390491,368
0.051361084,0.347229,9.992462,2.1776571,-0.034734663,-0.0051399376,369
-0.0084991455,0.42622375,9.480103,-2.6072216,-0.04492955,8.965244E-4,370
-0.097076416,0.3879242,9.142517,-1.3160748,-0.042402964,0.010617729,371
0.048965454,0.4166565,9.314896,1.7142684,-0.044699717,-0.005256634,372
0.11122131,0.272995,9.525589,2.087003,-0.028649325,-0.011675525,373
0.113601685,0.4022827,9.681213,3.1370766,-0.041526176,-0.011733701,374
0.53977966,0.5579071,9.712341,1.9227033,-0.057291836,-0.055519562,375
0.6187897,0.71113586,9.760223,2.670864,-0.07258687,-0.06331439,376
0.5756836,0.7518463,9.765015,1.7838299,-0.0767096,-0.05888553,377
0.77441406,0.6512909,9.810501,1.0783961,-0.06608488,-0.078773916,378
1.0593109,0.6297302,9.623749,1.6926775,-0.0649507,-0.10963125,379
1.2029724,0.8643646,9.537567,2.5726228,-0.08967383,-0.12546736,380
1.2628326,1.1109772,9.882324,3.065765,-0.11105502,-0.12709819,381
1.4088745,1.2522278,10.157654,2.3462217,-0.1215087,-0.13782147,382
1.4304199,1.2354736,10.033157,1.5786288,-0.121307805,-0.14161493,383
1.2987366,1.1804047,10.028366,-1.1889986,-0.11620583,-0.12878948,384
1.2915497,1.1660461,10.195969,1.4930058,-0.11297371,-0.1260015,385
1.3968964,1.367157,10.315674,2.6899872,-0.13058597,-0.13459623,386
1.581253,1.6017761,10.037949,1.3040793,-0.15634188,-0.15624356,387
1.4735107,1.6736145,9.662064,-2.7909389,-0.1695904,-0.1513387,388
0.92285156,1.3240509,9.78656,-1.0043594,-0.1338894,-0.09401984,389
0.4703369,0.96492004,10.167236,-0.87594235,-0.094520964,-0.0462271,390
0.36740112,0.9840851,10.160049,1.3517307,-0.096494414,-0.0361456,391
0.83425903,1.2761688,9.657272,2.173351,-0.1309027,-0.08617268,392
1.3178864,1.632904,9.35321,1.178577,-0.17118265,-0.13998052,393
1.5213928,1.8052979,9.336441,2.25582,-0.18857566,-0.16153236,394
1.3490143,1.6113586,9.468124,1.1733723,-0.16691847,-0.14152701,395
1.4400024,1.5203857,9.669235,0.45782733,-0.15428823,-0.1478396,396
1.3298645,1.4413757,9.827255,-0.9231977,-0.14433572,-0.13450702,397
1.6291351,1.5371399,10.116959,1.7501473,-0.14889438,-0.1596595,398
2.4216156,2.1165314,10.222305,1.0028453,-0.19881262,-0.23260726,399
2.438385,2.3200378,9.573471,2.6641092,-0.23066269,-0.24939942,400
1.6818085,1.8196564,8.924637,1.0583678,-0.19774625,-0.18626127,401
0.9587555,1.3168793,9.19519,-0.95820683,-0.14148992,-0.10389166,402
1.2173309,1.3264465,10.375534,1.1420486,-0.12629691,-0.11679311,403
1.751236,1.9992218,10.830429,2.4651587,-0.18024844,-0.16030839,404
1.4806976,2.253006,9.810501,-2.905743,-0.22329392,-0.14979921,405
0.5828705,1.8196564,8.725922,-1.3421788,-0.20514387,-0.0666985,406
-0.056381226,1.3384247,8.587067,1.2422408,-0.1546178,0.0065657366,407
0.08248901,1.4174347,9.64769,1.0401567,-0.14587072,-0.008549923,408
0.6355438,1.5610809,10.863953,1.1831257,-0.14247644,-0.05843364,409
1.1191711,1.8507843,11.282928,2.0181394,-0.16180596,-0.09886814,410
1.0664978,1.7741699,10.746628,1.156243,-0.16282937,-0.098916344,411
0.19979858,1.2833557,9.812897,-1.1657752,-0.13001783,-0.020358002,412
-0.29818726,1.1612549,9.108994,-1.5051028,-0.12673329,0.032723792,413
-0.22636414,1.336029,9.034775,2.7783585,-0.14676693,0.02504952,414
0.29078674,1.4844666,9.458557,1.2267443,-0.15560208,-0.030733565,415
1.0401611,1.8579559,10.102585,1.9080979,-0.18094102,-0.102598384,416
1.3226776,2.0231628,10.186386,1.136592,-0.19447164,-0.12912512,417
0.9396057,1.7957153,9.750641,-1.1824845,-0.18130171,-0.09606686,418
0.30993652,1.4629211,9.520798,1.2650317,-0.15238342,-0.032542136,419
-0.039627075,1.2474365,9.405884,-1.054509,-0.13185239,0.0042129843,420
0.23571777,1.2953186,9.686005,1.606035,-0.13290328,-0.024331111,421
0.73609924,1.506012,10.064285,1.8736435,-0.14814717,-0.073009744,422
0.67385864,1.5419312,10.473694,1.2055956,-0.14587212,-0.06424965,423
0.45837402,1.5395355,10.75621,-1.3922244,-0.14203718,-0.042589057,424
0.51104736,1.5443268,10.643677,1.2336332,-0.14392434,-0.047977332,425
0.67385864,1.5874176,10.093018,2.135191,-0.1556599,-0.066665895,426
1.0305939,2.071045,9.338837,1.1411382,-0.21695921,-0.10991096,427
1.3897247,2.5666504,9.283768,2.4920633,-0.2668967,-0.14859071,428
0.755249,1.9680939,9.487274,1.1946795,-0.20391722,-0.07943901,429
-0.5711365,1.1133728,9.228714,-1.017504,-0.11983495,0.061808072,430
-0.84407043,1.051117,9.111389,-1.3909097,-0.114369825,0.0923754,431
0.18544006,1.4916534,9.434616,1.9277725,-0.15677658,-0.019652754,432
0.7815857,1.8603516,9.973297,1.1912851,-0.18386282,-0.07820799,433
0.6403351,1.8244476,10.418625,-0.9902212,-0.17303632,-0.0613834,434
0.101638794,1.4677124,10.145691,1.2579341,-0.14365984,-0.0100175915,435
-0.23594666,1.3839111,9.678818,-1.5190228,-0.14197926,0.024372805,436
0.24049377,1.6568451,9.484894,1.2313293,-0.17288314,-0.025350021,437
0.46076965,1.8890839,9.606995,2.3278053,-0.19394179,-0.047925167,438
0.300354,1.7813416,9.978088,-0.78870076,-0.17658584,-0.030092271,439
0.26922607,1.6041718,9.9110565,-0.17671,-0.160407,-0.027157536,440
0.087265015,1.687973,9.563889,1.2451981,-0.17468819,-0.009124175,441
-0.0037078857,1.6807861,9.37236,-1.8563311,-0.1774481,3.956192E-4,442
0.15670776,1.5706635,9.334045,1.2775925,-0.16668767,-0.016787259,443
0.30514526,1.8076782,9.659668,2.465925,-0.1849068,-0.031579122,444
0.4559784,1.8795166,9.829651,1.23507,-0.1887303,-0.046354823,445
0.22373962,1.719101,9.60939,-1.0908434,-0.17697838,-0.02327923,446
0.027420044,1.664032,9.695572,-1.2342911,-0.16997138,-0.002828092,447
0.101638794,1.6281128,9.817688,0.9201042,-0.16433036,-0.01035225,448
0.1878357,1.6999512,9.906265,1.2581766,-0.16991839,-0.01895903,449
0.31233215,1.7095184,10.109772,1.3614244,-0.16743268,-0.030884262,450
-0.034835815,1.5251617,10.20314,1.2970654,-0.14838016,0.0034142116,451
-0.33410645,1.5730591,10.160049,-1.7434734,-0.15352654,0.032872487,452
-0.0013122559,1.7693787,9.958939,1.2310876,-0.17583261,1.3176663E-4,453
0.51104736,1.9704895,9.64769,2.0187175,-0.20119913,-0.052921493,454
0.6642761,1.8723297,9.240677,1.4723748,-0.19941084,-0.071762644,455
0.13755798,1.6999512,9.044357,-1.3244541,-0.18576851,-0.015208088,456
-0.21440125,1.5730591,9.343628,1.2337824,-0.16674913,0.022942226,457
-0.22875977,1.6257324,9.516006,-2.7213366,-0.16916032,0.024034843,458
0.18304443,1.822052,9.537567,1.1905954,-0.18873109,-0.019189587,459
0.44639587,1.9058533,9.702759,1.7570026,-0.19375475,-0.04597469,460
0.29078674,1.7071228,10.028366,1.2159239,-0.1685436,-0.0289883,461
-0.1329956,1.4102478,10.36116,-0.8899929,-0.13526677,0.012835271,462
-0.14735413,1.371933,10.389893,-0.32230046,-0.1312724,0.014181498,463
0.41288757,1.6520691,9.978088,2.1031194,-0.16394337,-0.04135583,464
0.68582153,1.9968262,9.7267,1.1523273,-0.20199214,-0.07039267,465
0.379364,1.8723297,9.772186,-1.1752939,-0.18916455,-0.03880131,466
0.060928345,1.6161499,9.839233,1.2156,-0.16279887,-0.0061923084,467
-0.075531006,1.6544495,9.76741,-1.9180044,-0.16778713,0.007732807,468
0.14472961,1.6831818,9.487274,1.2061731,-0.17556764,-0.015253948,469
0.37696838,1.8052979,9.29335,2.1444283,-0.19171353,-0.040541016,470
0.41767883,1.9633026,9.571075,2.859968,-0.20213497,-0.043612026,471
0.053756714,1.7310638,9.915848,-0.90427494,-0.17283124,-0.00542124,472
-0.2191925,1.529953,9.891907,1.256443,-0.15341417,0.022155145,473
0.14233398,1.7286835,9.788956,2.1008162,-0.17477505,-0.014539238,474
0.5828705,1.980072,9.422638,1.1649448,-0.2067422,-0.061779805,475
0.5493469,2.0854187,9.480103,-2.7574,-0.21617836,-0.057882633,476
0.099243164,1.687973,9.923019,1.2419102,-0.16848569,-0.010000974,477
-0.073135376,1.4940491,10.157654,-0.64645904,-0.14603516,0.0071999016,478
0.30514526,1.7071228,10.109772,1.1674045,-0.16720596,-0.03017404,479
0.4990692,1.8076782,9.70755,2.242763,-0.1838676,-0.051365197,480
0.31233215,1.7550049,9.448975,-1.5511782,-0.18354431,-0.033042576,481
0.123184204,1.6065674,9.652481,-0.8185127,-0.1649158,-0.012761229,482
-0.085113525,1.4892578,10.1289215,1.2261468,-0.1459792,0.008402822,483
0.017837524,1.4725037,10.418625,1.0619361,-0.14040364,-0.0017120788,484
0.2428894,1.6209412,10.076248,1.1821395,-0.15945548,-0.024100475,485
0.26683044,1.7933197,9.223923,2.9961398,-0.19194663,-0.028920023,486
0.113601685,1.8699341,8.701981,1.1958078,-0.21164972,-0.013053952,487
0.221344,1.8316193,9.144913,0.6598323,-0.1976164,-0.024199335,488
0.300354,1.8412018,10.076248,0.31304216,-0.1806545,-0.029799296,489
0.075302124,1.8268433,10.44017,-1.2462926,-0.17322393,-0.007212605,490
-0.039627075,1.7526245,10.02597,1.1972802,-0.1730585,0.003952422,491
-0.027648926,1.8388062,9.314896,3.0972273,-0.19489822,0.0029682398,492
0.060928345,1.9297943,9.226318,1.224884,-0.20618497,-0.0066036587,493
-0.032440186,1.8005066,9.66684,-0.41631362,-0.1841449,0.0033558086,494
-0.21440125,1.6448822,10.145691,1.2623204,-0.16069242,0.021129103,495
-0.3293152,1.5658722,10.28215,-0.83923507,-0.15105285,0.032016907,496
-0.15454102,1.6281128,9.997253,2.1343615,-0.16141978,0.015457117,497
0.16149902,1.8005066,9.523193,2.240275,-0.18683352,-0.01695687,498
0.28120422,1.8124695,9.362778,1.178768,-0.1911332,-0.030025247,499
0.16867065,1.6760101,9.686005,-0.55814564,-0.1713122,-0.01741209,500
0.075302124,1.7262878,10.133713,1.2241542,-0.16872668,-0.0074307155,501
0.24768066,1.9130249,10.205536,2.3531415,-0.1852461,-0.024264483,502
0.59484863,2.0734406,9.791351,1.1600236,-0.20830658,-0.060677875,503
0.64512634,2.1883698,9.276596,2.7824285,-0.23112832,-0.06943165,504
0.29795837,1.9513397,9.307709,1.1639924,-0.20655192,-0.03200107,505
-0.19763184,1.585022,9.772186,-0.83792925,-0.16076463,0.020221155,506
-0.068344116,1.6281128,10.169632,1.419337,-0.1587449,0.0067203105,507
0.33148193,1.8819122,10.181595,2.1212952,-0.1826773,-0.03254548,508
0.4703369,2.0111847,9.973297,1.1274283,-0.19877315,-0.047124706,509
0.39372253,1.9752808,9.604599,-2.1433966,-0.20266621,-0.040970188,510
0.1806488,1.8890839,9.324478,1.1790826,-0.19985208,-0.019371185,511
0.20698547,1.8052979,9.420242,0.23674348,-0.18929999,-0.02196888,512
-0.042007446,1.7310638,9.762619,-1.0775521,-0.17548989,0.0043028602,513
0.092056274,1.7358551,9.908661,1.4160969,-0.17341845,-0.009290218,514
0.23332214,1.8435974,9.765015,1.220392,-0.18654779,-0.023889136,515
0.26683044,1.7717743,9.499252,1.076215,-0.1843273,-0.028082242,516
-0.042007446,1.640091,9.319687,1.2348588,-0.17419596,0.0045073577,517
-0.15214539,1.506012,9.2981415,-0.70743763,-0.16055351,0.016361529,518
-0.1401825,1.5634766,9.575867,1.2347239,-0.16182749,0.014638099,519
0.092056274,1.6975555,9.999634,1.8314962,-0.16815163,-0.009205705,520
0.25247192,1.8555756,10.164841,2.2458348,-0.1805058,-0.024832658,521
0.17825317,1.8675385,9.779373,-2.4686413,-0.18866459,-0.018225446,522
0.036987305,1.8244476,9.427429,1.235896,-0.19116095,-0.003923351,523
0.039382935,1.8316193,9.504044,1.235896,-0.19116095,-0.003923351,524
0.22373962,1.9417572,9.879929,1.207351,-0.19401364,-0.022642003,525
0.4775238,2.0064087,10.172028,1.5905043,-0.1945388,-0.046910357,526
0.39372253,1.9633026,10.06189,1.1915047,-0.19255769,-0.039110128,527
0.041778564,1.7119141,9.717117,-1.0795418,-0.17438404,-0.004299455,528
-0.26707458,1.5586853,9.583054,1.2997429,-0.1611767,0.027862253,529
-0.118621826,1.5874176,9.683609,1.6533462,-0.16247116,0.012249141,530
0.36260986,1.8100739,9.803314,1.9575032,-0.18246064,-0.03697164,531
0.4080963,2.0183716,9.731491,2.923009,-0.20433204,-0.041911084,532
0.20458984,1.960907,9.484894,1.2046732,-0.20382175,-0.021566728,533
0.23571777,1.8435974,9.343628,0.37573913,-0.19474791,-0.025222301,534
0.3506317,1.8842926,9.575867,1.2082937,-0.19416596,-0.036599834,535
0.5709076,1.8196564,9.769791,1.1187536,-0.18383682,-0.058369633,536
0.6810303,1.8172607,9.906265,1.1824499,-0.18101044,-0.06863943,537
0.9252472,1.8148651,9.94696,1.5138694,-0.17971003,-0.0927512,538
1.0928345,1.7861328,9.999634,1.3234261,-0.17573102,-0.10885544,539
1.1479034,1.8148651,10.1409,1.6383705,-0.17598951,-0.11271565,540
1.4591522,1.9537354,10.06189,1.1064945,-0.18984753,-0.14401376,541
1.5142212,1.9154205,9.760223,1.7432202,-0.19155,-0.15391502,542
1.399292,1.8029022,9.954147,1.1559936,-0.17747028,-0.13965863,543
1.6411133,1.7095184,10.172028,0.9909308,-0.1644175,-0.15995756,544
1.9140472,1.8938751,10.028366,1.1021091,-0.18341827,-0.18859506,545
1.9236298,1.9585266,9.731491,2.6307116,-0.19492921,-0.19515476,546
1.9691162,1.8172607,9.532776,0.67979115,-0.1845669,-0.20369785,547
2.0265808,1.7334595,9.525589,0.60542965,-0.17615068,-0.20962575,548
2.1606445,1.7214966,9.693176,1.1448882,-0.17163901,-0.21931824,549
2.232483,1.5610809,9.934998,0.08658043,-0.1521222,-0.22103742,550
2.2276917,1.4605255,10.006821,1.2205896,-0.14151321,-0.21904542,551
2.364151,1.427002,10.028366,1.264934,-0.13762443,-0.23151915,552
2.2133179,1.3168793,9.9110565,1.3114712,-0.12895593,-0.21971297,553
1.9523621,1.1756134,9.714737,-1.0962727,-0.118089244,-0.19832721,554
1.9427795,1.0942078,9.482498,1.4405482,-0.11256631,-0.20208398,555
1.8087006,1.0870361,9.381943,-1.6320301,-0.11328272,-0.19044882,556
1.6770172,1.0295715,9.527985,-1.1468983,-0.106022716,-0.17422515,557
1.5549164,0.9385834,9.918243,-0.96762896,-0.09321914,-0.1555076,558
0.9396057,0.56030273,9.870346,1.5997171,-0.056450754,-0.0949088,559
0.51104736,0.37355042,9.760223,-1.164682,-0.038201783,-0.05231244,560
0.50146484,0.49327087,9.872742,1.7499772,-0.04985723,-0.050749253,561
0.38894653,0.6800232,9.961334,-2.5710652,-0.06810879,-0.039025802,562
0.38894653,0.6919861,9.990067,1.9019506,-0.06910475,-0.038913675,563
0.300354,0.7063446,9.951752,-1.7653577,-0.07082595,-0.03017186,564
0.001083374,0.53157043,9.784164,1.9582134,-0.05427631,-1.1072729E-4,565
-0.3460846,0.4669342,9.760223,-1.3887969,-0.047774095,0.035443828,566
-0.47297668,0.54115295,9.733887,2.0515835,-0.055472262,0.048552547,567
-0.20481873,0.7518463,9.891907,2.2024217,-0.07584416,0.020702729,568
-0.087509155,0.7997284,10.035553,2.2061675,-0.07951846,0.008719693,569
-0.41311646,0.6297302,9.978088,-1.0997485,-0.0629739,0.041378733,570
-0.67648315,0.55311584,9.932602,-1.2959259,-0.055501137,0.06800233,571
-0.32452393,0.6034088,10.021194,1.6985841,-0.060109213,0.03237244,572
0.15670776,0.778183,10.351593,2.3198752,-0.07502549,-0.01513736,573
0.063323975,0.778183,10.497635,-1.4571987,-0.073992684,-0.00603214,574
-0.8608246,0.42144775,10.018799,2.3447583,-0.041886766,0.085710436,575
-1.5048676,0.3591919,9.54953,-1.5022053,-0.03713797,0.15630016,576
-0.88716125,0.59143066,9.202377,2.4430606,-0.06388568,0.096108645,577
-0.073135376,1.2761688,9.209549,2.265375,-0.13768905,0.007941088,578
-0.087509155,1.549118,9.37236,2.520863,-0.16379781,0.009336667,579
-0.81773376,1.2857513,9.465729,-1.1973798,-0.13451105,0.08617494,580
-1.1409607,1.0846405,9.575867,-0.95832825,-0.11200189,0.11859051,581
-0.8297119,1.1804047,9.662064,1.8409061,-0.12112518,0.085663006,582
-0.7147827,1.1708221,9.731491,2.5465074,-0.119418554,0.073318824,583
-1.3300934,1.1277313,10.152863,-1.3973222,-0.10969205,0.13026488,584
-1.7754211,0.83802795,10.375534,2.5824077,-0.079444915,0.16947472,585
-1.9262543,0.88352966,9.776978,-1.9152975,-0.08843269,0.19452797,586
-1.3157349,1.3192749,9.020416,2.539705,-0.143725,0.14484045,587
-0.7004242,1.6951599,8.814514,2.1804402,-0.18941215,0.07929598,588
-0.62620544,1.7286835,9.458557,0.96115446,-0.1803825,0.0661087,589
-1.1289825,1.288147,10.002029,-0.70772946,-0.127284,0.1123996,590
-1.7299194,1.2067413,10.375534,2.499699,-0.114223406,0.16521092,591
-1.6030273,1.2666016,10.313278,2.109235,-0.12076497,0.15419944,592
-1.2965698,1.343216,9.956543,2.646009,-0.13298872,0.12949418,593
-1.6102142,1.1516724,9.889511,-1.0389423,-0.11443814,0.16140406,594
-1.9573822,1.04393,10.162445,2.6427999,-0.10053024,0.19027919,595
-1.8616028,1.04393,10.310883,1.4651206,-0.09930683,0.17862308,596
-1.5359955,1.1109772,10.444962,1.7382575,-0.10484723,0.1460096,597
-1.3037567,1.3264465,10.626923,2.2283437,-0.12326248,0.12207428,598
-1.3420715,1.233078,10.344406,2.688841,-0.117665604,0.12901819,599
-1.5048676,1.1564636,9.690796,-1.5578778,-0.11738085,0.15405785,600
-1.0906677,1.4174347,9.606995,2.592137,-0.14556335,0.11304449,601
-0.8560486,1.5443268,9.693176,2.015899,-0.15739068,0.088086024,602
-0.9182892,1.4437714,9.860779,2.7743895,-0.14476493,0.09285761,603
-0.93266296,1.3647614,9.942184,-0.07485759,-0.13582821,0.093534924,604
-0.9087219,1.4126434,10.018799,2.8936353,-0.13951065,0.090454176,605
-0.8512573,1.3455963,9.96373,0.73222286,-0.13375585,0.085228644,606
-0.30537415,1.5155945,9.645294,1.9605849,-0.15578184,0.031649854,607
0.29795837,1.8962708,9.690796,2.111606,-0.19314687,-0.03073685,608
0.17106628,1.7861328,9.968521,2.9460552,-0.17727038,-0.017158965,609
0.10882568,1.6736145,10.126526,-0.43757686,-0.16378051,-0.010746182,610
-0.089904785,1.5778351,9.975693,3.0342681,-0.15686218,0.009012141,611
-0.30776978,1.4725037,9.839233,-1.20516,-0.14848226,0.03126966,612
0.039382935,1.5562897,9.681213,2.9428222,-0.15938865,-0.0040679527,613
0.50865173,1.7621918,9.542343,2.0091047,-0.18236023,-0.0532543,614
0.4080963,1.7478333,9.60939,-1.3302522,-0.17976257,-0.04244299,615
0.18304443,1.3982697,9.975693,-0.5289755,-0.13923725,-0.018346986,616
-0.065963745,1.257019,10.595795,2.975022,-0.11807961,0.0062253843,617
-0.1952362,1.1468811,10.483276,-0.93215936,-0.108948916,0.018621435,618
0.001083374,1.3743286,9.915848,3.0767453,-0.13772179,-1.0925683E-4,619
0.17825317,1.6185455,9.62854,2.5767353,-0.16651371,-0.018510886,620
0.14952087,1.6257324,9.458557,-2.5146463,-0.17019548,-0.015806684,621
-0.121017456,1.4796753,9.654877,-0.9934145,-0.15206176,0.012533679,622
-0.3005829,1.3288422,10.002029,2.9111254,-0.13202482,0.030043148,623
0.036987305,1.3791199,10.018799,1.7101843,-0.13679262,-0.0036917736,624
0.34106445,1.6257324,9.721909,-3.1263804,-0.16559048,-0.035067666,625
0.048965454,1.5131989,9.448975,-1.3419063,-0.1587938,-0.0051820455,626
-0.2694702,1.3863068,9.379547,2.978593,-0.14667903,0.028721655,627
0.17585754,1.6257324,9.743454,1.9503043,-0.16530432,-0.018046828,628
0.34106445,1.6281128,10.006821,-3.132708,-0.16119505,-0.03407001,629
-0.037231445,1.4964447,10.021194,-1.2337196,-0.14823164,0.0037152532,630
-0.027648926,1.367157,9.927811,0.08065309,-0.13684855,0.0027849902,631
0.18304443,1.4892578,9.741074,2.1764812,-0.15168327,-0.018788781,632
0.45358276,1.6544495,9.834442,3.085773,-0.16649576,-0.0460892,633
0.221344,1.5562897,9.94458,-1.1212752,-0.15519929,-0.022254078,634
-0.22875977,1.3887024,9.836838,3.1124463,-0.14020944,0.023251224,635
-0.20481873,1.3863068,9.772186,1.8622949,-0.14089163,0.020956287,636
-0.020462036,1.4365845,9.853592,3.021707,-0.14477266,0.0020766037,637
0.077697754,1.4030609,9.939789,1.1353766,-0.1402253,-0.007816683,638
0.036987305,1.3336334,9.908661,-0.56079173,-0.13378777,-0.0037328084,639
-0.22875977,1.3384247,9.7530365,-1.6635278,-0.13634269,0.023450935,640
-0.30297852,1.427002,9.573471,3.0714612,-0.14789553,0.03163716,641
0.036987305,1.5012207,9.501648,1.8137013,-0.15669933,-0.0038927055,642
0.15670776,1.5562897,9.693176,-3.1162791,-0.15917608,-0.016165404,643
0.025024414,1.6544495,9.934998,-1.9786335,-0.16501269,-0.002518809,644
-0.042007446,1.6807861,9.693176,3.1405928,-0.17169015,0.004333686,645
0.13276672,1.798111,9.494461,2.2781794,-0.18715069,-0.013982686,646
0.20698547,1.6712189,9.654877,0.43407103,-0.17135888,-0.021435155,647
0.001083374,1.3743286,9.721909,-0.59635043,-0.14043355,-1.11436355E-4,648
-0.30537415,1.3623657,9.736282,2.9705458,-0.13895658,0.031354275,649
-0.21200562,1.3336334,9.985275,1.0157062,-0.13274468,0.021228636,650
0.005874634,1.470108,10.011612,3.0593226,-0.14579831,-5.8678194E-4,651
0.26445007,1.6927643,9.810501,2.3339293,-0.17080292,-0.026949292,652
0.34823608,1.6927643,9.635727,3.108019,-0.17379014,-0.036124375,653
-0.109054565,1.5036163,9.640503,-1.1798903,-0.15471235,0.011311642,654
-0.32452393,1.3599701,9.855988,3.099278,-0.13704495,0.032914683,655
0.087265015,1.474884,9.920639,1.8176616,-0.14758162,-0.008796083,656
0.28359985,1.6807861,9.939789,2.364278,-0.16744529,-0.02852404,657
0.063323975,1.506012,9.769791,-0.9811988,-0.15294287,-0.0064815194,658
-0.2024231,1.3982697,9.602203,3.007199,-0.1445716,0.02107778,659
-0.21440125,1.470108,9.62854,-2.9732249,-0.15147525,0.022263585,660
-0.111450195,1.4413757,9.506439,3.0157692,-0.15046471,0.011723116,661
-0.089904785,1.3216553,9.05632,0.30928075,-0.1449073,0.009926971,662
0.056152344,1.3982697,9.144913,3.0839353,-0.15172344,-0.006140205,663
0.068115234,1.3958893,9.954147,0.055937614,-0.13932018,-0.006842793,664
0.032211304,1.3336334,10.567062,-0.2662539,-0.12554231,-0.0030482647,665
0.1519165,1.5610809,10.45694,2.6752431,-0.14817676,-0.014526795,666
0.46076965,1.6855774,9.839233,-3.0520406,-0.1694827,-0.046795648,667
0.5565338,1.798111,9.415451,2.572919,-0.18838127,-0.059039872,668
0.47991943,1.6257324,9.5351715,-3.1170907,-0.16866514,-0.05028906,669
0.27401733,1.4174347,10.148087,-0.6537437,-0.13872734,-0.02699531,670
0.28359985,1.3001099,10.567062,3.1312177,-0.122375324,-0.026831657,671
0.3578186,1.3982697,10.51918,2.5084097,-0.13207552,-0.034002714,672
0.34584045,1.5586853,9.934998,-3.0704885,-0.15552711,-0.03479627,673
0.32429504,1.6041718,9.204773,3.1170402,-0.17243828,-0.03521662,674
0.31710815,1.5347443,8.927032,-3.1025088,-0.17015134,-0.035507306,675
0.003479004,1.3096924,9.587845,-0.78774107,-0.13575901,-3.6285564E-4,676
-0.25749207,1.1109772,10.75621,2.9397128,-0.10289281,0.02393435,677
-0.27903748,1.0559082,11.122528,-0.13718101,-0.09462093,0.025082333,678
-0.094680786,1.1325226,10.454544,2.990933,-0.107903086,0.009056177,679
0.19021606,1.2977142,9.417847,2.3538067,-0.13690323,-0.020194659,680
0.24049377,1.3599701,8.63974,2.7656517,-0.15606815,-0.02782858,681
-0.015686035,1.2833557,8.761841,-1.2203335,-0.14543663,0.0017902651,682
-0.113845825,1.1971588,9.750641,3.0827286,-0.12215779,0.011675197,683
0.022628784,1.154068,10.478485,0.83336383,-0.109694555,-0.0021595438,684
0.27401733,1.3144836,10.516785,-3.120658,-0.124302514,-0.026049346,685
0.2381134,1.2857513,9.9661255,-2.6456482,-0.12826726,-0.02388773,686
-0.099472046,1.2067413,9.336441,3.017405,-0.12853086,0.010653769,687
-0.1329956,1.3408203,9.465729,-2.8716023,-0.14070013,0.0140493,688
0.28359985,1.640091,9.858383,2.0850189,-0.1647883,-0.028759448,689
0.26445007,1.6807861,9.858383,-2.697201,-0.16880976,-0.026818462,690
-0.20002747,1.2785645,9.401093,3.009421,-0.13514215,0.021273835,691
-0.5591583,1.019989,9.058716,-1.042987,-0.11191405,0.061647788,692
-0.70521545,1.0151978,9.252655,2.872898,-0.10896894,0.07607056,693
-0.82492065,0.9194336,9.547134,-0.64690125,-0.09565435,0.08619098,694
-0.8201294,0.96014404,10.06189,2.9660082,-0.0948232,0.0813287,695
-0.70999146,1.0942078,10.325256,2.2649302,-0.10533296,0.06865453,696
-0.7075958,1.2282867,10.172028,-3.0872042,-0.11988268,0.069451034,697
-1.0547638,1.3072968,10.107376,-1.799589,-0.12793963,0.10397948,698
-1.3420715,1.1995544,10.12175,2.8305664,-0.116948225,0.1318239,699
-1.4881134,1.3312378,10.236664,-2.2958622,-0.12798984,0.1443597,700
-1.1217957,1.5179901,10.334824,2.8122334,-0.14499858,0.1081219,701
-1.0643463,1.6664276,10.241455,2.8569586,-0.16045107,0.103553556,702
-1.4809265,1.5586853,10.315674,2.739428,-0.14846483,0.14258659,703
-1.6580963,1.2977142,10.447357,-0.50643104,-0.122069195,0.15739687,704
-1.5240326,1.2450409,10.370743,2.8809547,-0.118223615,0.14591064,705
-1.2989655,1.1851959,10.107376,1.434803,-0.11578377,0.12781596,706
-1.1361694,1.2163239,10.148087,1.7391461,-0.11855468,0.111494675,707
-0.9757538,1.1253357,10.411438,1.0054427,-0.10720234,0.093446456,708
-0.93026733,1.0894318,10.6341095,2.7711241,-0.10170503,0.08725744,709
-1.0236359,0.88830566,10.468903,-0.5269587,-0.08424921,0.09746888,710
-1.1050415,0.8476105,10.150482,2.6918473,-0.08282407,0.108438864,711
-1.0068817,1.0151978,9.939789,2.7571785,-0.10126713,0.100953735,712
-1.0427856,1.2618103,9.729095,2.6902893,-0.12824814,0.106774546,713
-1.1888428,1.2522278,9.64769,-1.5613495,-0.12811567,0.12260756,714
-1.7442932,0.7997284,9.592621,-0.88561517,-0.08184089,0.17987171,715
-2.00766,0.49087524,9.724304,-0.62964386,-0.049396377,0.20359735,716
-1.5168457,0.54833984,9.693176,2.602665,-0.055831425,0.15522704,717
-0.9206848,0.84521484,9.360382,2.103465,-0.08962266,0.09804438,718
-0.6525421,0.9002838,9.341232,2.6209009,-0.095848516,0.069742806,719
-0.87519836,0.5794525,10.064285,-0.41360158,-0.057295877,0.08674259,720
-1.387558,0.1461029,10.507217,2.5347013,-0.013784449,0.13129787,721
-1.4809265,-0.0071258545,10.181595,-0.73700136,6.925881E-4,0.14443843,722
-0.798584,0.27539062,9.66684,2.0086951,-0.028383834,0.0824235,723
-0.034835815,0.782959,9.468124,2.1711938,-0.08250591,0.0036792564,724
0.068115234,0.9840851,9.542343,2.4476259,-0.10276235,-0.0071380874,725
-0.056381226,0.723114,9.78656,-0.41640544,-0.07375324,0.0057610236,726
0.20458984,0.3807373,9.810501,2.3995466,-0.038781267,-0.020851146,727
0.21655273,0.30412292,9.930206,0.115991615,-0.0306092,-0.021804018,728
-0.015686035,0.29933167,10.365952,2.3534966,-0.028868373,0.0015132256,729
-0.063568115,0.3113098,10.514389,-1.7305738,-0.029598791,0.0060457475,730
0.22853088,0.50045776,10.239059,2.166328,-0.04882631,-0.022315813,731
0.7887726,0.6225586,9.66684,1.8223515,-0.0641002,-0.08141534,732
0.5613251,0.6225586,9.362778,2.2973738,-0.06627654,-0.05988116,733
-0.027648926,0.49806213,9.652481,-1.3381592,-0.05155346,0.0028644295,734
-0.027648926,0.42144775,9.915848,2.245319,-0.04247671,0.00278835,735
0.14233398,0.5148163,9.681213,2.117605,-0.053121068,-0.014701022,736
0.13993835,0.6919861,9.259827,2.0967803,-0.074582785,-0.015111266,737
0.080093384,0.83802795,9.41066,-2.7083006,-0.08881345,-0.008510715,738
0.22613525,0.7446594,10.097809,0.7371767,-0.07359302,-0.022390746,739
0.3362732,0.6297302,10.605377,0.57517964,-0.059279032,-0.03169718,740
0.4847107,0.6656494,10.444962,1.93926,-0.06357494,-0.0463729,741
0.8175049,0.8188782,9.82486,2.0551856,-0.0828703,-0.08301655,742
0.944397,0.9074707,9.369965,1.8156613,-0.09606409,-0.10045058,743
0.8965149,0.8930969,9.413055,-1.2375033,-0.094171755,-0.09495523,744
1.1383209,1.0080261,9.731491,1.6799245,-0.10252176,-0.11644375,745
1.3178864,1.2115326,9.882324,2.4241078,-0.12092718,-0.1325757,746
1.3370514,1.367157,9.796127,2.958497,-0.13740754,-0.13564956,747
1.4328156,1.6137543,9.669235,2.7325912,-0.16361716,-0.14711238,748
1.3538055,1.585022,9.645294,1.5363058,-0.16132176,-0.1394482,749
1.0377655,1.4964447,9.827255,-1.2529129,-0.15029106,-0.10521082,750
1.0090332,1.4437714,9.803314,1.4751692,-0.14546505,-0.10256658,751
1.157486,1.5634766,9.738678,2.2515013,-0.15809059,-0.118299566,752
1.181427,1.6281128,9.817688,1.4382783,-0.16318277,-0.11976072,753
1.0976257,1.3503876,10.054703,-0.34304178,-0.13272598,-0.10873484,754
0.9180603,1.3049011,9.934998,1.375603,-0.13004853,-0.09214502,755
1.0688934,1.6113586,9.398697,2.645352,-0.1687272,-0.113241285,756
1.205368,1.9656982,8.831268,2.7123861,-0.21706451,-0.13565046,757
1.0449524,1.9872437,8.941406,-1.579347,-0.21726504,-0.11633894,758
0.74328613,1.6017761,9.183212,1.3033098,-0.17213526,-0.0807636,759
0.4775238,1.2258911,9.238281,-0.6171162,-0.13175228,-0.051643718,760
0.50146484,1.209137,9.662064,1.3377779,-0.12432991,-0.051853858,761
0.968338,1.3863068,9.913452,1.8677981,-0.13829023,-0.097370304,762
1.3250732,1.664032,9.772186,1.264397,-0.16716363,-0.1347744,763
1.4591522,1.7933197,9.616562,2.3415127,-0.18232456,-0.15058464,764
1.6171722,1.7693787,9.827255,1.0839603,-0.17582418,-0.16309816,765
1.66745,1.7167053,10.222305,-0.118861906,-0.16425335,-0.16169472,766
1.8517914,1.877121,10.20076,1.1495781,-0.17911808,-0.17957902,767
1.9954529,2.015976,9.932602,2.325077,-0.19642384,-0.19826014,768
1.9763031,1.9393616,9.853592,1.1153075,-0.19063132,-0.19794047,769
1.74646,1.8699341,9.867966,-1.3001162,-0.18447408,-0.17516887,770
1.6027985,1.845993,9.709946,1.1373001,-0.18542072,-0.16359252,771
1.1766357,1.6616364,9.743454,-1.1743442,-0.16771817,-0.12017971,772
0.9539795,1.4605255,9.985275,-0.81484395,-0.14458884,-0.09524953,773
0.9252472,1.4605255,10.389893,-0.86004573,-0.13911328,-0.088818334,774
0.7528534,1.3216553,10.526367,1.2647549,-0.124588095,-0.071399145,775
0.42964172,1.2953186,9.949356,-1.7371463,-0.12934384,-0.043156054,776
0.4703369,1.5155945,9.518402,1.187712,-0.15771303,-0.049373277,777
0.9324188,1.6424866,9.360382,1.865199,-0.17286529,-0.0992858,778
0.7217407,1.6448822,9.702759,1.2186239,-0.1674766,-0.074248366,779
0.46076965,1.4653168,10.112167,-0.87221825,-0.14375754,-0.04553437,780
0.49667358,1.474884,10.310883,0.9490331,-0.14191537,-0.048132636,781
0.64990234,1.5012207,9.94696,1.9896535,-0.14947812,-0.06524404,782
0.6546936,1.5730591,9.262222,1.2093642,-0.16781993,-0.07056692,783
0.6259613,1.5131989,9.310104,-0.44745362,-0.16076729,-0.06713358,784
0.47991943,1.4341888,10.145691,1.2374226,-0.14027417,-0.047267552,785
0.53738403,1.4293976,10.658051,0.40808654,-0.1331517,-0.05037782,786
0.68582153,1.5251617,10.380325,1.2189703,-0.14557143,-0.06597348,787
0.6977997,1.5227814,9.527985,2.6272643,-0.1580654,-0.07310634,788
0.5278015,1.4844666,9.044357,-1.8583503,-0.16240984,-0.058290884,789
0.56611633,1.450943,9.255051,0.36713582,-0.15522188,-0.06109225,790
0.810318,1.5970001,9.719513,1.1884303,-0.16230035,-0.08317787,791
0.7600403,1.6544495,10.20314,-1.3460071,-0.16031529,-0.074353494,792
0.59724426,1.5562897,10.037949,1.1872673,-0.15354867,-0.059428573,793
0.6044159,1.7334595,10.037949,3.1005967,-0.17070083,-0.060140476,794
0.750473,1.8268433,10.078644,1.1797415,-0.17882745,-0.07432455,795
0.71694946,1.7597961,9.678818,1.1797415,-0.17882745,-0.07432455,796
0.32669067,1.5203857,9.439392,-1.0960573,-0.15960267,-0.034595482,797
-0.17848206,1.1732178,9.815292,-0.9061714,-0.11894567,0.018182077,798
-0.15693665,1.1061859,10.097809,1.2558794,-0.10909897,0.015540402,799
-0.068344116,1.2354736,10.136108,2.519009,-0.12128733,0.0067425366,800
0.0154418945,1.3192749,9.846405,1.2438577,-0.13319205,-0.0015682762,801
0.027420044,1.3384247,9.480103,2.9578726,-0.14025496,-0.00289237,802
-0.030044556,1.3025055,9.652481,1.2595549,-0.13412912,0.003112615,803
-0.025253296,1.2785645,10.0499115,0.07818255,-0.12654127,0.0025127826,804
-0.111450195,1.2953186,10.430603,1.2586917,-0.12354492,0.010684516,805
0.060928345,1.1277313,9.961334,0.9946398,-0.112728804,-0.006116408,806
0.22613525,1.470108,9.523193,2.7321787,-0.15311982,-0.023741275,807
0.52301025,1.687973,9.659668,2.148504,-0.17274965,-0.054090895,808
0.40570068,1.6999512,9.810501,1.2021959,-0.17143139,-0.041330166,809
0.17346191,1.743042,9.51123,-1.9753212,-0.18122077,-0.018235568,810
0.26922607,1.7143097,9.1521,1.1685431,-0.1850893,-0.029408382,811
0.23571777,1.6113586,9.398697,-0.2707229,-0.16974178,-0.025074579,812
0.039382935,1.4485474,9.954147,1.2270318,-0.14450651,-0.003956414,813
-0.018066406,1.3455963,9.970917,-0.5033093,-0.13414147,0.0018119083,814
0.36260986,1.5754547,9.6141815,2.192396,-0.16231084,-0.037698276,815
0.45837402,1.6281128,9.305328,2.3251376,-0.17300673,-0.049219523,816
0.42964172,1.5730591,9.575867,1.1784114,-0.16265833,-0.04483707,817
0.5062561,1.5946045,10.078644,0.7267576,-0.15672112,-0.050188396,818
0.3985138,1.5108032,10.1409,1.2038937,-0.147781,-0.039277464,819
0.14952087,1.2689819,9.889511,-0.8686772,-0.12760414,-0.015117985,820
0.051361084,1.3001099,9.686005,1.2120173,-0.13342625,-0.005302558,821
0.3985138,1.427002,9.573471,1.9496592,-0.14784233,-0.04160287,822
0.5541382,1.6951599,9.657272,2.59622,-0.17348212,-0.057317555,823
0.42245483,1.7574005,9.719513,-1.9351953,-0.1787138,-0.043437272,824
0.26445007,1.5993958,9.635727,1.2018006,-0.16442552,-0.027437858,825
0.26205444,1.4653168,9.635727,-0.018065302,-0.15086003,-0.027189422,826
0.4487915,1.5467224,9.96373,1.1864473,-0.15385251,-0.045012094,827
0.19740295,1.4389801,10.368347,-1.0128609,-0.13788028,-0.0190367,828
-0.082717896,1.1085815,10.29892,1.2394049,-0.10722428,0.008031533,829
-0.053985596,1.0247803,10.069077,0.4292293,-0.10142432,0.0053614727,830
0.048965454,1.1061859,9.8871155,1.2237453,-0.11141686,-0.0049524107,831
0.115997314,1.3240509,9.812897,2.8493772,-0.13411039,-0.011820354,832
0.29078674,1.5946045,9.896683,1.2282782,-0.15968439,-0.029373793,833
0.38894653,1.640091,9.6189575,2.2638893,-0.1687467,-0.0404134,834
0.36260986,1.5946045,9.446579,1.216825,-0.16710511,-0.038366474,835
0.15670776,1.4629211,9.693176,-0.9000946,-0.14977303,-0.016165404,836
0.044174194,1.3575745,9.779373,1.2477055,-0.13793723,-0.0045170477,837
0.18304443,1.5443268,9.762619,2.5009859,-0.15686063,-0.018747324,838
0.48710632,1.6927643,9.798523,1.9984736,-0.17086166,-0.04967133,839
0.4559784,1.5682678,9.803314,-0.24841368,-0.1584607,-0.046479177,840
0.21177673,1.5084076,9.848801,1.2401378,-0.15194094,-0.021499481,841
0.32429504,1.6257324,9.949356,2.3073268,-0.16188489,-0.03258304,842
0.6930084,1.7789612,10.097809,1.2190266,-0.17398256,-0.06852214,843
0.7097626,1.8268433,9.846405,2.78186,-0.18298388,-0.07195896,844
0.60920715,1.6305084,9.480103,1.2120684,-0.16998236,-0.06417342,845
0.5254059,1.4293976,9.5399475,-0.39763445,-0.14850473,-0.05501871,846
0.6977997,1.4605255,9.927811,1.3855162,-0.1457124,-0.07017196,847
1.0401611,1.640091,10.320465,1.9237741,-0.15681712,-0.10044707,848
1.1359253,1.7597961,10.4760895,1.2289087,-0.16547619,-0.10800831,849
1.0712891,1.6927643,10.195969,-1.0593202,-0.1636376,-0.10468576,850
1.1598816,1.6999512,9.815292,1.1794437,-0.1703308,-0.11762537,851
1.3633881,1.8244476,9.705154,2.1348233,-0.18405272,-0.1395675,852
1.2077637,1.6999512,9.70755,1.2406493,-0.17205839,-0.123778835,853
0.9611511,1.4820709,9.70755,-0.8588791,-0.15077607,-0.098689035,854
1.0210114,1.4988403,9.848801,1.321326,-0.15023327,-0.103299595,855
1.1742401,1.5179901,9.750641,1.7578427,-0.15335079,-0.11984981,856
1.1359253,1.6137543,9.355606,3.0822997,-0.16958836,-0.12082511,857
1.0736847,1.6065674,9.113785,-2.3861527,-0.17331178,-0.117268346,858
1.320282,1.6376953,9.346024,1.294557,-0.17179605,-0.14033808,859
1.6554718,1.6712189,9.774582,1.3931501,-0.1670052,-0.1677729,860
1.4400024,1.5467224,9.882324,1.3613107,-0.15365757,-0.1446966,861
0.8749695,1.3455963,9.537567,-1.3056697,-0.13958025,-0.0914832,862
0.810318,1.4581299,9.506439,1.4240533,-0.15165572,-0.08503331,863
1.1694489,1.6209412,9.676422,1.929043,-0.16479617,-0.1202722,864
1.3418274,1.8675385,9.858383,2.5214474,-0.18554679,-0.13527897,865
1.1766357,1.7406464,9.800919,-0.9531772,-0.17453986,-0.11948178,866
0.7193451,1.5251617,9.573471,1.4821516,-0.15754686,-0.07499849,867
0.59962463,1.4868622,9.559113,-1.2876985,-0.15400952,-0.06264598,868
0.7480774,1.5036163,9.812897,1.5041603,-0.1516128,-0.07608694,869
0.7049713,1.5347443,10.1409,-1.30892,-0.14984594,-0.06940597,870
0.750473,1.5395355,10.136108,1.53462,-0.1503289,-0.073904715,871
0.81510925,1.5706635,9.743454,2.328675,-0.15927997,-0.083462775,872
0.8246918,1.5826263,9.621353,2.574273,-0.16244593,-0.08550574,873
0.59484863,1.3168793,9.719513,-0.7087101,-0.13441968,-0.061125245,874
0.32669067,1.1684265,10.04274,1.6760073,-0.11576398,-0.032518566,875
0.40090942,1.1373138,10.318069,0.80230945,-0.109700166,-0.038835544,876
0.5780792,1.4246063,10.148087,1.7236339,-0.13924752,-0.056902863,877
0.64512634,1.6999512,9.5950165,2.8650396,-0.17496365,-0.06713452,878
0.5325928,1.632904,9.068298,1.7251414,-0.1778581,-0.058663893,879
0.53738403,1.6137543,9.113785,0.07837587,-0.17495324,-0.05889568,880
0.676239,1.5658722,9.774582,1.84787,-0.15847622,-0.069073364,881
0.59484863,1.3096924,10.12175,-0.32878274,-0.12845968,-0.058701828,882
0.5158386,1.3647614,10.071472,-2.251732,-0.13451304,-0.051173083,883
0.755249,1.4892578,9.621353,2.1738563,-0.1531044,-0.07833654,884
0.77441406,1.5993958,9.420242,1.9465069,-0.16762424,-0.082023,885
0.7193451,1.4413757,9.60939,-0.35969722,-0.14847727,-0.07471919,886
0.7839813,1.3695526,9.882324,2.2652874,-0.13728303,-0.079165876,887
0.81510925,1.2977142,9.827255,0.50467324,-0.13084874,-0.08275431,888
0.87257385,1.4293976,10.162445,2.811379,-0.13923253,-0.085652515,889
0.99946594,1.3743286,10.334824,0.9484641,-0.13159788,-0.096408755,890
0.7193451,1.2953186,9.956543,2.3872435,-0.129038,-0.07212316,891
0.671463,1.3144836,9.417847,-3.0409055,-0.13833115,-0.07117643,892
0.87257385,1.3934937,9.188004,2.4788353,-0.14985326,-0.09468485,893
0.67863464,0.8763428,8.991684,-0.3466979,-0.096880816,-0.075330764,894
-0.13059998,0.4669342,9.441788,2.456655,-0.04940903,0.013831242,895
-0.4586029,0.3400421,10.191177,-1.0929338,-0.033320256,0.04496965,896
-0.41551208,0.5722809,10.069077,2.9837594,-0.056726236,0.041242756,897
-0.101867676,1.0894318,9.496857,2.6536663,-0.11420921,0.0107260505,898
0.221344,1.3336334,9.202377,2.4575367,-0.1438797,-0.024048276,899
0.087265015,1.3144836,9.422638,-1.2237872,-0.13860232,-0.009260944,900
-0.20721436,1.1756134,9.870346,2.482039,-0.11852124,0.020990545,901
-0.4083252,1.0175934,10.241455,-0.7630657,-0.09895707,0.039848734,902
-0.59747314,1.0391388,10.461716,2.5720177,-0.098843016,0.05704847,903
-0.6453552,1.0487213,10.270187,-2.0170283,-0.10156152,0.06275521,904
-0.41072083,1.2474365,10.222305,2.6116436,-0.12133352,0.040157285,905
-0.3293152,1.2618103,10.253433,1.7010262,-0.1223841,0.03210652,906
-0.822525,1.1037903,10.411438,-1.2155616,-0.10529689,0.07883831,907
-1.1457367,0.9768982,10.490448,-1.1583583,-0.09230907,0.10878595,908
-1.0571594,1.2234955,10.236664,2.5855594,-0.11833318,0.10290707,909
-1.0068817,1.4078522,9.9110565,3.066877,-0.14039154,0.101244405,910
-1.1936188,1.4485474,9.556717,2.5669477,-0.14928615,0.124254964,911
-1.2893982,1.5371399,9.4609375,-2.320968,-0.15961462,0.135452,912
-1.0834961,1.5586853,9.638123,2.659157,-0.15934603,0.111947745,913
-0.96377563,1.5922089,9.970917,1.4582872,-0.15762596,0.096359335,914
-1.1289825,1.5155945,10.02597,-1.0692536,-0.14910263,0.11213345,915
-1.1361694,1.4725037,9.74585,-1.5343375,-0.14896229,0.11605595,916
-1.1409607,1.5036163,9.504044,2.6421697,-0.15580706,0.11947825,917
-1.1241913,1.4653168,9.693176,0.5308734,-0.14904974,0.11546176,918
-1.0882874,1.427002,9.879929,2.7185323,-0.14259176,0.109709054,919
-1.0284271,1.6065674,10.002029,2.7164838,-0.15844242,0.10246177,920
-0.65493774,1.7597961,9.973297,2.8118436,-0.17428517,0.065574974,921
-0.4011383,1.7214966,9.820068,1.5323114,-0.17339882,0.04082613,922
-0.54719543,1.6448822,9.640503,-1.279274,-0.1687282,0.056699213,923
-0.7650604,1.5203857,9.468124,-1.1676161,-0.15871154,0.08062862,924
-0.85365295,1.5610809,9.571075,2.7743273,-0.16105208,0.08895553,925
-0.57592773,1.6568451,9.774582,1.7861124,-0.16762419,0.05885292,926
-0.049194336,1.9585266,9.927811,3.032263,-0.19477339,0.004955164,927
-0.020462036,1.9513397,9.999634,0.9466453,-0.19271883,0.0020462757,928
-0.5711365,1.6831818,10.296524,2.892231,-0.16179328,0.05541208,929
-0.7147827,1.3312378,10.239059,-0.40569866,-0.12897995,0.06969634,930
-0.41551208,1.3767242,9.738678,2.9675477,-0.14031008,0.042640306,931
0.058547974,1.7071228,9.757828,2.1670904,-0.17319319,-0.0060000313,932
0.16867065,1.8052979,10.157654,1.8205781,-0.17586745,-0.016603751,933
-0.21440125,1.6927643,10.227097,-1.2573436,-0.16399506,0.020960968,934
-0.3293152,1.5993958,9.891907,3.0633016,-0.16021277,0.033279084,935
0.020233154,1.6712189,9.54953,1.9252762,-0.17325047,-0.0021187558,936
0.13993835,1.7478333,9.681213,3.0205095,-0.17859636,-0.0144536225,937
0.013046265,1.7597961,9.6884,-1.6534785,-0.17968036,-0.0013465853,938
0.1303711,1.9585266,9.779373,2.952818,-0.19763921,-0.013330443,939
0.113601685,1.93219,9.640503,-1.6697446,-0.19779001,-0.011783247,940
0.087265015,1.8627472,9.487274,3.0085652,-0.19386746,-0.009197853,941
0.089660645,1.7310638,9.583054,0.010226686,-0.1787032,-0.009355893,942
0.099243164,1.6352997,9.683609,3.0897782,-0.16728595,-0.010248213,943
0.123184204,1.6496735,9.985275,0.52344424,-0.1637194,-0.01233596,944
0.046569824,1.6664276,9.997253,3.078591,-0.16516821,-0.004658228,945
0.20219421,1.845993,9.769791,2.5076926,-0.18670839,-0.020692907,946
0.039382935,1.8699341,9.360382,-2.1432621,-0.19717377,-0.004207382,947
-0.36044312,1.6760101,9.255051,-1.1619902,-0.17901707,0.038925886,948
-0.3005829,1.6855774,9.580658,2.9819927,-0.17406926,0.03136364,949
0.10643005,1.8364105,9.951752,1.7672399,-0.18246841,-0.010694197,950
0.28120422,1.8747253,9.889511,3.0320632,-0.1872701,-0.028426934,951
-0.039627075,1.7621918,9.750641,-1.3085395,-0.17879437,0.004064026,952
-1.0499725,1.2618103,9.176041,2.7914946,-0.1357793,0.11392993,953
-2.1728516,0.88113403,8.589462,-1.2942554,-0.099124506,0.2477693,954
-1.7179565,1.0151978,8.9461975,2.682679,-0.11098401,0.18972245,955
-0.76026917,1.3072968,9.78656,1.7537727,-0.13240044,0.07752932,956
-0.3795929,1.6113586,10.660446,1.9671581,-0.14992382,0.03559256,957
-0.5519867,1.7023468,10.969299,-1.8288146,-0.15377222,0.05027864,958
-0.66929626,1.8555756,10.670013,2.7890081,-0.1718525,0.06264477,959
-0.46099854,2.173996,9.860779,2.8051765,-0.21676819,0.04671671,960
-0.38917542,2.379898,9.602203,2.8112917,-0.24276176,0.040507633,961
-0.6908417,2.142868,9.803314,-0.79943055,-0.21468511,0.07035391,962
-1.0068817,1.9417572,10.143295,2.6447904,-0.18824095,0.09894161,963
-0.76026917,1.8292389,10.626923,0.976525,-0.17003581,0.07142012,964
-0.719574,1.6783905,10.789734,0.28812224,-0.153981,0.066592,965
-0.93266296,1.5131989,10.622131,-1.0094109,-0.1409699,0.087579146,966
-0.7842102,1.5155945,10.148087,2.6468928,-0.14781778,0.07712338,967
-0.48254395,1.6903687,9.798523,2.259867,-0.17062838,0.049206845,968
-0.18806458,1.7621918,9.978088,2.689148,-0.17477326,0.018845525,969
-0.24313354,1.8196564,10.4760895,-0.9862843,-0.17193489,0.023204261,970
-0.66690063,1.5586853,10.258209,2.5678418,-0.15047888,0.06492005,971
-0.9206848,1.4844666,9.355606,-1.7532809,-0.15661535,0.09809411,972
-0.5878906,1.7645874,8.807327,2.4884937,-0.19730866,0.0666513,973
-0.36283875,1.8100739,8.912674,1.6814727,-0.20020337,0.040687956,974
-0.6070404,1.6472778,9.626144,2.6332798,-0.16915411,0.062978245,975
-0.79618835,1.3623657,10.090622,-0.41386604,-0.13379069,0.07874066,976
-0.78660583,1.2761688,9.891907,2.611996,-0.12790337,0.07935316,977
-0.585495,1.3049011,9.439392,2.0597744,-0.13710913,0.061947405,978
-0.24313354,1.3264465,9.310104,2.5894325,-0.14147383,0.026109084,979
-0.065963745,1.3168793,9.738678,1.2158211,-0.13440326,0.006773274,980
-0.41551208,1.1660461,10.310883,2.6155465,-0.11251988,0.04027661,981
-0.78182983,1.0918121,10.363556,-1.3471175,-0.104668684,0.075297676,982
-0.7123871,1.312088,10.016403,2.9740386,-0.12992778,0.07100248,983
-0.18566895,1.5634766,9.599808,2.119064,-0.16141823,0.01933849,984
0.42245483,1.7526245,9.381943,2.4581652,-0.18449691,-0.04499811,985
0.5038605,1.7837372,9.721909,1.1135039,-0.18121992,-0.05178099,986
0.20698547,1.5179901,10.380325,2.4288788,-0.14517953,-0.01993753,987
-0.37480164,0.89549255,9.990067,-0.79287094,-0.08933685,0.037499845,988
-0.9063263,0.53396606,8.493683,2.342561,-0.062430155,0.10630368,989
-1.2103882,0.6345215,7.648529,-1.9343239,-0.0817576,0.15694956,990
-1.0882874,0.64649963,7.935837,1.5107116,-0.08053588,0.1362857,991
-0.2718506,0.9385834,9.420242,1.7390918,-0.09926594,0.028850123,992
0.6187897,1.367157,11.182373,2.3312871,-0.12147224,-0.055279788,993
0.82229614,1.427002,11.625305,1.5938388,-0.12183724,-0.07061568,994
0.25247192,1.0798492,10.358765,2.1830125,-0.103839196,-0.024367958,995
-0.042007446,0.7638092,9.267014,-0.925515,-0.082235634,0.004532977,996
0.039382935,0.79493713,9.314896,1.8909068,-0.085133396,-0.004227927,997
0.30274963,1.1253357,9.640503,2.4233413,-0.11614733,-0.03139361,998
0.7839813,1.3958893,9.793732,2.0192676,-0.14112985,-0.07987897,999
0.94918823,1.549118,9.879929,2.286162,-0.15482673,-0.09577842,1000
0.7480774,1.4629211,9.870346,1.9020791,-0.1467278,-0.075645775,1001
0.5445709,1.2163239,9.650085,-0.72397,-0.12518454,-0.05637193,1002
0.81510925,1.4365845,9.487274,1.7769762,-0.14973724,-0.08570559,1003
1.162262,1.6496735,9.240677,2.1491404,-0.17530917,-0.12511969,1004
1.3849335,1.7741699,9.326874,1.6468419,-0.18598378,-0.14741138,1005
1.7320862,1.7717743,10.047531,1.0229117,-0.17205782,-0.17071137,1006
1.7799683,1.6975555,10.69635,-0.32913992,-0.15529093,-0.1648979,1007
1.4639435,1.5275574,10.526367,-1.1257615,-0.14275615,-0.13818757,1008
1.344223,1.3695526,9.970917,1.6024915,-0.13529174,-0.13400644,1009
1.4208374,1.474884,9.700363,2.4619417,-0.14931925,-0.14543839,1010
1.8039093,1.7238922,9.721909,1.4497651,-0.17260955,-0.18346442,1011
1.7009583,1.7406464,9.961334,-1.4264476,-0.17057337,-0.1691249,1012
1.1909943,1.6736145,9.973297,1.421426,-0.16510877,-0.118855454,1013
0.9659424,1.470108,9.144913,-1.1143141,-0.15852615,-0.105235994,1014
1.0258026,1.506012,8.168076,2.4261074,-0.18093997,-0.12493274,1015
1.047348,1.6568451,8.546356,-2.8307865,-0.19010247,-0.12194105,1016
1.2029724,1.5012207,9.719513,1.4124845,-0.15210083,-0.123142555,1017
1.6267395,1.6855774,10.579041,1.7084827,-0.15619801,-0.15257496,1018
2.055313,1.9082489,10.69635,1.247068,-0.1734367,-0.18983707,1019
1.8972931,1.8914795,10.332428,-2.0960252,-0.1781434,-0.18160203,1020
1.4806976,1.8340149,10.210327,1.2381158,-0.17592627,-0.14401561,1021
1.3945007,1.7119141,9.788956,-0.50315404,-0.17143476,-0.14150445,1022
1.4328156,1.8723297,9.513611,2.779669,-0.19220813,-0.14948346,1023
1.9403839,2.063858,9.587845,1.8750713,-0.2079311,-0.19968255,1024
1.9858704,2.0614777,9.118576,1.1332501,-0.21740545,-0.21443462,1025
1.2747955,1.8723297,9.097031,-1.3446057,-0.20107178,-0.13922653,1026
1.1694489,1.6065674,9.64769,1.2530199,-0.16383177,-0.12062692,1027
1.5285797,1.7789612,10.018799,1.8844712,-0.17376092,-0.15140358,1028
1.5357666,1.7621918,9.923019,1.1878594,-0.17372768,-0.15354979,1029
1.241272,1.687973,9.738678,-1.4382185,-0.17027092,-0.1267744,1030
1.0928345,1.6424866,9.757828,1.1812334,-0.1657446,-0.11153091,1031
1.023407,1.5443268,10.052307,-0.61422795,-0.15166536,-0.1014586,1032
1.181427,1.5203857,10.325256,1.0910228,-0.14526418,-0.11392563,1033
1.2460632,1.7071228,10.325256,2.8043594,-0.1626929,-0.1201003,1034
1.1000214,1.7621918,9.992462,1.1882353,-0.17353009,-0.10964362,1035
0.944397,1.7837372,9.616562,-2.2316928,-0.18254296,-0.09789137,1036
0.9946747,1.7574005,9.750641,1.1844592,-0.17741852,-0.10165955,1037
1.0066528,1.6233368,10.306091,-0.19045451,-0.15550071,-0.09736666,1038
0.79356384,1.5419312,10.322861,1.2165809,-0.14784442,-0.076723516,1039
0.8582001,1.743042,10.047531,2.7960095,-0.17115906,-0.08520722,1040
0.9659424,1.8890839,10.028366,2.4971251,-0.18535396,-0.09602478,1041
0.6834259,1.7071228,9.755432,-1.1143006,-0.17282277,-0.06994166,1042
0.5325928,1.7382507,9.714737,1.2158124,-0.17679563,-0.054768354,1043
0.64990234,1.7502289,9.96373,1.259787,-0.17352463,-0.06513454,1044
0.43922424,1.6855774,9.987671,1.2686352,-0.16703194,-0.043948326,1045
0.12557983,1.5586853,9.927811,-1.2172616,-0.1557184,-0.0126486225,1046
0.1303711,1.4796753,9.765015,1.295822,-0.15037102,-0.013350041,1047
0.2428894,1.5227814,9.41066,2.2523022,-0.1603715,-0.025804302,1048
0.096847534,1.5802307,9.022812,1.2663091,-0.1733691,-0.010733219,1049
0.072906494,1.5203857,9.240677,-0.2654318,-0.16306587,-0.007889572,1050
-0.123413086,1.3767242,9.551926,1.314451,-0.14313297,0.012919512,1051
-0.020462036,1.4006653,9.516006,1.8451027,-0.14614077,0.0021502723,1052
0.60202026,1.6855774,9.257431,1.2099167,-0.1797338,-0.06493959,1053
0.71694946,1.8507843,9.334045,2.500013,-0.19518384,-0.076659635,1054
0.5038605,1.7238922,9.803314,1.2325492,-0.17384338,-0.051351763,1055
0.43922424,1.7334595,10.109772,-1.0782808,-0.16965547,-0.043418214,1056
0.1878357,1.7909241,9.932602,-1.914729,-0.1783597,-0.018908773,1057
0.14233398,1.6592407,9.427429,-0.73343396,-0.17419767,-0.015096711,1058
0.41049194,1.6233368,9.173645,1.2182688,-0.17497195,-0.044717047,1059
0.6930084,2.0111847,9.642899,2.4168944,-0.20510453,-0.07174388,1060
0.74328613,1.9202118,10.112167,1.1754268,-0.18716379,-0.073372185,1061
0.53738403,1.5227814,9.956543,-0.49225757,-0.15154952,-0.053920638,1062
0.25486755,1.6352997,9.623749,1.2243189,-0.16825777,-0.026477,1063
0.33866882,1.9178162,9.427429,2.8612475,-0.20056495,-0.035908334,1064
0.2500763,1.6065674,9.513611,-0.27585557,-0.1672354,-0.026280107,1065
0.36021423,1.3863068,9.690796,0.40157968,-0.1419932,-0.03715365,1066
0.4942932,1.6209412,9.657272,1.2113934,-0.16608316,-0.051138893,1067
0.10882568,1.7837372,9.458557,-2.0469778,-0.18638335,-0.011505019,1068
0.38894653,1.6975555,8.953369,1.2087063,-0.18720305,-0.043414064,1069
0.46076965,1.766983,8.821686,2.4406807,-0.19742177,-0.052184053,1070
0.5828705,1.8699341,9.176041,1.2217807,-0.20063819,-0.06343569,1071
0.10882568,1.7214966,9.575867,-1.1470269,-0.17786327,-0.011364088,1072
2.9507446,2.932953,10.832825,1.8444026,-0.25551903,-0.26593736,1073
2.019394,2.6264954,10.751419,-1.3111396,-0.23563434,-0.18566267,1074
0.2428894,1.470108,10.186386,1.3256805,-0.14329104,-0.023839993,1075
0.08488464,1.6760101,9.532776,-2.6930451,-0.1740301,-0.008904269,1076
-0.24313354,1.474884,9.76741,1.289562,-0.1498226,0.024887184,1077
0.28359985,1.6760101,10.648468,1.6887363,-0.15605931,-0.02662663,1078
0.008270264,1.8483887,10.6772,1.2555028,-0.1714165,-7.745722E-4,1079
0.029815674,1.8268433,10.06189,2.8840113,-0.17960343,-0.0029632195,1080
0.29556274,1.9441528,9.504044,1.2085139,-0.20168202,-0.031088611,1081
-0.075531006,1.9178162,9.709946,-1.3932672,-0.19499491,0.0077785687,1082
-0.21200562,2.0135803,10.490448,-1.1532239,-0.1895999,0.020206645,1083
-0.37002563,1.9393616,10.660446,-0.9690727,-0.17984727,0.034696218,1084
-0.23834229,2.063858,9.427429,1.2005666,-0.21545373,0.025276406,1085
-0.7483063,2.1333008,8.34285,-2.0608685,-0.24938007,0.08945494,1086
-0.7842102,2.1931458,7.799362,1.1910557,-0.2728091,0.10021119,1087
-0.46099854,2.4996033,8.050766,2.1570964,-0.3005805,0.05719899,1088
-0.053985596,2.4014435,9.973297,1.1919976,-0.23628597,0.005412961,1089
-0.31256104,2.3463745,10.6341095,-0.8798578,-0.21707565,0.02938385,1090
-0.37719727,2.142868,9.204773,-2.3627877,-0.22854057,0.04095553,1091
-0.51127625,1.8986664,8.690018,-0.897915,-0.21474783,0.058767144,1092
-0.822525,1.6065674,10.04274,1.2457517,-0.15810837,0.08172005,1093
-0.49931335,1.5586853,11.373917,1.0359142,-0.13606256,0.043871693,1094
-0.6740875,1.2522278,11.76416,1.3064631,-0.10587262,0.057237506,1095
-0.1904602,1.5826263,11.694733,2.1816282,-0.13449335,0.016284542,1096
0.1519165,1.7334595,10.480881,1.2206575,-0.16389182,-0.014493616,1097
0.80552673,1.6999512,9.113785,1.8309042,-0.18370609,-0.088156454,1098
0.68582153,1.719101,8.108215,-2.9912574,-0.2082037,-0.08438268,1099
0.101638794,1.7310638,8.448196,-1.4773886,-0.20209163,-0.012030248,1100
0.3650055,1.585022,9.630936,1.229845,-0.16299897,-0.037881147,1101
0.7600403,1.5562897,10.054703,1.3079549,-0.1531336,-0.075447045,1102
0.731308,1.5898132,10.018799,1.2890328,-0.15696016,-0.07286436,1103
1.0018616,1.474884,9.743454,1.3174132,-0.14945504,-0.102463976,1104
1.0281982,1.4293976,9.575867,1.2580423,-0.14734213,-0.106964104,1105
0.5541382,1.7286835,9.942184,-2.0180635,-0.17189097,-0.05567845,1106
0.38175964,1.8052979,9.927811,-2.0026586,-0.17974703,-0.03843462,1107
0.6116028,1.5993958,9.439392,1.1264318,-0.16749965,-0.06470217,1108
1.3059235,1.2139282,9.07309,1.2417283,-0.13166352,-0.14295194,1109
1.557312,1.0032349,9.281387,0.7359302,-0.10619982,-0.16624019,1110
1.1646576,1.1397095,10.277374,1.2399812,-0.10974699,-0.11284109,1111
0.42964172,1.4725037,10.921402,-1.8860122,-0.13391681,-0.039319154,1112
0.017837524,1.4078522,10.593399,1.195062,-0.13212457,-0.0016838324,1113
0.62835693,1.1325226,9.992462,1.2562906,-0.1126355,-0.06280041,1114
1.1742401,1.075058,9.616562,1.5312227,-0.11051599,-0.12150452,1115
0.93481445,1.2498322,9.652481,-2.188372,-0.12817344,-0.09654597,1116
0.17825317,1.6233368,9.757828,1.2723192,-0.16482574,-0.01826568,1117
0.118392944,1.7502289,9.640503,-2.76085,-0.17958018,-0.012280168,1118
0.55174255,1.6903687,9.369965,1.352847,-0.17818102,-0.05881625,1119
0.72413635,1.6352997,9.238281,1.3875551,-0.17467368,-0.078224376,1120
0.37457275,1.5347443,9.494461,1.3104551,-0.16013758,-0.039431263,1121
0.4559784,1.3839111,9.714737,0.37401968,-0.14134921,-0.046902347,1122
0.4272461,1.3982697,10.274979,-0.7055439,-0.13513872,-0.041557275,1123
0.26683044,1.4796753,10.624527,-1.7634641,-0.1383366,-0.025109295,1124
0.3578186,1.3767242,10.274979,1.2937922,-0.13311501,-0.0348102,1125
0.8486328,1.2713776,9.358002,1.5919776,-0.13448797,-0.09043789,1126
0.5637207,1.3863068,9.089844,1.2422032,-0.15105958,-0.06193722,1127
0.45358276,1.4868622,9.405884,-1.9569759,-0.15660156,-0.04818597,1128
0.5062561,1.4317932,10.057098,1.2659075,-0.14123966,-0.050295737,1129
0.4559784,1.3408203,10.239059,-0.4746959,-0.1300831,-0.044503827,1130
0.7265167,1.3001099,9.925415,1.223018,-0.12990281,-0.07306731,1131
0.8677826,1.2450409,9.389114,1.6422963,-0.1312825,-0.0921625,1132
0.49667358,1.427002,9.64769,-1.9320611,-0.14665511,-0.051435683,1133
0.1926117,1.5108032,9.858383,-1.7374496,-0.15203893,-0.019535372,1134
0.48231506,1.3049011,9.765015,1.1906126,-0.13268338,-0.049352046,1135
0.72413635,1.1564636,10.069077,0.8729957,-0.11405992,-0.07179326,1136
0.37457275,1.2282867,10.251038,1.2186445,-0.119173415,-0.036523733,1137
0.13516235,1.3551788,9.769791,-2.2612357,-0.13781862,-0.013833841,1138
0.43443298,1.3144836,9.635727,1.1740451,-0.13544486,-0.045055136,1139
0.5637207,1.2067413,9.812897,0.7432053,-0.122161284,-0.057383854,1140
0.6116028,1.1468811,9.724304,0.8231522,-0.11716794,-0.062811516,1141
0.14952087,1.2666016,10.344406,-1.6645681,-0.12182408,-0.014453266,1142
-0.506485,1.7071228,9.80571,1.2220895,-0.17214224,0.051606186,1143
-0.2311554,1.766983,8.924637,2.3121512,-0.19539763,0.02589503,1144
0.5613251,1.3863068,9.56868,1.1678159,-0.14363499,-0.058595598,1145
0.5062561,1.0966034,10.069077,-0.23030272,-0.108344704,-0.050236,1146
0.063323975,1.2163239,9.949356,1.233577,-0.12164544,-0.0063645444,1147
0.28120422,1.1468811,10.356369,1.0652666,-0.11025192,-0.02714611,1148
0.21655273,1.2474365,10.126526,-2.7052085,-0.12253983,-0.021381443,1149
0.2596588,1.3168793,9.896683,2.6809556,-0.13224062,-0.026230937,1150
0.4655609,1.3575745,9.6141815,1.2105747,-0.14011595,-0.048386596,1151
0.35302734,1.3767242,9.379547,-2.0480406,-0.14563707,-0.03762024,1152
0.13516235,1.4102478,9.475311,1.192377,-0.14773454,-0.01426372,1153
0.039382935,1.3599701,9.714737,-0.8621488,-0.13908541,-0.004053915,1154
0.35542297,1.2043457,9.978088,1.231245,-0.120042585,-0.035605296,1155
0.22373962,1.233078,10.279755,-1.5198913,-0.11935369,-0.021761639,1156
0.18544006,1.2546234,10.284546,1.2329048,-0.1213718,-0.01802899,1157
0.40570068,1.2929382,9.855988,1.9417685,-0.13032907,-0.04113964,1158
0.25486755,1.2953186,9.681213,1.2049382,-0.13296168,-0.026319915,1159
0.075302124,1.347992,9.815292,-1.7575828,-0.13647813,-0.0076717683,1160
0.2093811,1.3384247,10.054703,1.2304264,-0.13230798,-0.020821186,1161
0.22373962,1.367157,10.073868,2.6473854,-0.13485627,-0.02220625,1162
0.08248901,1.4605255,10.014008,1.1887138,-0.14482225,-0.008237177,1163
0.10882568,1.4389801,10.119354,0.6081655,-0.14124571,-0.010753797,1164
