0.4559784,1.1349182,9.762619,0.0,0
0.21894836,1.3839111,9.408279,73.5662463425365,1
-0.099472046,1.5874176,9.288559,76.57395429449747,2
-0.49931335,1.6257324,9.820068,72.19415013074014,3
-0.29101562,1.4844666,10.114563,74.58372596281495,4
-0.025253296,1.4772797,10.059494,78.91616959486741,5
0.16867065,1.5993958,9.693176,73.07557238275196,6
0.7193451,1.6999512,9.94696,68.46865076871337,7
0.046569824,1.506012,9.578262,77.21211935921926,8
-0.20721436,0.9553528,9.834442,81.28325361400536,9
0.044174194,1.5443268,9.851196,80.0941723210195,10
0.077697754,1.6352997,10.425812,72.43953833705119,11
0.0154418945,1.178009,10.353989,71.79921493255166,12
0.58766174,1.0822449,9.820068,73.22753726159557,13
0.9611511,1.4030609,9.484894,70.82627497585086,14
0.3362732,1.1899872,9.420242,72.7743815309219,15
-0.66929626,1.0295715,10.545517,83.61745027228972,16
-0.2718506,1.1995544,9.642899,73.67656072782137,17
-1.9118805,0.510025,9.219131,84.07796211669948,18
1.7967377,1.7765656,12.544678,65.5429870490626,19
0.16149902,1.3551788,9.997253,76.73724362698496,20
-1.9789276,1.0966034,7.9621735,79.99219076652204,21
-1.0547638,0.8978882,9.776978,79.34509181436587,22
-0.34368896,1.4868622,9.932602,68.90402068678833,23
-0.6286011,1.5203857,9.80571,70.62052918748257,24
-0.3508606,2.1907501,10.10498,62.67182823898853,25
-0.36044312,1.2977142,10.030762,67.82244657133846,26
-0.7794342,1.0343628,8.929428,72.36694025636312,27
-0.018066406,1.446167,9.123367,69.29275407321043,28
-0.34846497,1.4030609,9.190399,75.02244950377239,29
-0.4298706,2.0111847,9.384323,64.97310338547342,30
0.35302734,1.8076782,9.848801,66.23752849519369,31
0.18304443,1.2594147,10.1409,73.46808969397425,32
0.101638794,1.446167,9.39151,71.1928375682271,33
0.14472961,1.549118,8.850418,68.38069842277112,34
-0.034835815,1.4102478,9.700363,71.3988565641622,35
-0.3005829,1.0583038,10.432983,78.39695910473054,36
-0.14257812,1.2043457,10.014008,75.58945082753182,37
-0.19285583,1.2785645,9.334045,75.26674487981623,38
-0.57592773,1.1420898,9.132935,72.39236222045392,39
-0.62620544,1.2067413,9.642899,70.18339025041259,40
-0.34129333,1.1804047,10.483276,74.1098201174428,41
-0.38198853,1.0630951,10.51918,74.80945005450553,42
-0.77464294,1.0391388,9.74585,75.71535853469184,43
-0.7794342,1.2905426,9.1640625,72.19393839487587,44
-0.4753723,1.3575745,9.513611,69.96993317847135,45
-0.2814331,1.2306824,10.28215,70.90489728338687,46
-0.2814331,1.1756134,10.236664,70.40807615334933,47
-0.42269897,1.1660461,9.934998,73.15396929404535,48
-0.24790955,1.1684265,9.829651,73.13175068867531,49
-0.32691956,1.1492767,9.894302,73.76377541333326,50
-0.42269897,1.2546234,9.729095,69.03003084678589,51
-0.15214539,1.3647614,9.331665,67.50027337837814,52
-0.113845825,1.3791199,9.527985,71.24691900607527,53
-0.068344116,1.3647614,9.810501,68.8059938118203,54
-0.30537415,1.3168793,9.870346,66.53536572414126,55
-0.57592773,1.2546234,10.054703,71.76793949634218,56
-0.51846313,1.4054565,9.573471,68.17439255889089,57
-0.3963623,1.5012207,9.436996,66.79541151641116,58
-0.37002563,1.3384247,9.94458,66.49970530648463,59
-0.57592773,1.2378693,9.896683,71.740372852852,60
-0.7626648,1.0559082,10.1289215,71.9831314363326,61
-0.7650604,0.8907013,10.205536,70.68038213517939,62
-0.83688354,0.96492004,9.949356,73.58175087195242,63
-0.6046448,1.0367584,9.721909,70.14611790811182,64
-0.6333771,1.0942078,9.714737,71.1587890752146,65
-0.72676086,1.2761688,9.915848,71.56815646311931,66
-0.51846313,1.3743286,10.066681,65.13262245353906,67
-0.5735321,1.4389801,10.198364,67.86438393284234,68
-0.58070374,1.4988403,9.978088,67.91386182318992,69
-0.7698517,1.4916534,9.659668,65.3638448475115,70
-0.87519836,1.3168793,9.458557,68.87437766579046,71
-1.0212402,1.2857513,9.590225,69.44023834795851,72
-0.7075958,1.3288422,9.784164,66.81282849879469,73
-0.5591583,1.3384247,9.891907,64.68807276121962,74
-0.44903564,1.3575745,10.267792,64.97455138557746,75
-0.40592957,1.2210999,10.370743,64.3560777562328,76
-0.7937927,1.019989,10.078644,66.84294963303445,77
-0.8081665,1.1420898,9.472916,63.79605005561595,78
-0.44184875,1.3192749,9.080261,64.29903201628485,79
-0.15933228,1.4174347,9.140121,60.992837967405166,80
0.28599548,1.4533386,9.882324,57.917688727579495,81
0.51104736,1.4030609,10.097809,57.33926049733862,82
0.022628784,1.3887024,9.86557,59.02561371284726,83
-0.20002747,1.2139282,9.779373,60.44943494722812,84
-0.049194336,1.2067413,9.987671,57.772355962419965,85
0.22613525,1.3192749,10.234268,57.849571250986955,86
0.1638794,1.3455963,9.990067,54.51058204880745,87
-0.068344116,1.2809601,9.62854,54.32292943155052,88
-0.1736908,1.1708221,9.671631,53.98830480373325,89
-0.070739746,1.0870361,9.908661,55.02792789730089,90
-0.21679688,0.9792938,9.913452,53.87666877684398,91
-0.18327332,0.9768982,9.705154,49.12615609588422,92
-0.116241455,1.0056305,9.39151,45.64428616645721,93
-0.049194336,0.9864807,9.247864,46.11400169077358,94
-0.085113525,0.9002838,9.257431,44.75331189489115,95
-0.010894775,0.8212738,9.559113,43.04212752665493,96
0.21417236,0.7159271,9.870346,36.012025549825076,97
0.22373962,0.59143066,9.937393,39.11769890505153,98
0.14712524,0.47650146,9.88472,34.62038475171873,99
0.065719604,0.54833984,9.836838,31.715546278847327,100
0.38175964,0.6728363,9.879929,25.426816940192754,101
0.76483154,0.8140869,9.520798,22.24093325844825,102
0.4152832,0.723114,9.520798,21.44360771059223,103
-0.26467896,0.34960938,9.906265,25.064705923608066,104
-0.65971375,-0.021484375,10.169632,28.043916618804445,105
0.048965454,0.2322998,9.870346,16.22771496789177,106
1.0569305,0.4956665,9.978088,7.027002778493961,107
1.1598816,0.44778442,10.148087,4.228474919393337,108
1.0281982,0.42622375,10.294128,4.746124284418025,109
1.0808716,0.29933167,10.014008,1.5909900075952144,110
0.93003845,0.29216003,9.88472,1.1300337740025708,111
0.97792053,0.25863647,10.279755,0.03352376573055932,112
0.98269653,0.18681335,10.265396,1.0285168858120828,113
0.86538696,0.35440063,9.585449,-3.06629944909545,114
0.78637695,0.510025,9.106598,-1.0269714487906616,115
0.7193451,0.51242065,9.348419,-5.198874045722898,116
0.7839813,0.57707214,9.765015,-5.335099607397864,117
0.8462372,0.68959045,9.997253,-2.719093612827022,118
0.86538696,0.62734985,10.20076,-5.529633640243582,119
0.6403351,0.61776733,10.44017,-4.835135736568454,120
0.23571777,0.6512909,10.363556,-95.50773727758222,121
0.21177673,0.59143066,9.987671,-1.9572944401651733,122
0.4559784,0.3975067,10.076248,-4.208032163207489,123
0.2596588,0.18681335,11.127304,-1.043252165172739,124
0.123184204,-0.019088745,11.213501,-5.4327704587554,125
-0.20002747,0.059921265,10.423416,-0.22490292152544603,126
-0.2239685,0.46453857,9.369965,-1.2724070395390767,127
0.075302124,0.7494507,9.446579,-9.762035918409676,128
0.42485046,0.6847992,9.475311,-8.697025011697098,129
0.22613525,0.6345215,9.379547,-4.67101482854951,130
0.16867065,0.6057892,10.346802,-10.781971845468401,131
0.5493469,0.73986816,10.703537,-9.827091762706756,132
0.731308,1.0104218,9.961334,-14.965946801758637,133
0.8605957,1.1995544,9.235886,-13.97417942861069,134
1.0688934,1.1564636,9.202377,-15.60264679090347,135
1.2341003,1.0702667,9.563889,-20.88519534971408,136
1.1048126,1.0559082,9.5351715,-17.46128469803651,137
1.023407,1.0822449,9.64769,-20.331745121267947,138
1.4064789,1.1684265,10.51918,-20.704296081999,139
1.8422241,1.3551788,10.595795,-22.78891762801108,140
1.7368774,1.5634766,9.683609,-21.275074500369456,141
1.6435089,1.7765656,8.9509735,-20.697652015483868,142
1.7272949,1.5467224,9.197586,-26.52878600050427,143
1.7656097,1.075058,9.994858,-22.29934674377749,144
1.4088745,0.6057892,10.504822,-25.083350632494906,145
0.60920715,0.45495605,11.03154,-12.867066382080507,146
0.25247192,0.57707214,10.87352,-8.032675563018406,147
0.31233215,0.9290161,9.669235,-12.90385292717655,148
0.40570068,1.2809601,8.694794,-12.894078926474261,149
0.6259613,1.5012207,8.508057,-14.430413867052739,150
0.9084778,1.5323486,8.876755,-16.72262535250902,151
1.1048126,1.4365845,9.583054,-19.534236865851625,152
0.89172363,1.1109772,10.06189,-19.116830345293806,153
0.32669067,0.79733276,10.365952,-14.166362168834631,154
0.070510864,0.7422638,10.375534,-11.962380505755638,155
0.2381134,1.0319672,9.86557,-10.035735258830428,156
0.5349884,1.3408203,9.616562,-12.105064011290851,157
0.6834259,1.4820709,9.6884,-12.800367023514394,158
0.62358093,1.3839111,9.954147,-12.611874292989553,159
0.66667175,1.2306824,10.059494,-13.426293243017179,160
0.676239,1.1971588,9.525589,-16.189552993451617,161
0.38894653,1.1612549,9.652481,-10.592110515788619,162
0.5325928,1.0894318,9.803314,-15.026045636265579,163
0.43203735,1.209137,9.5351715,-10.325843274958489,164
0.379364,1.2115326,9.43222,-12.30998846941145,165
0.39611816,1.2163239,9.544739,-12.952278114618293,166
0.3218994,1.1325226,9.839233,-7.090576471741147,167
0.30993652,1.1061859,10.119354,-8.542108637358393,168
0.40090942,1.1588593,10.191177,-11.947535943368262,169
0.46076965,1.1588593,9.855988,-10.749734206359589,170
0.4200592,1.1923676,9.872742,-9.540256260964778,171
0.45358276,1.2139282,9.925415,-5.189955099327332,172
0.3865509,1.2282867,9.891907,-7.670688343612425,173
0.36260986,1.2163239,9.923019,-6.578736182605555,174
0.41288757,1.1899872,9.901474,-9.18345230136519,175
0.48950195,1.2498322,9.755432,-10.477068785824448,176
0.5421753,1.3001099,9.590225,-10.612329583279148,177
0.52301025,1.3527832,9.571075,-9.215204997042932,178
0.50865173,1.2594147,9.70755,-18.30730607958014,179
0.47273254,1.1899872,9.640503,-8.767550983745712,180
0.2500763,1.1660461,9.477707,-9.958884531610384,181
0.26205444,1.1684265,9.3771515,-10.851821628789184,182
0.33866882,1.2378693,9.891907,-4.529486905644499,183
0.21894836,1.178009,9.939789,-4.797255507431564,184
0.08488464,1.0223846,9.78656,-5.011853220964195,185
0.47273254,0.9912567,9.468124,-10.545491913382342,186
0.647522,1.1037903,9.724304,-15.9362315224196,187
0.5349884,1.1804047,10.28215,-9.475082595904516,188
0.3697815,1.178009,10.291733,-8.237892011726025,189
0.3290863,1.2809601,9.815292,-5.181180440677981,190
0.5349884,1.3863068,9.475311,-8.485443680456674,191
0.6427307,1.4413757,9.638123,-10.768629924698429,192
0.5325928,1.2282867,9.992462,-11.29728315136283,193
0.2788086,1.0559082,10.162445,-7.412900782636865,194
0.41288757,1.1013947,10.425812,-9.58153450921375,195
0.83665466,1.2402649,10.265396,-14.996354803943534,196
0.88453674,1.3072968,9.812897,-18.10489342352681,197
0.62835693,1.2378693,9.56868,-14.786866071910072,198
0.25726318,1.1373138,9.492065,-6.653409360140834,199
0.080093384,1.1588593,9.662064,-5.170982968247151,200
0.3578186,1.2258911,9.932602,-9.030375809234156,201
0.50865173,1.2977142,9.66684,-6.828182375057237,202
0.28359985,1.3096924,9.37236,-10.238259759231415,203
0.1519165,1.1875916,9.518402,-11.08215695194317,204
0.23092651,1.1157532,9.875137,-8.606060552330868,205
0.33387756,1.0295715,10.0499115,-7.028211721977053,206
0.15431213,0.8907013,10.291733,-5.063422856745083,207
0.113601685,0.87394714,10.327652,-5.174556864730361,208
0.087265015,0.9553528,9.985275,-10.25228896778662,209
0.051361084,1.075058,9.855988,-3.661380534306457,210
0.115997314,1.0319672,9.712341,-9.58763642946351,211
0.1878357,1.0583038,9.422638,-7.214949093885202,212
0.21655273,1.0606995,9.190399,-11.245862925970036,213
0.029815674,0.940979,9.302933,-9.937767294243995,214
0.15431213,1.0391388,9.583054,-13.395419934195075,215
0.34584045,1.154068,9.9110565,-12.31832044642522,216
0.50865173,1.1660461,10.279755,-12.105849483045402,217
0.72413635,1.2713776,10.318069,-16.740790240606668,218
0.76483154,1.1875916,10.0451355,-14.515999552447584,219
0.33866882,1.0295715,9.640503,-11.927261380590725,220
-0.092300415,1.0343628,9.662064,-5.6465733090233705,221
0.15670776,1.1373138,9.997253,-12.115215379944782,222
0.5349884,1.2450409,10.296524,-11.763220727294529,223
0.67863464,1.2594147,9.94458,-11.387052327624309,224
0.26922607,1.1588593,9.630936,-11.348138178601806,225
-0.123413086,0.99365234,9.477707,-2.121982894215463,226
-0.034835815,0.9768982,9.5399475,-5.1150240821508834,227
0.30993652,1.0535126,9.877533,-9.392407424869743,228
0.4200592,0.9385834,10.2079315,-13.223979624706816,229
0.36260986,0.9385834,10.483276,-6.1340153086700315,230
0.51104736,0.9505615,10.258209,-12.209565905592045,231
0.4990692,1.1013947,9.56868,-11.283675706988873,232
0.45358276,1.1899872,9.3771515,-8.883971558148579,233
0.24049377,1.0822449,9.56868,-11.923797620907882,234
0.14712524,1.0870361,9.736282,-5.735174096049953,235
0.36021423,1.1636505,9.762619,-9.100932517134034,236
0.4368286,1.075058,9.9110565,-10.801149309110505,237
0.3578186,0.9888611,10.164841,-9.513387150543593,238
0.37217712,0.91464233,10.143295,-9.550255657909677,239
0.3075409,0.82606506,9.992462,-7.8295944022000645,240
0.15670776,0.85957336,9.86557,-7.6025828198509355,241
0.15431213,1.0128174,9.934998,-9.261181561667227,242
0.4440155,1.1205444,9.939789,-12.024023816788649,243
0.61639404,1.2354736,9.7267,-12.894044775528412,244
0.48710632,1.2115326,9.671631,-10.789192209194752,245
0.25486755,1.1157532,9.705154,-7.437248699480668,246
0.16149902,1.0870361,9.626144,-7.364404731982482,247
0.19979858,1.075058,10.157654,-9.552810148659262,248
0.5613251,1.0295715,10.409042,-13.52693522666367,249
0.2716217,1.0343628,9.978088,-11.876145098615996,250
0.048965454,1.0894318,9.434616,-4.3344717713491185,251
0.13516235,1.1157532,9.113785,-6.6979951274953855,252
0.17825317,1.1756134,9.39151,-9.526393538270591,253
0.37217712,1.209137,9.901474,-9.792955331008677,254
0.23092651,1.1229401,9.918243,-12.48493437349122,255
0.046569824,1.1205444,9.542343,-5.1269897198031,256
0.070510864,1.1157532,9.379547,-6.484600807917147,257
0.096847534,1.0822449,9.448975,-8.070485782716306,258
-0.044403076,1.0295715,10.016403,-8.232010365076999,259
0.22613525,0.94337463,10.749023,-12.19437727242523,260
0.22613525,0.8763428,10.684387,-10.60180853063639,261
0.15431213,0.9505615,10.009216,-4.813059284510504,262
0.31710815,1.1037903,9.513611,-10.746780149543557,263
0.33148193,1.154068,9.51123,-9.521344320926659,264
0.29078674,1.0966034,9.9110565,-13.529416292879677,265
0.37217712,1.1612549,10.035553,-9.997885765544803,266
0.27641296,1.1564636,9.815292,-16.016703103673397,267
0.2788086,1.1923676,9.525589,-6.874946545870198,268
0.300354,1.1947632,9.635727,-11.98600015367919,269
0.28359985,1.0630951,9.712341,-6.678682340730352,270
0.1926117,1.1277313,9.64769,-7.853897922814262,271
0.28120422,1.1708221,10.097809,-9.61177517176398,272
0.39372253,1.0559082,10.811279,-11.063652261934314,273
0.20458984,0.9984436,10.272583,-11.07235136161597,274
-0.19763184,1.0822449,9.563889,-4.74122618500948,275
-0.16412354,1.0583038,9.255051,-7.307854180749361,276
-0.053985596,1.1277313,9.281387,-9.27421612392455,277
0.16627502,1.2139282,9.2981415,-9.992504430252477,278
0.20458984,1.1971588,9.712341,-8.393659598390043,279
0.25486755,1.098999,10.021194,-10.239281726285977,280
0.15670776,0.9768982,9.927811,-10.667978549541829,281
-0.051589966,0.8715515,9.70755,-7.016854824934614,282
-0.032440186,0.7853546,9.690796,-8.990793155446639,283
0.10882568,0.88352966,10.066681,-9.700868159297627,284
0.379364,1.0271759,10.29892,-6.95370204209503,285
0.5852661,1.2187042,10.169632,-10.008265945535928,286
0.5254059,1.3096924,9.676422,-12.052762691495124,287
0.27401733,1.1684265,9.525589,-11.195295620449846,288
0.17346191,1.0415344,9.774582,-8.371394889243094,289
0.3578186,1.0343628,9.992462,-11.120794478304285,290
0.46076965,1.0583038,10.222305,-10.890755414605549,291
0.55892944,1.0583038,10.20314,-15.740073612098712,292
0.41767883,1.0223846,9.8871155,-8.782877074469575,293
0.3362732,1.0870361,9.693176,-11.932320843218411,294
0.62835693,1.2163239,9.504044,-13.193805556500992,295
0.8127136,1.2354736,9.465729,-19.190126812824506,296
0.7528534,1.2139282,9.913452,-14.477880266689743,297
0.9898834,1.2905426,10.313278,-16.65457617780818,298
1.1407166,1.2234955,10.310883,-16.89759089338265,299
0.99946594,0.9888611,10.035553,-18.306431815366377,300
0.647522,0.8116913,9.793732,-13.21493645424572,301
0.50146484,0.63931274,10.181595,-11.825366057231536,302
0.750473,0.73986816,10.665222,-13.618354747383352,303
1.0066528,0.88591003,10.169632,-16.44788440823984,304
1.0138245,1.0271759,9.56868,-21.55508664313059,305
0.93481445,0.95295715,9.080261,-16.19601264485916,306
0.77441406,0.7446594,8.852814,-19.321969954373262,307
0.93003845,0.90267944,9.003647,-21.58171755070447,308
1.2795868,1.0918121,9.499252,-22.281326997199706,309
1.3538055,1.1923676,9.858383,-21.863228919988423,310
1.2939453,1.1277313,9.772186,-20.659515654253102,311
1.0066528,0.9768982,9.434616,-16.937682396263334,312
0.676239,0.8930969,9.4609375,-10.857891105640386,313
0.5062561,0.85479736,9.788956,-10.696976117663118,314
0.71694946,0.9122467,10.179199,-10.654202911759558,315
0.9970703,1.098999,10.423416,-12.20623277327708,316
1.0521393,1.1636505,10.490448,-13.742787133682645,317
0.652298,1.04393,10.167236,-10.207260945683311,318
0.3075409,0.8643646,9.798523,-7.56862824193951,319
0.37217712,0.83325195,9.60939,-7.252556969228938,320
0.55174255,0.87394714,9.654877,-8.685693727864047,321
0.7217407,0.8763428,9.844025,-9.619395955330424,322
0.48231506,0.83325195,9.975693,-9.390227740750863,323
0.39611816,0.8284607,10.006821,-4.871138517457238,324
0.50865173,0.7638092,9.942184,-6.3630281364459735,325
0.39611816,0.6417084,9.985275,-0.995010539064939,326
0.43203735,0.7422638,9.8871155,-6.335466188710857,327
0.5493469,0.996048,9.808105,-6.425236645632804,328
0.77919006,1.3072968,9.76741,-7.568312345690397,329
0.90608215,1.3982697,9.808105,-4.624137959615243,330
0.93481445,1.3240509,9.575867,-8.664345971613173,331
0.77441406,1.1444855,9.329269,-6.078177658431531,332
0.5828705,0.93141174,9.475311,-4.653481306063265,333
0.4272461,0.63931274,9.803314,-0.18235022934645836,334
0.24049377,0.4741211,10.308487,2.1391270959190183,335
0.23571777,0.47172546,10.579041,3.2861173481446744,336
0.3506317,0.6512909,10.241455,5.616357832795703,337
0.47273254,0.8763428,9.803314,3.1536725096187226,338
0.7768097,1.0056305,9.623749,1.0163951143043084,339
1.0497437,1.178009,9.482498,-0.06916224207149789,340
1.3585968,1.2785645,9.721909,-2.2972235636465994,341
1.9140472,1.1492767,10.10498,-6.039587089620959,342
1.6171722,0.8284607,10.464111,1.335586075918283,343
0.9467926,0.34483337,10.629318,7.225495759737348,344
0.5637207,0.30891418,10.591003,14.288616578562337,345
0.58047485,0.42622375,10.291733,16.27957659425968,346
0.38894653,0.41186523,9.731491,21.886108346160672,347
0.039382935,0.44299316,9.247864,25.390782569679057,348
-0.15214539,0.37834167,9.204773,30.625550540150844,349
-0.35325623,0.28497314,9.4609375,36.44454044882696,350
-0.20481873,0.22750854,9.621353,38.945806949304405,351
0.17346191,-0.047821045,9.60939,42.16737495436764,352
-0.1904602,-0.5242615,10.28215,47.77334833830398,353
-0.5878906,-0.6200409,11.400253,50.11454252539301,354
-0.085113525,-0.27287292,12.1089325,51.94184693970862,355
0.6355438,0.22990417,11.292511,50.840506256800744,356
0.55174255,0.55311584,10.047531,50.09037390101492,357
0.075302124,0.53396606,9.15448,56.35390667182132,358
-0.4179077,0.61776733,8.701981,58.3590145706107,359
-0.39875793,0.75901794,8.780991,60.63920492312776,360
0.08488464,0.88591003,9.142517,58.34993041901458,361
0.21894836,0.84521484,9.29335,58.795347545358624,362
-0.2527008,0.7614136,9.496857,64.62629370017684,363
-0.4945221,0.7614136,9.709946,66.06338599211504,364
-0.30537415,0.85240173,9.906265,64.44176930955979,365
0.039382935,0.9122467,10.126526,65.03299731430526,366
-0.14735413,1.0295715,10.629318,64.17132796937312,367
-0.31974792,1.0391388,10.947739,67.54749047611043,368
-0.42030334,1.0798492,10.255814,66.96168564156595,369
-0.40592957,1.3599701,9.319687,65.89981662187158,370
-0.22157288,1.3934937,8.974915,69.36830279561994,371
-0.31256104,1.2857513,9.044357,67.94715216520456,372
-0.7507019,1.2043457,9.894302,71.90931758197227,373
-0.7075958,1.3695526,10.356369,70.33489067639263,374
-0.31495667,1.743042,9.803314,66.74089977664529,375
-0.034835815,1.925003,9.300537,63.77665914856228,376
0.041778564,1.8819122,9.132935,61.9621715842242,377
-0.47297668,1.7909241,9.427429,66.72217822813028,378
-0.63816833,1.5922089,9.62854,69.03882813043687,379
-0.46339417,1.7358551,9.932602,67.3011187225589,380
0.19021606,1.9728851,10.114563,64.88860028506201,381
0.6546936,1.9417572,9.635727,65.38255956583734,382
0.3697815,1.6185455,9.436996,66.61830471123272,383
-0.4083252,1.1373138,9.822464,74.45137055707845,384
-0.8392792,0.9792938,10.133713,73.70976910756598,385
-0.4873352,1.2594147,10.729874,71.48672011764525,386
0.27641296,1.529953,10.588608,67.64359123773251,387
0.58047485,1.7717743,9.60939,68.29838098289413,388
0.1591034,1.7358551,9.283768,66.42587096155678,389
-0.15214539,1.5084076,9.575867,71.95574237776086,390
-0.3580475,1.4653168,9.705154,70.9130935103909,391
-0.32214355,1.5036163,9.877533,71.52487355434894,392
-0.2814331,1.4054565,10.186386,74.39919474200872,393
-0.46339417,1.2833557,10.047531,72.9506960341566,394
-0.37719727,1.4413757,9.894302,70.98218087384558,395
0.18544006,1.5179901,9.855988,67.8532780452519,396
-0.022857666,1.5443268,9.590225,71.11071137364688,397
-0.2311554,1.6281128,9.262222,69.39301442003705,398
0.017837524,1.6424866,9.458557,71.13677537551965,399
0.003479004,1.632904,9.822464,66.03720587702638,400
-0.16651917,1.6305084,9.757828,68.31650147476216,401
-0.082717896,1.5778351,9.791351,70.06227050586075,402
0.053756714,1.4126434,9.62854,68.8138758501225,403
-0.20960999,1.3144836,9.578262,75.26990725740195,404
-0.2239685,1.1229401,9.676422,77.99840390628196,405
-0.36763,0.9481659,9.64769,80.56547586431789,406
-0.54719543,0.81648254,9.889511,78.85137842040066,407
-0.48254395,0.85240173,10.164841,77.60770342537889,408
-0.3580475,1.0271759,10.143295,79.16211104650122,409
-0.18566895,1.2953186,10.081039,73.39690546244437,410
-0.106658936,1.4581299,9.978088,73.99303071282475,411
0.08488464,1.640091,10.155258,73.12215427289144,412
0.5469513,2.0183716,10.435379,67.33393778152082,413
1.0856476,2.3272247,10.239059,63.96375169030727,414
1.3346558,2.44693,9.111389,56.73100141589772,415
0.86299133,2.1763916,8.536789,59.87046713204282,416
0.2596588,1.3839111,8.833664,68.83821864432443,417
-0.12580872,0.7614136,9.676422,78.26190577427188,418
-0.3388977,0.54115295,10.4210205,79.30488932091117,419
-0.6214142,0.66804504,10.770569,80.17489832681989,420
-0.48493958,1.051117,10.322861,75.0513275435832,421
0.16867065,1.5730591,9.202377,68.24694282825476,422
0.6642761,1.936966,8.527206,60.88843852594152,423
0.8605957,2.0518951,8.97731,60.83616025803424,424
1.047348,1.9968262,9.757828,60.919795924421045,425
0.72891235,1.6927643,10.107376,66.1716991319731,426
0.21894836,1.4054565,10.198364,71.34556059806859,427
-0.025253296,1.2474365,9.930206,73.78460749030181,428
0.008270264,1.2929382,9.891907,72.10052872778678,429
0.1926117,1.3599701,10.205536,71.62725809000743,430
0.28599548,1.3934937,10.210327,69.5235598256435,431
0.39134216,1.5371399,10.114563,65.61834452617535,432
0.3506317,1.7382507,9.867966,67.04163300580095,433
0.20458984,1.7909241,9.602203,64.44427598898518,434
-0.099472046,1.6281128,9.525589,71.05669823769041,435
-0.2694702,1.4916534,9.769791,71.18115111455721,436
-0.1689148,1.4772797,9.956543,71.97049558636807,437
0.075302124,1.5227814,9.927811,70.59098861932226,438
0.2716217,1.5131989,9.776978,67.89661559553564,439
0.19500732,1.4126434,9.700363,71.18548828468018,440
-0.18806458,1.2905426,9.606995,70.0853565452554,441
-0.2694702,1.2785645,9.788956,71.6214114480779,442
-0.042007446,1.3312378,9.853592,68.99640582550191,443
-0.053985596,1.470108,9.74585,71.84651399255401,444
0.24528503,1.6544495,9.729095,66.85367986022054,445
0.47512817,1.7597961,10.119354,67.43042786392559,446
0.40570068,1.7262878,10.322861,66.5131949300954,447
0.13276672,1.6352997,9.6740265,66.56693485848506,448
-0.046798706,1.6376953,9.238281,69.65502047659874,449
0.101638794,1.6951599,9.331665,67.80493396630655,450
0.44639587,1.8172607,9.35321,66.75075573961762,451
0.41288757,1.766983,9.334045,64.7498723128299,452
0.31710815,1.6999512,10.066681,67.92856039028378,453
0.4152832,1.5993958,10.562271,69.79864569446576,454
0.22613525,1.5874176,10.243851,67.02049357031976,455
0.1519165,1.5778351,9.585449,67.84937800723583,456
0.24768066,1.6807861,9.425034,68.35440219446657,457
0.34584045,1.6783905,9.760223,65.85099442968432,458
0.17106628,1.6688232,10.033157,65.95850843740949,459
0.13516235,1.5993958,9.942184,70.00951412471157,460
0.22853088,1.5227814,9.858383,67.08182866906647,461
0.33148193,1.5658722,9.575867,67.18253980837831,462
0.2883911,1.640091,9.255051,68.13849991480247,463
0.087265015,1.6376953,9.542343,68.1673984451808,464
0.094451904,1.5730591,10.102585,68.62823813867072,465
0.34344482,1.6209412,10.12175,67.69223584500133,466
0.4368286,1.640091,9.6189575,67.2750410603078,467
0.13276672,1.5682678,9.264618,67.46950337616722,468
0.094451904,1.5993958,9.386719,69.68529187500023,469
0.44161987,1.640091,9.76741,67.78626022911574,470
0.67863464,1.6376953,10.243851,69.95148483752314,471
0.47273254,1.5155945,10.363556,68.34845992988866,472
0.21655273,1.4293976,9.915848,71.16372047179534,473
0.48231506,1.6783905,9.527985,66.3512716354419,474
0.7480774,1.7837372,9.654877,65.02755365353676,475
0.5445709,1.6688232,9.820068,65.96580990963224,476
0.379364,1.632904,9.793732,67.87126876352572,477
0.4080963,1.664032,9.870346,73.05395483402886,478
0.53019714,1.6065674,9.678818,69.09084685115569,479
0.3650055,1.5395355,9.257431,69.4902831440072,480
0.25486755,1.6712189,9.2981415,66.39397397813283,481
0.4440155,1.7095184,9.980484,67.21451875407232,482
0.71455383,1.7789612,10.432983,72.08354887751013,483
0.62358093,1.8148651,10.248642,67.03304062782507,484
0.47512817,1.7310638,9.606995,65.89737824433789,485
0.34584045,1.7454376,9.2430725,64.81434246840564,486
0.37696838,1.7574005,9.532776,69.63299311652544,487
0.50146484,1.7717743,9.848801,66.6408375053046,488
0.4655609,1.8148651,10.009216,68.18387969164803,489
0.379364,1.7023468,9.6740265,67.01865624943302,490
0.21177673,1.6544495,9.302933,69.20508859521331,491
0.22853088,1.6448822,9.561508,69.74973470981931,492
0.3865509,1.7023468,10.006821,68.37484495065242,493
0.67385864,1.9273987,9.970917,66.13380524245787,494
0.8294678,1.980072,9.554321,64.47503916100692,495
0.59484863,1.9752808,9.523193,65.72447200549901,496
0.37696838,1.9130249,9.889511,67.3027579679597,497
0.19021606,1.7454376,9.961334,69.03516714904174,498
0.27641296,1.7358551,9.844025,70.68834613575163,499
0.5038605,1.7238922,9.686005,69.67373519492457,500
0.35302734,1.6712189,9.566284,67.5029917936678,501
0.2931671,1.6424866,9.571075,68.84529472030455,502
0.1878357,1.608963,9.712341,69.29074599759444,503
0.26922607,1.7167053,9.700363,70.37066037707599,504
0.5493469,1.8627472,9.635727,66.04931580242481,505
0.6403351,1.9345703,9.527985,64.56586701658975,506
0.49667358,1.8795166,9.566284,67.95198793913693,507
0.5254059,1.8100739,9.571075,67.12871108752944,508
0.4990692,1.8172607,9.7530365,66.31092570801464,509
0.5900574,1.8388062,10.076248,65.02310720038707,510
0.755249,1.8603516,10.02359,66.3537100129756,511
0.82229614,1.8890839,9.717117,132.60446175440242,512
0.77201843,1.7765656,9.547134,67.10242168941406,513
0.6044159,1.5586853,9.815292,68.93443551916239,514
0.7768097,1.5251617,10.102585,66.94075111175987,515
1.0329742,1.6305084,10.071472,69.81684814860385,516
1.236496,1.8555756,9.597412,62.322067911970514,517
1.3083191,1.9704895,9.235886,58.063697681466856,518
1.3011322,1.8890839,9.3220825,62.88564048076661,519
1.4016876,1.8148651,9.475311,63.45992961637045,520
1.4064789,1.8555756,9.556717,62.1967066199441,521
1.2197266,1.7334595,9.784164,67.759916189487,522
0.944397,1.5419312,10.021194,67.18032682708723,523
0.7600403,1.371933,9.870346,68.05990492802313,524
0.6331482,1.2953186,9.772186,73.81907262485369,525
0.7911682,1.427002,9.855988,72.83583957307367,526
1.102417,1.6712189,9.863174,70.82381610774966,527
1.1933899,1.8795166,9.587845,67.25249460585758,528
1.157486,1.9704895,9.444183,69.56165179064466,529
1.1742401,2.0088043,9.606995,65.4654780623613,530
1.0904388,2.1117554,9.5351715,66.77384860920142,531
1.0305939,2.2386475,9.226318,68.77668547009178,532
1.1048126,2.2075195,9.13533,65.61107037470929,533
1.3968964,1.7526245,8.723526,70.60346737493587,534
1.1885986,1.4365845,8.666077,73.70394295620396,535
-0.18566895,0.8284607,10.368347,88.16416376879462,536
-0.7219696,0.69677734,12.104141,86.43674745599587,537
-0.21440125,1.3384247,11.838394,85.3640389260887,538
0.7624359,1.9273987,10.533554,76.85231865412133,539
0.9946747,2.0518951,9.484894,71.62269552364187,540
0.5613251,1.8842926,8.955765,76.87062356109696,541
0.089660645,1.5251617,9.087448,81.99722694832514,542
-0.18806458,1.2474365,9.702759,84.83632485043516,543
-0.22875977,1.2282867,10.198364,88.41724959830029,544
-0.2718506,1.3240509,10.021194,83.32805515715627,545
-0.30537415,1.367157,9.587845,86.89115311128765,546
-0.4011383,1.233078,9.374756,88.8324909488912,547
-0.42030334,1.336029,9.616562,90.7983969769393,548
-0.042007446,1.5634766,9.956543,87.98241243498059,549
0.30274963,1.8148651,9.877533,84.43831606712018,550
0.33387756,1.8627472,9.681213,87.54905059252162,551
0.43203735,1.8364105,9.851196,86.15659358680946,552
0.6810303,1.8268433,9.937393,87.53394904426672,553
0.8199005,1.6999512,9.662064,88.06247591243148,554
0.59962463,1.4940491,9.836838,93.0372578547886,555
0.35542297,1.3408203,10.20076,94.58976668332167,556
0.18544006,1.2642059,10.076248,96.79743408723154,557
0.094451904,1.3815155,9.808105,97.45552281376227,558
0.19021606,1.3455963,9.573471,96.77637661402039,559
0.20698547,1.4126434,9.336441,102.56463408652603,560
0.13516235,1.4677124,9.556717,99.45219201383209,561
0.32429504,1.4844666,9.820068,103.17824462118163,562
0.46076965,1.4006653,9.86557,104.11038102778079,563
0.40090942,1.2522278,9.611786,114.69873835462049,564
0.29078674,1.0846405,9.652481,115.03397769946305,565
0.3218994,0.80451965,9.968521,120.92079480169198,566
0.2788086,0.5435486,10.509613,121.82632762147394,567
-0.020462036,0.3807373,11.0099945,120.60136051458882,568
0.041778564,0.5507355,10.923798,123.91377003561323,569
0.5158386,0.8404236,9.954147,121.32571573644702,570
0.53738403,1.0295715,8.965347,127.1542576646774,571
0.46795654,1.04393,8.869583,122.80598165412886,572
0.6427307,0.9481659,9.29335,131.44865714305288,573
0.7600403,0.9505615,9.827255,127.86518473462735,574
0.59962463,0.7638092,10.172028,133.00163725463867,575
0.2500763,0.6512909,10.076248,131.69503572679358,576
0.036987305,0.76860046,9.580658,130.53405383205316,577
-0.0084991455,0.8212738,9.439392,130.54256424775897,578
0.068115234,0.8907013,9.88472,135.12484253927215,579
0.13755798,1.0343628,10.279755,141.9062914793677,580
0.17346191,1.1205444,10.394684,138.01473655823958,581
0.12557983,1.2043457,10.37793,134.52927736440373,582
0.077697754,1.3815155,10.028366,128.7300369477127,583
0.17106628,1.5730591,9.527985,138.47349304403264,584
0.14233398,1.5922089,9.518402,129.52788500504022,585
0.058547974,1.3695526,10.057098,134.95483913083055,586
-0.027648926,1.2929382,10.418625,133.40575222707164,587
0.15431213,1.4246063,10.145691,137.75338619983822,588
0.35302734,1.6544495,9.626144,132.8509359607915,589
0.40090942,1.8699341,9.252655,132.06482216845808,590
0.45358276,2.0135803,8.790573,126.27698816768095,591
0.4775238,1.9585266,8.644516,132.02740639218473,592
0.21894836,1.5371399,8.912674,131.78072728012054,593
-0.37002563,1.2953186,9.927811,138.12411520760816,594
-0.7626648,1.1947632,10.928589,136.7608367700303,595
-0.52085876,1.4246063,11.045914,144.4023977719272,596
0.13516235,1.7597961,10.492844,147.8538836048314,597
0.23332214,1.8100739,10.162445,139.34270291780848,598
-0.109054565,1.743042,10.126526,141.98643691908862,599
-0.16412354,1.8795166,9.908661,137.29695197836293,600
0.029815674,2.173996,9.781769,130.0139759078917,601
0.044174194,2.1907501,9.736282,146.11521797046964,602
-0.12580872,2.0566864,9.499252,135.19477001599475,603
-0.2598877,1.8962708,9.580658,128.6615028295808,604
-0.23594666,1.8603516,9.642899,145.35225851942252,605
-0.15693665,2.1165314,9.37236,134.00728698727468,606
0.17825317,2.3224335,9.219131,140.06204478081588,607
0.6211853,2.1476593,9.271805,142.74335848290943,608
0.6116028,1.6161499,9.281387,160.53829621435378,609
-0.31495667,1.0008392,10.176819,146.9318900291497,610
-1.0787048,0.802124,10.77536,142.5391221663477,611
-1.1553192,1.312088,10.116959,142.77483199460485,612
-0.14257812,2.1883698,9.041962,143.8296727496433,613
0.51104736,2.5905914,8.555939,149.60025369257696,614
0.7911682,2.6456604,8.807327,164.4469812499203,615
0.6977997,2.4062347,9.053925,162.8089516227895,616
0.37696838,2.015976,9.556717,160.26220630772352,617
0.034606934,1.7119141,9.9661255,155.25843704252887,618
-0.4179077,1.6041718,10.090622,152.60352885176658,619
-0.5376129,1.6185455,9.860779,145.04306951607438,620
-0.3963623,1.6209412,9.721909,155.5067417396155,621
-0.123413086,1.6544495,9.937393,153.73523655572433,622
0.017837524,1.664032,9.997253,150.0264165156507,623
-0.077926636,1.6807861,10.0451355,151.59970960982812,624
-0.22157288,1.7262878,10.002029,141.32747392834415,625
-0.40353394,1.7406464,9.769791,148.3812834917831,626
-0.33650208,1.8412018,9.597412,148.22073306515279,627
0.029815674,1.8747253,9.630936,147.08886143665495,628
0.060928345,1.8172607,9.755432,154.31296127648068,629
-0.14257812,1.7789612,9.968521,149.43261352958814,630
-0.118621826,1.7765656,10.02597,146.62163551629106,631
0.070510864,1.7717743,9.949356,147.96490149960078,632
0.053756714,1.7717743,9.729095,155.9716180749049,633
0.0154418945,1.7334595,9.719513,147.03991630106265,634
0.068115234,1.7454376,9.82486,161.04797859059846,635
0.16867065,1.7717743,9.80571,167.81254330306575,636
0.23571777,1.8699341,9.542343,151.03854126761988,637
0.42245483,1.9202118,9.51123,158.5188824843478,638
0.5349884,1.9106293,9.717117,162.7488186373367,639
0.41288757,1.8483887,9.844025,146.7315195996582,640
0.3578186,1.8603516,9.6884,152.13645319556443,641
0.52301025,1.9585266,9.566284,161.94550642867316,642
0.5254059,1.8555756,9.559113,163.97644951799813,643
0.15431213,1.7214966,9.518402,154.64257254544717,644
-0.092300415,1.6041718,9.441788,157.29793152869468,645
-0.24073792,1.5514984,9.367569,154.56242710572621,646
-0.1904602,1.5419312,9.487274,148.55911429701356,647
0.001083374,1.5634766,9.90387,154.39206852744778,648
0.2428894,1.6448822,10.404266,156.25886851063896,649
0.21655273,1.7286835,10.334824,160.08191663439186,650
0.14472961,1.7813416,9.76741,154.7004788892305,651
0.099243164,1.8579559,9.310104,147.4341274991991,652
0.19500732,1.8938751,9.417847,152.84050909520934,653
0.39372253,1.9178162,9.817688,140.97759065792107,654
0.47991943,1.8292389,10.502426,157.02976464150163,655
0.3506317,1.6783905,10.339615,151.08901636558628,656
-0.0061035156,1.6281128,9.499252,145.21400183024312,657
-0.063568115,1.6999512,9.188004,147.22991850339406,658
0.2931671,1.7933197,9.436996,157.50918927972316,659
0.30274963,1.798111,10.02597,160.78916906256836,660
0.19979858,1.6688232,10.157654,154.4623511740072,661
0.070510864,1.6712189,9.815292,154.0547118239625,662
0.14712524,1.7478333,9.41066,151.92623363328977,663
0.26683044,1.7358551,9.51123,155.28670036531437,664
0.099243164,1.6807861,9.913452,154.34653848644047,665
0.13516235,1.7095184,10.112167,142.53584367554612,666
0.25247192,1.7885284,10.090622,158.96199783694155,667
0.3362732,1.8148651,9.719513,149.91680563985037,668
0.34106445,1.7765656,9.386719,158.1878641964123,669
0.029815674,1.6448822,9.482498,147.42490674381958,670
0.025024414,1.5778351,9.563889,140.9054228791507,671
0.24049377,1.6281128,9.705154,152.21413976718415,672
0.28599548,1.687973,9.918243,147.64192917450757,673
0.37457275,1.7550049,9.750641,156.95935905153715,674
0.4368286,1.6305084,9.652481,156.91772221835674,675
0.43922424,1.6352997,9.604599,159.0456266731392,676
0.2716217,1.5419312,9.686005,152.50266061810382,677
0.17346191,1.6161499,9.731491,157.07048622933326,678
0.42245483,1.7717743,9.719513,165.8795178056821,679
0.6427307,1.956131,9.762619,163.28606765707158,680
0.6834259,1.9728851,9.774582,170.58262214361278,681
0.4368286,1.8603516,9.836838,158.832934582385,682
0.19740295,1.743042,9.970917,157.59044121008964,683
0.18304443,1.6903687,9.90387,161.07807240408155,684
0.32429504,1.7023468,9.820068,154.28372806683302,685
0.30993652,1.6760101,9.920639,155.26239855224748,686
0.21655273,1.6352997,9.738678,142.18891104684448,687
0.13755798,1.506012,9.3125,161.29509483476954,688
0.051361084,1.4078522,9.324478,150.4617317922123,689
-0.056381226,1.367157,9.741074,141.23775256340684,690
0.14472961,1.5251617,10.143295,152.93166479987232,691
0.7337036,1.6975555,10.083435,174.4021595501323,692
0.731308,1.9202118,9.769791,158.5173388615954,693
0.32429504,1.8412018,9.398697,158.2254985387391,694
0.2428894,1.8388062,9.551926,150.4040440144824,695
0.5325928,1.877121,9.784164,162.25940826254862,696
0.5445709,1.8579559,9.934998,167.73071763680898,697
0.37457275,1.6472778,10.1409,150.72413399974587,698
0.29795837,1.4677124,10.119354,155.64777148559793,699
0.1806488,1.506012,9.913452,155.49327260657225,700
0.41767883,1.6664276,9.5950165,155.4360902628409,701
0.68821716,1.7789612,9.427429,167.1643856715882,702
0.8294678,1.798111,9.53038,164.43606660762663,703
0.7959595,1.5826263,9.8871155,162.61449613711923,704
0.4942932,1.3575745,9.875137,159.63613750802182,705
0.41288757,1.549118,9.599808,151.645021084782,706
0.5038605,1.6352997,9.7530365,158.49736738846227,707
0.6403351,1.7478333,9.9661255,169.31597722241227,708
0.6690674,1.7621918,9.975693,167.10724430899188,709
0.7480774,1.7454376,9.695572,162.8830045337708,710
0.6187897,1.7574005,9.554321,167.58907317380127,711
0.6259613,1.8076782,9.630936,167.54507309516805,712
0.66667175,1.8364105,9.762619,163.4484349140211,713
0.63075256,1.8842926,9.729095,160.9104459014711,714
0.4655609,1.925003,9.62854,151.95837650352385,715
0.23332214,1.8076782,9.652481,156.01160200230618,716
-0.14974976,1.4174347,9.848801,151.63414742362335,717
-0.3867798,1.3001099,10.3420105,144.83724859562523,718
0.20219421,1.5514984,10.303711,157.4432642938542,719
0.671463,1.8795166,9.717117,171.4523101306305,720
0.8390503,2.0901947,9.149704,170.47034749403613,721
0.8390503,2.0255585,9.07309,177.83334606082323,722
0.48710632,1.8340149,9.566284,174.4699696682122,723
0.31950378,1.5922089,9.70755,173.79483278951312,724
0.32669067,1.5706635,9.925415,160.21401249293993,725
0.4080963,1.5682678,10.162445,162.78739554576893,726
0.4368286,1.687973,10.033157,172.03402368186215,727
0.7337036,1.766983,9.822464,-176.3355811984878,728
0.97073364,1.7693787,9.88472,-168.49157338959174,729
1.0952301,1.7597961,9.844025,-161.34602072522114,730
1.0521393,1.7071228,9.8320465,-158.198778838706,731
1.0281982,1.4725037,9.958939,-165.17029828302464,732
0.60920715,1.130127,10.270187,-165.4080981491678,733
0.036987305,0.8069153,10.334824,177.91709784042592,734
-0.3293152,0.9888611,10.265396,176.69310062040296,735
0.08488464,1.3647614,10.215118,-172.28074377506135,736
0.68821716,1.6544495,9.923019,-143.90208641522378,737
0.8534241,1.8148651,9.506439,-140.48412315076598,738
0.7600403,1.7526245,9.168854,-140.61412897142802,739
0.64512634,1.3384247,9.113785,-154.96915121042215,740
0.28120422,1.0726624,9.444183,-158.43769885587304,741
-0.14257812,0.9984436,9.9110565,-165.08192929554303,742
-0.2598877,1.0654755,10.011612,-170.9217273755256,743
-0.39875793,1.1756134,9.640503,-167.27876401942925,744
-0.47297668,1.1085815,9.35321,-172.43096695566663,745
-0.16651917,0.95295715,9.417847,-158.3174055642108,746
0.034606934,0.84521484,9.693176,-152.32148302018007,747
-0.16412354,0.70396423,9.987671,-150.1648098086135,748
-0.48973083,0.644104,10.337219,-161.29125626845598,749
-0.57592773,0.56269836,10.296524,-151.4316459751108,750
-0.55436707,0.70396423,10.169632,-167.6427038191642,751
-0.21440125,1.0223846,9.968521,-140.18056222329395,752
0.1878357,1.3599701,9.937393,-117.48408949815169,753
0.45837402,1.5730591,9.975693,-97.12150607278113,754
0.51823425,1.5634766,9.851196,-102.14639428288947,755
0.53019714,1.5419312,9.48967,-108.10269489954494,756
0.57328796,1.4772797,9.120972,-99.06938723160955,757
0.43203735,1.4054565,9.183212,-103.69865039442325,758
0.24768066,1.367157,9.731491,-109.26351286974528,759
0.2500763,1.4964447,10.320465,-109.63568987761928,760
0.4368286,1.7406464,10.260605,-101.17443104323998,761
0.379364,1.9178162,9.901474,-75.22677461279332,762
0.060928345,1.8531799,9.889511,-89.23488471365334,763
-0.3508606,1.7933197,9.800919,-87.59316678437074,764
-0.7339325,1.766983,9.645294,-78.13995957683048,765
-0.54959106,1.8675385,9.776978,-78.39991657664116,766
-0.21200562,1.8340149,9.913452,-76.91413186610995,767
-0.31974792,1.7933197,9.494461,-74.9727257266147,768
-0.62620544,1.6209412,8.881546,-76.11400935578881,769
-0.98054504,1.5826263,9.0252075,-61.70133349001059,770
-1.2941895,1.6975555,9.776978,-32.58799366228974,771
-1.253479,2.063858,10.442566,-61.639356353481894,772
-0.75549316,2.3655396,10.44017,-57.638750632065346,773
-0.1401825,2.6001587,9.872742,-60.10757714907981,774
0.0154418945,2.5786133,9.43222,-55.22450074161386,775
-0.38438416,2.2386475,9.480103,-54.5915880923638,776
-0.77464294,2.0423126,9.583054,-38.42472498733496,777
-0.7339325,1.9680939,9.547134,-62.37164142496647,778
-0.59747314,1.9944305,9.434616,-60.498639630008896,779
-0.69802856,1.8435974,9.434616,-54.684857740574905,780
-0.95181274,1.6233368,9.597412,-43.37977792827451,781
-1.1385651,1.5898132,9.561508,-42.31040253068229,782
-0.9996948,1.6951599,9.597412,-35.74340445505223,783
-0.63098145,1.7861328,9.556717,-36.092355404653595,784
-0.57832336,1.7717743,9.64769,-48.103915833754264,785
-0.3580475,1.7885284,9.863174,-57.8637507237039,786
-0.26707458,1.8603516,9.760223,-58.53261065855574,787
-0.21200562,2.004013,9.381943,-60.082667449176775,788
-0.23834229,1.9848633,9.56868,-48.85419503860724,789
-0.22636414,2.0423126,9.94696,-50.91525243198278,790
0.24049377,2.1165314,9.547134,-50.42815749132332,791
0.060928345,1.7454376,9.032379,-56.743691907375606,792
-1.1720734,1.2306824,9.60939,-53.77661675078705,793
-1.9047089,0.95295715,10.567062,29.34517352362401,794
-1.7299194,1.1756134,10.646072,-6.53857467028588,795
-0.76026917,1.7717743,9.788956,-28.841798827077824,796
-0.1617279,2.0494995,9.271805,-46.02715925057145,797
-0.1689148,1.6352997,9.5351715,-52.56882756966452,798
-0.39875793,1.5131989,9.559113,-40.76452240073872,799
-0.29580688,1.4820709,9.571075,-44.59564380809057,800
-0.1952362,1.4557343,9.882324,-50.44305413390312,801
-0.25509644,1.422226,10.217514,-46.41232044805764,802
-0.3101654,1.5108032,9.927811,-41.62258882088367,803
-0.29580688,1.743042,9.796127,-37.50422380798693,804
0.24049377,1.8172607,10.0499115,-49.72712736548072,805
0.39372253,1.93219,10.1241455,-44.37594735834253,806
0.30274963,1.960907,10.002029,-49.7587682168108,807
0.5565338,2.059082,9.6884,-42.85942338145167,808
0.78637695,1.8842926,9.065903,-47.99349899563184,809
0.4152832,1.5467224,9.041962,-47.01045035895941,810
-0.26228333,1.2761688,10.040344,-45.71601339802611,811
-0.4945221,1.3743286,10.591003,-38.323385470619485,812
-0.22157288,1.6568451,10.2079315,-40.26460377991256,813
0.39611816,1.8435974,9.992462,-48.12584074099001,814
0.59962463,1.8795166,9.573471,-41.65801701210852,815
0.056152344,1.7813416,9.264618,-32.00399882787531,816
-0.4083252,1.6616364,9.21434,-31.99168058170719,817
-0.5663452,1.6951599,9.329269,-27.816548159071182,818
-0.47058105,1.8795166,9.604599,-20.67355852318665,819
-0.21440125,1.9154205,9.844025,-39.939107699921024,820
-0.1736908,1.8292389,10.095413,-41.95568690142144,821
-0.33650208,1.6592407,10.447357,-40.042089877131886,822
-0.30776978,1.5730591,10.325256,-56.6471198627008,823
-0.1952362,1.6113586,10.0451355,-49.1966777990646,824
-0.14974976,1.7621918,9.516006,-44.99985098807734,825
-0.16412354,1.9273987,9.369965,-36.84820462877472,826
-0.073135376,1.9513397,9.76741,-33.45372013958885,827
0.044174194,1.8723297,9.760223,-44.26425327484531,828
0.010650635,1.664032,9.762619,-40.20137330367117,829
-0.046798706,1.3599701,9.889511,-41.25222181313973,830
-0.12820435,1.1756134,10.004425,-44.398835322251244,831
-0.053985596,1.1420898,10.081039,-48.2997202817856,832
0.101638794,1.1947632,10.02597,-50.68221320769111,833
0.33148193,1.3839111,9.889511,-47.58384815487657,834
0.46795654,1.5514984,9.803314,-48.43079161195815,835
0.379364,1.7119141,9.487274,-49.93354592748226,836
0.26445007,1.8148651,9.2742,-37.214364239989926,837
0.19979858,1.8100739,9.334045,-36.48553182913079,838
0.044174194,1.7526245,9.417847,-46.42824161901294,839
-0.032440186,1.7406464,9.587845,-45.823575217075465,840
-0.080322266,1.7597961,9.7267,-38.23812421921021,841
0.041778564,1.7310638,9.74585,-40.9568332070096,842
-0.109054565,1.6664276,9.690796,-41.23860924612389,843
-0.24073792,1.5395355,9.791351,-30.623269256968058,844
-0.3173523,1.506012,9.958939,-36.59777915795078,845
-0.111450195,1.549118,10.246246,-40.47271622882827,846
0.33866882,1.6233368,10.353989,-45.02822700898416,847
0.221344,1.5778351,10.085831,-49.212230139804724,848
0.13755798,1.608963,9.7267,-52.44647839106209,849
0.24768066,1.6807861,9.62854,-54.87995526402715,850
0.25486755,1.7334595,9.915848,-52.34556917626432,851
0.300354,1.7837372,10.212723,-45.483237136017486,852
0.3218994,1.8005066,10.009216,-47.91799466945193,853
0.2931671,1.8651428,9.571075,-46.842386724242076,854
0.2381134,1.8651428,9.168854,-39.872564581932174,855
0.14233398,1.9154205,9.156876,-36.41115448416394,856
0.31472778,1.9202118,9.405884,-44.37906533969864,857
0.26683044,1.7837372,9.686005,-39.88968786618139,858
0.020233154,1.6161499,9.872742,-34.806326406588575,859
-0.123413086,1.529953,9.812897,-47.645999461229096,860
-0.042007446,1.5730591,9.839233,-43.95037876172655,861
0.089660645,1.5754547,9.870346,-49.30137776885173,862
-0.039627075,1.6065674,9.918243,-42.34373043873737,863
-0.030044556,1.6951599,9.760223,-36.314691722515846,864
0.094451904,1.7957153,9.681213,-37.68290838686363,865
0.17585754,1.8555756,9.923019,-44.322531863938444,866
0.11122131,1.845993,9.985275,-41.65121072860061,867
-0.087509155,1.8819122,9.793732,-34.817780633826686,868
0.058547974,1.9848633,9.429825,-32.15300964990289,869
0.4272461,2.1835785,9.290955,-35.29956510240646,870
0.31233215,2.1716003,9.211945,-42.17828618156673,871
-0.15214539,2.0111847,9.171249,-31.499241018022193,872
-0.42030334,1.6951599,9.329269,-29.352369127914617,873
-0.48973083,1.5347443,9.659668,-34.56672678559911,874
-0.36523438,1.5419312,10.157654,-30.289054440500994,875
-0.4179077,1.4557343,10.423416,-37.319122266385,876
-0.4179077,1.5467224,9.951752,-32.43963170823331,877
-0.33171082,1.640091,9.468124,-35.0533367828275,878
-0.26228333,1.7262878,9.4561615,-34.372356677293475,879
-0.20002747,1.8412018,9.769791,-27.08208937988325,880
0.08248901,1.8316193,10.322861,-40.567997367749946,881
0.40570068,1.8819122,10.45694,-43.701281762696176,882
0.49667358,1.901062,10.243851,-46.47838545280459,883
0.31950378,1.8795166,9.6189575,-45.68443743349314,884
0.17106628,1.9058533,9.022812,-42.9726645027959,885
0.12797546,1.8196564,9.226318,-51.89895676681552,886
0.051361084,1.7526245,9.762619,-34.89443926197632,887
0.089660645,1.7597961,9.934998,-44.89191009352905,888
0.20698547,1.8292389,9.757828,-49.88492181078094,889
0.094451904,1.8148651,9.446579,-112.27254587840524,890
-0.020462036,1.8100739,9.4609375,-49.586585978023955,891
0.21655273,1.798111,9.683609,-50.80713053742147,892
0.18544006,1.8029022,9.80571,-48.71281012278798,893
-0.049194336,1.7071228,9.96373,-41.69115708996143,894
-0.14974976,1.6807861,9.978088,-38.03684537455911,895
0.063323975,1.7574005,9.738678,-30.667013203507405,896
0.2093811,1.845993,9.676422,-41.93386103192866,897
0.1878357,1.766983,9.901474,-44.815562238986644,898
0.025024414,1.7406464,9.899078,-47.49908209218212,899
0.029815674,1.7741699,9.791351,-42.175082822846,900
0.14712524,1.8292389,9.812897,-41.58271759160372,901
0.23092651,1.8244476,9.709946,-41.8292361942224,902
0.19500732,1.7837372,9.731491,-53.47138242696835,903
0.1519165,1.687973,9.784164,-44.30956474979917,904
0.053756714,1.6281128,9.808105,-41.675109560506485,905
0.1591034,1.6831818,9.846405,-42.612570099563655,906
0.47512817,1.8435974,9.855988,-52.5612255691183,907
0.67385864,1.9489441,9.441788,-46.02709777886892,908
0.7408905,2.0494995,9.046753,-46.751531547902566,909
0.7696228,2.1955414,9.228714,-49.718801364882474,910
0.944397,2.2482147,9.453766,-53.31783294423729,911
0.889328,2.173996,9.51123,-47.72090273076204,912
0.5349884,1.9273987,9.721909,-47.14442451952921,913
0.13993835,1.7262878,9.741074,-40.51667532632647,914
0.039382935,1.7262878,9.721909,-35.06194965137089,915
0.24528503,1.664032,9.791351,-34.65693650906206,916
0.19021606,1.5706635,9.844025,-47.240935092501495,917
0.099243164,1.4605255,9.8871155,-42.060970852382596,918
0.42964172,1.6161499,10.088226,-40.827978273222726,919
0.592453,1.7310638,10.404266,-42.34512038223347,920
0.62358093,1.7885284,10.052307,-39.13810751029153,921
0.5900574,1.9297943,9.623749,-41.657313502624014,922
0.8246918,1.8938751,9.355606,-44.9439219840587,923
0.8797455,1.8005066,9.523193,-44.86775854462388,924
0.8294678,1.5658722,10.035553,-48.6861314038899,925
0.7624359,1.5012207,10.318069,-45.935795225138776,926
0.7121582,1.529953,10.148087,-46.61093551893244,927
0.85102844,1.6688232,9.951752,-48.51508639159986,928
0.9659424,1.6975555,9.913452,-44.434567456894165,929
0.96354675,1.6903687,10.014008,-44.124688604439854,930
0.8582001,1.6927643,10.157654,-42.79947481110647,931
0.83665466,1.6424866,10.037949,-44.830093466445845,932
0.92285156,1.6688232,9.54953,-51.281955043237005,933
0.96354675,1.5922089,9.255051,-40.30436914126038,934
0.9156647,1.4150391,9.307709,-51.381682635308366,935
0.5493469,1.3575745,9.60939,-41.963743109547465,936
0.4990692,1.4988403,9.733887,-41.16537595784302,937
0.8318634,1.7358551,9.401093,-42.06351168275384,938
0.9396057,1.8364105,9.271805,-46.77075853041615,939
0.755249,1.8627472,9.623749,-45.09339042876067,940
0.67863464,1.8412018,9.714737,-37.924997611805566,941
0.5613251,1.8124695,9.645294,-39.96153804115534,942
0.31233215,1.6185455,9.867966,-39.597625562177065,943
-0.16651917,1.3336334,10.4760895,-38.94521272284661,944
-0.7315521,1.2737732,10.770569,-18.737022308569614,945
-0.67648315,1.5395355,10.260605,-9.537589925867534,946
-0.13778687,1.9202118,9.494461,-23.154028805188698,947
0.08248901,1.9992218,9.216736,-27.46071750142832,948
0.08248901,1.8100739,9.396301,-39.04661712635921,949
-0.21440125,1.6472778,9.62854,-22.48463099293972,950
-0.26228333,1.6999512,9.559113,-27.02150389439794,951
-0.075531006,1.8292389,9.144913,-26.39459327388103,952
-0.31495667,1.845993,8.773804,-26.075324618865245,953
-0.74591064,1.7071228,9.144913,-16.224395495955147,954
-0.9063263,1.6376953,10.145691,-8.31256049350625,955
-0.7291565,1.6017761,10.765778,-15.859852932025934,956
-0.4777527,1.6137543,10.662842,-23.695034428967066,957
-0.15214539,1.687973,10.097809,-25.1059466058166,958
-0.082717896,1.7909241,9.798523,-31.372783480633995,959
0.003479004,1.8795166,9.848801,-20.025390646425365,960
0.25486755,1.9226074,9.901474,-33.22831706678926,961
0.2883911,1.9968262,9.875137,-30.158676374529207,962
0.3650055,2.071045,9.501648,-30.98555956601846,963
0.2883911,2.0231628,9.252655,-29.20678706085038,964
0.08488464,1.7813416,9.219131,-28.39270193631844,965
-0.17848206,1.5323486,9.453766,-35.84964463249719,966
-0.14257812,1.4078522,9.633331,-29.154546358983538,967
-0.097076416,1.4246063,10.02597,-33.109686926189895,968
-0.42747498,1.3001099,10.2630005,-23.121855199103354,969
-0.6286011,1.3839111,10.011612,-18.251469283115284,970
-0.14735413,1.743042,9.791351,-27.677879950994292,971
0.19740295,1.8268433,9.769791,-31.337642157354278,972
0.33387756,1.8962708,9.331665,-30.129152881841826,973
0.19740295,1.5946045,8.9509735,-30.230068926828764,974
-0.36283875,1.1133728,9.278992,-22.89806917358976,975
-1.2032013,0.7494507,10.404266,-14.475359926886009,976
-1.2486877,1.0463257,10.942963,-8.99000512237115,977
-0.6166229,1.6352997,10.174423,-16.341198560951533,978
0.13755798,2.0303497,9.161667,-23.44296800519504,979
0.53977966,2.0064087,8.855209,-31.494063734631325,980
0.48950195,1.6472778,9.264618,-32.98692110604809,981
0.060928345,1.257019,9.990067,-30.21152496323218,982
-0.118621826,1.130127,10.258209,-24.70177869941756,983
-0.3101654,0.9290161,10.1241455,-18.75807807423347,984
-0.5639496,0.857193,10.112167,-15.0121240031898,985
-0.32452393,1.0870361,10.325256,-11.392967271445539,986
0.34106445,1.4485474,10.260605,-34.31253105035333,987
0.55174255,1.6448822,9.8320465,-32.353940154906326,988
0.41767883,1.7693787,9.444183,-29.989079362343205,989
0.43922424,1.8819122,9.317291,-27.02059547923833,990
0.5038605,2.059082,9.405884,-19.31849680318031,991
0.59962463,2.1165314,9.863174,-28.118304209055054,992
0.53738403,2.1213226,10.131317,-25.711596554994557,993
0.48710632,2.1596375,9.951752,-24.23260276004563,994
0.1878357,2.205124,9.889511,-21.287809388076944,995
0.056152344,2.2554016,9.879929,-16.586258918182423,996
0.221344,2.2338562,9.702759,-16.81220669856832,997
-0.077926636,2.126114,10.064285,-15.632021726976403,998
-0.15214539,1.9058533,10.375534,-13.028514124813038,999
-0.17848206,1.7789612,9.386719,-13.26884457604369,1000
-0.38917542,1.8196564,8.567902,-14.570113433694303,1001
-0.530426,1.7885284,8.735504,-3.880787554788423,1002
-0.70999146,1.7358551,9.719513,-3.3411481822874673,1003
-0.42269897,1.8531799,10.468903,-14.014381068291739,1004
0.058547974,2.1285095,10.8519745,-18.599549383597473,1005
0.4440155,2.3535614,10.100204,-22.402723364412928,1006
0.16149902,2.545105,8.814514,-15.312594270062416,1007
0.010650635,2.5546722,8.347641,-14.250748302256493,1008
-0.2527008,2.284134,8.939011,-13.904100833952713,1009
-0.6740875,2.027954,9.338837,-8.917329348281275,1010
-0.9278717,1.9226074,9.326874,-4.11197793224913,1011
-0.99490356,1.9082489,9.640503,-3.0676957958938944,1012
-0.95899963,1.8172607,9.525589,-4.532715023800977,1013
-1.1912384,1.6783905,8.922256,-5.952978583397905,1014
-1.1864471,1.5682678,8.869583,0.8802538094160572,1015
-1.3205261,1.2618103,9.638123,-4.036684488159849,1016
-1.2391205,1.257019,10.272583,-0.7639055923297098,1017
-0.47058105,1.5251617,10.018799,-11.055726681176159,1018
-0.12580872,1.8986664,9.939789,-12.93938015614437,1019
-0.075531006,2.1356964,10.066681,-11.969877492143373,1020
0.21655273,2.3918762,9.970917,-15.922811908247818,1021
0.9611511,2.6911469,9.6141815,-23.049540571265844,1022
1.399292,2.324829,9.88472,-26.656309047402992,1023
0.6259613,1.6065674,10.739456,-19.86751936149698,1024
-0.6621094,1.0559082,11.247025,-8.03864941722123,1025
-1.0882874,1.2642059,10.832825,-2.8205456142203946,1026
-0.6525421,1.7621918,9.858383,-8.590274277611677,1027
-0.030044556,2.1476593,9.13533,-10.335338091678452,1028
0.26205444,2.173996,9.238281,-15.48644307500675,1029
0.37696838,2.039917,9.932602,-14.486129427659826,1030
0.41288757,1.8388062,10.380325,-17.335472613524875,1031
0.22853088,1.5898132,10.20076,-15.76291034958865,1032
-0.33171082,1.3599701,9.769791,-9.31607323070568,1033
-0.61901855,1.3049011,9.444183,-3.1974437769147492,1034
-0.41311646,1.4796753,9.374756,-7.565125208668939,1035
-0.063568115,1.6688232,9.480103,-9.092600540120264,1036
0.096847534,1.743042,9.482498,-14.513313580556478,1037
0.099243164,1.7574005,9.331665,-14.84643727430363,1038
0.094451904,1.7143097,9.23349,-10.83963913263082,1039
-0.24790955,1.7023468,9.556717,-5.58034950237822,1040
-0.32214355,1.5993958,9.896683,-6.172824016647221,1041
-0.30537415,1.6736145,10.12175,-8.558629157413362,1042
-0.15214539,1.719101,10.109772,-10.695300159995526,1043
0.001083374,1.798111,10.28215,-11.999685291454956,1044
0.020233154,1.8052979,10.035553,-14.690290612140677,1045
-0.094680786,1.845993,9.374756,-14.32315940651603,1046
-0.12820435,1.877121,9.101822,-9.650224014149275,1047
-0.25509644,1.8196564,9.5351715,-10.130141279764699,1048
-0.22157288,1.7933197,9.970917,-11.136999102110142,1049
-0.116241455,1.8052979,10.0499115,-10.624156055827026,1050
-0.17848206,1.8124695,9.853592,-7.846146511879944,1051
-0.24073792,1.743042,9.597412,-11.832294430370869,1052
-0.3508606,1.6664276,9.496857,-6.239239068589132,1053
-0.5136719,1.608963,9.5950165,-6.329368964216151,1054
-0.3460846,1.7454376,9.96373,-8.293738199700988,1055
0.16149902,1.8866882,10.145691,-11.362292038109366,1056
0.300354,2.0183716,9.836838,-13.929118963108824,1057
-0.111450195,1.8986664,9.2981415,-9.898627748978884,1058
-0.40353394,1.8124695,9.23349,-3.264516021120863,1059
-0.2311554,1.798111,9.446579,-7.91501360173389,1060
0.017837524,1.8627472,9.6884,-14.126005142349966,1061
-0.010894775,1.7550049,9.800919,-10.793621586871506,1062
-0.013290405,1.7741699,9.894302,-11.652251497622979,1063
0.1806488,1.766983,9.810501,-11.793367474743674,1064
0.020233154,1.8723297,9.822464,-16.30267629403266,1065
-0.0061035156,1.8914795,9.86557,-13.379101758494269,1066
-0.0013122559,1.93219,9.985275,-13.39229170755521,1067
0.101638794,1.8938751,9.860779,-12.857142970990125,1068
-0.0037078857,1.936966,9.6141815,-8.356575940065106,1069
-0.1449585,1.9417572,9.585449,-9.737617138353235,1070
-0.020462036,1.9489441,9.611786,-10.348099446368975,1071
0.104034424,1.93219,9.48967,-12.21142798591452,1072
-0.042007446,1.8364105,9.458557,-11.684256056526365,1073
-0.30776978,1.6472778,9.575867,-8.170279115358422,1074
-0.33171082,1.5754547,9.650085,-6.743794960974906,1075
-0.094680786,1.7023468,9.640503,-8.968519908563229,1076
-0.073135376,1.7143097,9.800919,-11.28689016476701,1077
-0.12820435,1.7502289,9.90387,-12.848419965646372,1078
-0.111450195,1.8196564,9.98288,-7.537426230263598,1079
0.001083374,1.9585266,9.951752,-14.707944943597868,1080
0.18304443,2.1045685,9.927811,-14.970644264360313,1081
0.34823608,2.1883698,9.638123,-15.347008178195527,1082
0.4368286,2.2697601,9.185608,-15.706021703991613,1083
0.39372253,2.1045685,9.171249,-13.45400332047992,1084
-0.0013122559,1.8555756,9.654877,-11.337857036353645,1085
-0.087509155,1.7047272,10.102585,-8.937615863889858,1086
-0.23355103,1.6496735,10.404266,-9.143442760754548,1087
-0.15693665,1.6616364,10.461716,-7.526814677614338,1088
-0.082717896,1.6664276,10.291733,-7.35795020321682,1089
-0.3005829,1.6831818,9.6740265,-8.926007103621776,1090
-0.5088806,1.6927643,9.231094,-5.268552647427607,1091
-0.27903748,1.7454376,9.2981415,-7.7593450528128365,1092
-0.087509155,1.8052979,9.762619,-13.02243440267808,1093
0.058547974,1.901062,10.188782,-15.070081573391944,1094
0.13276672,1.9273987,10.040344,-11.38203640745258,1095
-0.022857666,1.8627472,9.35321,-10.42621631990641,1096
-0.19763184,1.8029022,9.065903,-7.207868749036837,1097
-0.20721436,1.8029022,9.144913,-7.266174658886651,1098
-0.044403076,1.925003,9.561508,-11.103414208187543,1099
0.048965454,2.035141,9.702759,-9.476247996931649,1100
-0.044403076,2.1333008,9.496857,-11.429597575964317,1101
-0.065963745,2.2338562,9.278992,-11.059356926720021,1102
0.08488464,2.2386475,9.255051,-9.46617346790588,1103
0.032211304,2.0088043,9.94458,-9.659422571413991,1104
-0.24073792,1.6951599,10.636505,-9.82334198885242,1105
-0.48254395,1.549118,10.535934,-4.729289148774413,1106
-0.43945312,1.6257324,9.975693,-9.732811246498486,1107
-0.2239685,1.6688232,9.477707,-9.748283332515856,1108
-0.111450195,1.7238922,9.401093,-8.179378634880171,1109
-0.056381226,1.7574005,9.738678,-11.55842604276816,1110
0.068115234,1.8603516,10.176819,-14.086343087613347,1111
0.2931671,1.9896393,10.078644,-14.055751524094507,1112
0.26922607,1.9824677,9.566284,-15.489673754484167,1113
0.056152344,1.9992218,9.310104,-10.674517601898469,1114
-0.121017456,1.9992218,9.374756,-7.607573980586922,1115
-0.20002747,2.0758362,9.250259,-8.479293948882725,1116
-0.073135376,2.142868,9.199982,-6.069350065816113,1117
0.23571777,2.126114,9.463333,-14.497426560547026,1118
0.26922607,1.9704895,9.906265,-12.55687077960344,1119
0.14472961,1.8029022,10.265396,-13.036842686732221,1120
0.19979858,1.7406464,10.255814,-15.311217986944659,1121
0.36021423,1.7310638,10.2079315,-13.719636207490886,1122
0.5469513,1.7837372,10.069077,-15.945421541947853,1123
0.49667358,1.8388062,9.8871155,-20.605840612660558,1124
0.4942932,1.7789612,9.499252,-17.22953808704527,1125
0.41049194,1.6616364,8.984497,-18.560607060044646,1126
0.12557983,1.5562897,8.891129,-11.500021948949026,1127
-0.018066406,1.4964447,9.207153,-13.94361774716947,1128
0.08488464,1.4605255,9.343628,-12.385229833308312,1129
0.16867065,1.6065674,9.219131,-9.065495788172715,1130
0.33148193,1.8507843,9.542343,-16.134576800822185,1131
0.6618805,2.035141,10.174423,-11.380107732785698,1132
0.9252472,2.1596375,10.526367,-14.331852529782163,1133
1.0449524,2.1548462,10.483276,-13.477109850442073,1134
0.9467926,1.9896393,10.397079,-14.455422604698741,1135
0.9467926,1.822052,10.339615,-13.116206069793185,1136
0.8031311,1.6568451,10.318069,-12.27055266469109,1137
0.65948486,1.608963,10.181595,-9.145449128823238,1138
0.6139984,1.6688232,10.100204,-9.658747236459805,1139
0.8605957,1.8076782,9.954147,-12.476213075694758,1140
0.9539795,1.8052979,9.882324,-13.618262539829557,1141
0.77201843,1.6448822,9.729095,-11.07110570586609,1142
0.39372253,1.4988403,9.606995,-8.341464146526452,1143
0.35302734,1.5562897,9.494461,-7.549258679227,1144
0.59484863,1.7550049,9.702759,-10.86355504000962,1145
0.89411926,1.8316193,9.901474,-16.07468628708493,1146
0.91326904,1.7957153,9.542343,-17.136299174685426,1147
0.65948486,1.7454376,9.310104,-9.841266112781824,1148
0.56611633,1.6520691,9.551926,-7.057530735876156,1149
0.47273254,1.4772797,9.812897,-3.183316384390224,1150
0.45358276,1.4844666,9.793732,-8.617265477664274,1151
0.731308,1.6352997,9.53038,-8.16065623259152,1152
0.89172363,1.7454376,9.48967,-8.49351013386646,1153
0.98509216,1.7621918,9.602203,-7.909310393776929,1154
1.2580414,1.8603516,9.5351715,-13.776237131369136,1155
1.7368774,2.0494995,9.185608,-16.602728211818615,1156
1.7177277,2.027954,8.771408,-19.682305121773748,1157
1.3226776,1.9920349,8.713959,-14.27332293123703,1158
0.6642761,1.8268433,9.171249,-4.42459782499473,1159
0.34344482,1.8100739,9.980484,-0.38150283077285385,1160
0.62835693,2.0854187,10.337219,-2.876753588777957,1161
0.7384949,2.2434235,10.344406,-3.434657100562938,1162
0.36740112,2.2147064,10.45932,3.5227866045367895,1163
-0.044403076,2.0854187,10.291733,6.815353999135484,1164
-0.32452393,1.9896393,9.872742,12.289752326447996,1165
-0.43945312,1.9872437,9.7530365,12.304862412439357,1166
-0.34846497,1.9944305,9.827255,13.146308421012723,1167
-0.044403076,2.0542908,9.937393,8.214286024180815,1168
0.027420044,2.106964,9.985275,10.623689895416174,1169
-0.065963745,2.118927,9.951752,10.575774410841241,1170
-0.087509155,2.1213226,9.875137,11.553089957479086,1171
-0.20002747,2.106964,9.882324,14.79507766683972,1172
-0.094680786,2.1955414,9.56868,14.72714289780748,1173
0.034606934,2.2865295,9.379547,16.751341175327045,1174
0.2931671,2.2793427,9.365173,13.648633829747665,1175
0.26445007,2.0255585,9.396301,13.505314262845994,1176
-0.0084991455,1.6281128,9.508835,20.51020259635475,1177
-0.42269897,1.3264465,9.846405,26.687676691166278,1178
-0.4873352,1.4988403,9.973297,27.031190810188313,1179
-0.28382874,1.7406464,9.635727,24.909997016265397,1180
-0.030044556,1.9992218,8.972534,24.508965874242683,1181
0.013046265,2.0662537,8.871979,24.77816582754769,1182
-0.044403076,2.0016174,9.338837,26.167981257598345,1183
0.101638794,1.9896393,9.554321,28.29189517435822,1184
0.2381134,1.9513397,9.492065,27.387137581047064,1185
0.20698547,1.7645874,9.731491,34.33380708961792,1186
0.29078674,1.6209412,10.152863,30.609680595614318,1187
0.7384949,1.6807861,10.301315,31.272058680943815,1188
0.8414459,1.7765656,10.363556,33.78903803160687,1189
0.7528534,1.8388062,10.337219,35.94470379027084,1190
0.7983551,1.8603516,10.073868,35.80033749687887,1191
0.9108734,1.8603516,9.781769,37.79386822502508,1192
0.6906128,1.5586853,9.53038,43.50928514512712,1193
-0.032440186,1.2258911,9.638123,47.67766080312669,1194
-0.74591064,1.1037903,10.270187,53.18042319851497,1195
-0.8297119,1.209137,10.339615,55.506259705255225,1196
-0.6573181,1.4892578,9.82486,55.2471325734287,1197
-0.25749207,1.6472778,9.03717,53.92491381804636,1198
-0.20721436,1.6041718,8.749863,52.33125651485855,1199
-0.36044312,1.3791199,9.288559,57.505937603654445,1200
-0.4945221,1.2282867,9.820068,61.92183931717528,1201
-0.48973083,1.2833557,9.889511,60.092400468744046,1202
-0.18566895,1.2857513,9.788956,62.702208920416744,1203
-0.20721436,1.3192749,9.721909,61.400368034423146,1204
-0.6525421,1.3934937,9.686005,64.09851815282079,1205
-0.5160675,1.5658722,9.798523,66.75692340043814,1206
-0.44424438,1.6999512,9.867966,68.14921648161021,1207
-0.4657898,1.8364105,9.841629,65.94684930449628,1208
-0.3388977,1.8555756,9.906265,70.1466028515429,1209
-0.4873352,1.8029022,9.848801,68.59026911707461,1210
-0.7123871,1.7334595,9.719513,69.81889720535486,1211
-0.7363281,1.6257324,9.844025,70.01489631377754,1212
-0.9278717,1.450943,10.114563,70.38499011395469,1213
-1.0140533,1.5347443,10.081039,73.50627045143462,1214
-0.6286011,1.8579559,9.920639,70.30859444808809,1215
-0.31256104,2.2314606,9.585449,64.2872909211016,1216
-0.24790955,2.411026,9.37236,64.53873750520646,1217
0.063323975,2.3727112,8.984497,60.81383919982664,1218
-0.41551208,2.0662537,9.113785,68.4630636739723,1219
-0.97335815,1.7621918,10.248642,72.87284553799681,1220
-0.8201294,1.8268433,11.187164,71.5881552570091,1221
-0.37480164,2.0542908,10.732269,72.57852585647179,1222
0.13516235,2.2147064,9.417847,66.32064506720357,1223
0.094451904,2.0997772,9.130539,64.39822685360095,1224
-0.26467896,1.9226074,9.53038,68.41323744397705,1225
-0.4370575,1.9441528,9.41066,71.8089547823081,1226
0.010650635,2.3056793,8.982101,65.03185667271387,1227
-0.23834229,2.2314606,8.97731,67.78886253118951,1228
-0.7411194,2.0255585,9.556717,72.99294075417313,1229
-0.61901855,1.9297943,10.195969,72.43492112917227,1230
-0.29101562,1.9393616,10.231873,70.52363612391677,1231
-0.061172485,1.9848633,9.817688,68.95339612429835,1232
-0.40353394,1.8507843,9.606995,73.15605933193139,1233
-0.5663452,1.7310638,9.475311,73.35850613893057,1234
-0.59747314,1.6951599,9.6141815,76.32657167294877,1235
-0.4777527,1.6831818,9.841629,75.04181309006937,1236
-0.24790955,1.9345703,10.057098,71.90911950648635,1237
0.053756714,2.0806274,9.583054,68.9726299370011,1238
-0.075531006,2.1835785,9.046753,67.36234453827889,1239
-0.080322266,2.027954,8.974915,69.96041189476834,1240
-0.109054565,1.8340149,9.439392,69.62373138001091,1241
-0.31256104,1.6951599,10.368347,73.65954672659888,1242
-0.111450195,1.7167053,10.583832,73.27101824585186,1243
0.003479004,1.8627472,10.030762,71.91833343167669,1244
0.20458984,2.015976,9.573471,67.2096488291941,1245
0.28599548,2.0734406,9.487274,67.39732193701853,1246
0.1303711,2.004013,9.736282,68.91635600842936,1247
0.13755798,1.9273987,9.86557,68.7828531309123,1248
0.16867065,1.9393616,9.721909,69.32587366049582,1249
0.1303711,1.8699341,9.82486,69.79976584548965,1250
-0.020462036,1.7957153,10.116959,72.89276919980573,1251
0.013046265,1.845993,9.750641,68.75376335523721,1252
0.16867065,1.8914795,9.300537,71.409696074375,1253
0.120788574,1.7574005,9.250259,70.40633445511097,1254
-0.109054565,1.6448822,9.70755,70.1923377982253,1255
0.032211304,1.7909241,10.006821,71.09251574969797,1256
0.072906494,1.8507843,9.750641,67.45748907341718,1257
-0.034835815,1.8268433,9.350815,66.86954638966247,1258
-0.037231445,1.7167053,9.374756,72.62064763308325,1259
0.027420044,1.743042,9.7267,70.0381394475231,1260
0.14233398,1.8819122,10.064285,71.89435946768995,1261
0.34823608,2.0088043,9.98288,67.77324871874686,1262
0.2428894,2.0303497,9.60939,66.21832883343679,1263
-0.1401825,1.9154205,9.3220825,68.20667203290836,1264
-0.33171082,1.8100739,9.43222,-56.2180234733785,1265
-0.26467896,1.7478333,9.827255,73.01358158584492,1266
-0.20481873,1.8005066,10.035553,71.55134053738274,1267
-0.058776855,1.8268433,9.829651,66.61081199371323,1268
-0.20960999,1.8124695,9.516006,68.55983379413304,1269
-0.27903748,1.7071228,9.650085,72.82922111976794,1270
-0.051589966,1.5586853,9.788956,75.11135807619844,1271
-0.0013122559,1.4557343,9.654877,72.97949211169738,1272
-0.089904785,1.5131989,9.678818,73.04334072005867,1273
-0.027648926,1.5754547,9.997253,75.06420928035784,1274
0.14712524,1.6544495,10.222305,70.62421748963438,1275
0.2596588,1.8842926,10.057098,67.88139793406485,1276
0.4272461,2.0614777,9.796127,63.88365406191053,1277
0.60202026,2.162033,9.781769,64.24491642749085,1278
0.5828705,2.1404724,9.8871155,62.9501925986124,1279
0.5780792,2.039917,9.9661255,64.88752794536232,1280
0.40330505,1.8412018,10.294128,69.27406667564128,1281
0.29078674,1.6760101,9.94696,68.32785324916273,1282
0.16149902,1.8268433,9.532776,68.50104635594674,1283
0.26922607,1.9154205,9.381943,65.69368151272059,1284
0.118392944,1.9106293,9.436996,67.0243799479575,1285
-0.0084991455,1.8196564,9.630936,70.64547303833146,1286
-0.21200562,1.6113586,9.798523,71.94323630139056,1287
-0.034835815,1.6472778,9.664459,68.72232399448764,1288
0.10882568,1.664032,9.516006,71.22855945758627,1289
0.094451904,1.6592407,9.645294,68.03621783198152,1290
0.22613525,1.7789612,10.002029,70.28490052185731,1291
0.19500732,1.7071228,10.090622,70.59165797786092,1292
0.18544006,1.8100739,9.66684,66.03151632944777,1293
0.26205444,1.8627472,9.6740265,65.36209631908399,1294
0.42964172,1.9968262,10.037949,66.46955002129901,1295
0.32669067,1.956131,10.133713,68.7311485988953,1296
0.19021606,1.9226074,9.942184,66.45164809548442,1297
0.14233398,1.8029022,9.642899,68.31474611614547,1298
0.13755798,1.8052979,9.343628,69.35779796467646,1299
0.089660645,1.8172607,9.125763,68.89322215771054,1300
-0.020462036,1.7286835,9.197586,70.35158365872415,1301
0.12797546,1.8100739,9.652481,70.54534929528823,1302
0.089660645,1.7885284,10.217514,73.60431098678097,1303
0.2093811,1.9297943,10.246246,65.70626272117175,1304
0.31710815,1.8699341,9.386719,66.33580125697183,1305
0.15670776,1.901062,9.092239,67.39587393691448,1306
0.20219421,1.766983,9.817688,70.69019028682753,1307
0.43443298,1.7861328,10.466507,68.27350543393693,1308
0.17585754,1.687973,9.934998,72.08515397196508,1309
0.046569824,1.7550049,9.51123,70.33873607289536,1310
0.068115234,1.8316193,9.422638,69.10292262560827,1311
-0.094680786,1.8531799,9.635727,71.35987667456894,1312
0.1878357,2.035141,9.891907,70.60568718641613,1313
0.2883911,2.0111847,9.8871155,68.54808586876062,1314
0.1878357,1.9992218,9.779373,71.13082628075256,1315
0.14712524,1.8196564,9.575867,76.68007494363195,1316
0.22853088,1.8483887,9.336441,71.29078931111425,1317
0.37217712,1.8483887,9.2742,79.66634976197741,1318
0.26445007,1.8651428,9.487274,76.83020250158883,1319
0.077697754,1.8483887,9.810501,79.74130425792913,1320
0.123184204,1.8531799,10.02359,72.7202864326954,1321
0.26205444,1.8412018,10.06189,73.47438029819983,1322
0.3578186,1.9441528,9.817688,71.32179153975694,1323
0.3650055,2.0566864,9.700363,66.96965647232736,1324
0.24768066,1.9417572,9.733887,69.49809688041769,1325
0.13755798,1.8292389,9.717117,71.29191629232731,1326
0.19740295,1.8435974,9.690796,69.39579430702925,1327
0.19979858,1.8412018,9.939789,70.02098201232802,1328
0.13276672,1.7286835,9.894302,72.55552177934717,1329
0.19740295,1.8531799,9.724304,67.85008151672034,1330
0.26922607,1.8148651,9.587845,67.3571057831855,1331
0.1878357,1.9345703,9.099426,67.59519934746297,1332
0.21177673,1.9872437,9.47052,69.96119053633373,1333
0.29556274,1.8962708,9.812897,76.40401918794754,1334
0.22613525,1.936966,9.683609,73.87281938343251,1335
0.1591034,1.936966,9.453766,74.17590902785183,1336
0.2381134,1.9633026,9.769791,75.88269133916798,1337
0.2716217,1.8148651,9.729095,79.86909709730007,1338
0.20219421,1.8292389,9.774582,74.96197500886109,1339
0.31710815,1.8675385,10.227097,82.36433595583499,1340
0.2788086,1.8627472,10.296524,77.66294599538595,1341
0.31950378,1.9513397,9.808105,80.74343644314257,1342
0.18304443,1.9058533,9.518402,77.16103637441674,1343
0.056152344,1.9585266,9.4561615,72.5120339649017,1344
0.115997314,1.9034576,9.676422,72.45814377235031,1345
0.094451904,1.7574005,10.052307,73.68334993585637,1346
0.053756714,1.6688232,9.80571,75.32532058213826,1347
0.19021606,1.7741699,9.384323,70.27043418119523,1348
0.39611816,1.845993,9.520798,65.90586816947621,1349
0.41288757,1.8005066,9.650085,69.24173256011044,1350
0.12557983,1.7861328,9.721909,68.74931007189836,1351
0.094451904,1.7478333,9.683609,69.20064214206364,1352
0.4272461,1.9393616,9.6884,66.76338475939296,1353
0.7696228,2.0518951,9.800919,63.105435968257616,1354
0.57328796,1.9297943,9.82486,62.842623949373866,1355
0.089660645,1.8052979,9.731491,71.89791116605835,1356
0.017837524,1.7861328,9.851196,71.16482696244088,1357
0.2716217,1.8100739,9.925415,68.46050918322271,1358
0.49189758,1.8962708,10.009216,64.61134241608369,1359
0.5613251,1.8531799,10.018799,68.11231296952464,1360
0.3075409,1.8268433,9.729095,68.63094289358204,1361
0.094451904,1.8316193,9.389114,66.75899294775665,1362
0.26205444,1.93219,9.346024,65.84604937272523,1363
0.5541382,1.9297943,9.494461,65.88182590359776,1364
0.83665466,2.039917,10.10498,64.88915353038479,1365
0.23571777,2.142868,7.8879547,65.67728905871256,1366
0.2093811,1.5131989,9.788956,74.39778089285053,1367
0.46316528,1.6233368,10.473694,70.00685718112443,1368
-0.080322266,1.640091,10.662842,76.44247998316389,1369
0.6259613,1.7454376,10.36116,74.61595079531908,1370
0.6044159,1.9656982,9.808105,72.24123062468904,1371
0.41288757,1.980072,9.207153,67.99678714990304,1372
0.005874634,1.8842926,9.302933,69.28133399691816,1373
-0.2024231,1.7382507,9.6740265,71.4951144201352,1374
-0.051589966,1.608963,9.956543,72.37872916287057,1375
0.118392944,1.5970001,10.155258,68.38648359299812,1376
0.20219421,1.5874176,10.018799,70.56563495712318,1377
0.051361084,1.6161499,9.709946,69.12183541942004,1378
0.027420044,1.687973,9.640503,71.71671990775626,1379
0.27401733,1.845993,9.6740265,67.86582510275721,1380
0.45837402,1.9728851,9.733887,68.2537866778031,1381
0.49189758,2.0734406,9.650085,63.84674371963578,1382
0.34584045,1.9896393,9.319687,65.70971879689178,1383
0.1926117,1.9824677,9.439392,67.02381304225638,1384
0.14472961,1.8196564,9.839233,69.93118551530986,1385
0.032211304,1.7526245,9.968521,71.24838066655765,1386
-0.1329956,1.7454376,9.975693,69.86631920876225,1387
