0.5325928,1.6496735,10.021194,67.07659674416225,0
0.19740295,1.6520691,9.8871155,-94.39548195238066,1
0.2596588,1.8531799,9.8320465,162.9388754811815,2
0.5541382,1.8890839,9.477707,107.77784427242996,3
0.33866882,1.8651428,9.401093,-88.09106025410799,4
0.26445007,1.8124695,9.606995,-41.73255486652087,5
0.13516235,1.7334595,10.002029,70.18237938241542,6
0.2093811,1.6807861,9.980484,56.92277605231876,7
0.19740295,1.7765656,9.590225,-178.63290166544326,8
0.3697815,1.9872437,9.11618,147.89762413627616,9
0.39372253,1.9848633,9.547134,3.9129901891777408,10
0.15670776,1.6927643,10.20314,71.94493018830472,11
-0.061172485,1.7286835,10.20076,-99.27764652959242,12
0.034606934,1.8029022,9.695572,149.4393890772448,13
0.18304443,1.9776764,9.267014,148.86838526263173,14
0.3865509,1.9992218,9.0850525,105.42198225409834,15
0.3362732,2.0566864,9.295746,68.12741451777953,16
-0.106658936,1.8603516,9.810501,-56.478356133593536,17
-0.4250946,1.5131989,9.872742,-41.65421942693,18
0.094451904,1.4916534,9.82486,88.3625807641835,19
0.44639587,1.8962708,9.875137,137.77595314485592,20
0.8390503,1.9226074,9.590225,63.90146036507676,21
0.9084778,2.0806274,9.652481,155.69439435687244,22
0.47512817,1.936966,9.915848,-67.18299060086353,23
0.27641296,1.7406464,9.851196,-47.379734781719904,24
0.1926117,1.8986664,9.7530365,-154.83070327594598,25
0.37696838,1.8579559,10.040344,65.14544954880034,26
0.6139984,1.7813416,10.06189,70.85047433608021,27
0.43922424,1.8747253,9.731491,-134.24887077821802,28
0.1591034,1.8723297,9.501648,-98.84405246070166,29
0.16149902,1.7909241,9.278992,9.428925031267216,30
0.120788574,1.7909241,9.2981415,-85.08589996270743,31
0.31472778,1.8124695,9.714737,72.6637529569352,32
0.5254059,1.7885284,10.10498,63.85898341862845,33
0.070510864,1.5395355,10.081039,-61.97368728316484,34
-0.3460846,1.5347443,9.602203,-98.96239231826131,35
-0.13539124,1.6855774,9.48967,72.90246123823798,36
0.25247192,1.6376953,10.150482,67.47425718782955,37
0.23092651,1.6185455,10.729874,-17.906464475306894,38
0.017837524,1.5993958,10.2079315,-106.27182854157718,39
0.003479004,1.7071228,9.525589,-176.43403154518438,40
0.063323975,1.8723297,9.185608,64.96419681879571,41
0.14472961,1.9226074,9.207153,118.79484378101215,42
0.37457275,1.9872437,9.413055,94.87565108122173,43
0.26445007,1.8651428,9.616562,-36.20659373361664,44
0.14712524,1.822052,10.083435,-44.77532217949152,45
0.31950378,1.7693787,10.095413,66.82036902763838,46
0.34823608,1.8052979,9.662064,158.8572363954519,47
0.1638794,1.9178162,9.482498,-128.95199077498143,48
0.003479004,1.8842926,9.769791,-61.45388256657019,49
0.001083374,1.9776764,9.78656,-178.44315901030032,50
0.2788086,2.1692047,9.204773,66.64297535451482,51
0.5756836,1.8699341,9.015625,50.00907415932426,52
0.41049194,1.766983,9.197586,-52.26646192529723,53
0.22853088,1.8842926,9.652481,-98.51692055040391,54
0.40570068,2.004013,10.009216,105.81972466003569,55
0.6403351,2.0135803,10.559891,73.85694602380141,56
0.7265167,1.8196564,10.919006,13.906601536962585,57
0.5613251,1.7957153,10.531158,-106.55015875025519,58
0.37217712,1.9489441,9.662064,-154.30145923791838,59
0.2093811,1.9848633,9.336441,-123.67362058439558,60
0.26683044,2.0064087,9.346024,67.23496151025816,61
0.43203735,2.087799,9.35321,114.83329308126974,62
0.26445007,2.0566864,9.477707,-71.92825769654073,63
0.092056274,1.8962708,9.506439,-46.717585507727605,64
-0.056381226,1.7621918,9.580658,-45.497420023829015,65
-0.015686035,1.6616364,9.542343,69.06412715112259,66
0.13755798,1.7813416,9.604599,124.81799145907453,67
0.5756836,1.9824677,9.760223,110.61942836339789,68
0.48950195,1.8507843,10.095413,-28.418320268347863,69
0.022628784,1.6424866,10.1409,-65.50894538623926,70
-0.22636414,1.7526245,10.02597,72.2563663238898,71
0.14712524,1.956131,9.56868,127.29598408995517,72
0.59484863,2.1811829,9.144913,123.17937443567511,73
0.5493469,2.2027283,9.331665,-69.42088842203987,74
0.065719604,1.8507843,9.851196,-47.8283074554605,75
-0.18806458,1.6376953,10.20076,69.00695163758041,76
0.104034424,1.8388062,10.090622,126.51079920334884,77
0.5565338,1.9776764,9.748245,112.8759384500625,78
0.6355438,2.039917,9.429825,141.65966700881688,79
0.36740112,1.9728851,9.255051,-84.10171751463278,80
0.13276672,1.8435974,9.39151,65.23945344234723,81
0.060928345,1.719101,9.798523,-21.0851269395514,82
0.1878357,1.7574005,9.875137,100.7731642596909,83
0.3290863,1.8842926,9.812897,133.39537033953323,84
0.45118713,1.925003,9.712341,114.73641367808227,85
0.33387756,1.8627472,9.779373,65.01608576592031,86
0.013046265,1.7071228,9.827255,-63.29186598165312,87
-0.049194336,1.8148651,9.599808,-156.81711353188246,88
0.26922607,1.9465485,9.561508,112.89659294211262,89
0.64990234,2.1117554,9.733887,108.00422406228087,90
0.5900574,1.9728851,9.990067,63.39756998924823,91
0.3650055,1.7789612,10.054703,-48.53759869510422,92
0.051361084,1.6520691,10.02359,-69.0720296799923,93
0.063323975,1.6424866,9.841629,147.3387370772507,94
0.26922607,1.8531799,9.7530365,136.88681277908202,95
0.5421753,2.0423126,9.748245,62.698117637103906,96
0.50146484,1.9297943,9.650085,-21.40315250013824,97
0.12557983,1.9178162,9.592621,-90.07371390600095,98
0.14952087,1.8172607,9.650085,11.884222651083183,99
0.33387756,1.8340149,9.482498,103.88536044557472,100
0.2428894,1.8675385,9.381943,66.8292277829919,101
0.075302124,1.7813416,9.542343,-55.99205007978321,102
0.039382935,1.6951599,9.78656,-16.253789215048297,103
0.1926117,1.7645874,9.992462,102.12586956443359,104
0.2716217,1.7909241,9.94458,112.9624701166574,105
0.19740295,1.7645874,9.755432,66.49586674017108,106
0.2500763,1.8100739,9.808105,124.247370135055,107
0.4440155,1.7765656,9.841629,78.1109585936146,108
0.4703369,1.845993,9.772186,159.87339095903138,109
0.56851196,1.9585266,9.686005,140.76319101987437,110
0.8318634,2.027954,9.676422,62.38817731294707,111
0.8462372,2.063858,9.877533,62.38817731294707,112
0.9731293,2.0662537,9.937393,84.20120605008319,113
0.92045593,1.9848633,9.781769,-38.196460065273136,114
1.0186157,1.9393616,9.654877,78.82339513537113,115
1.2388763,1.9513397,9.841629,63.69100857637032,116
1.2747955,1.8148651,10.239059,-3.7837019652653923,117
1.2556458,1.7526245,10.387497,-23.3379521391588,118
1.3849335,1.7813416,9.925415,118.7399837015986,119
1.2723999,1.8435974,9.5399475,-155.96082637601629,120
0.9611511,1.8052979,9.5351715,62.882266367316625,121
0.8294678,1.7262878,9.686005,-54.67487541910293,122
0.8270874,1.6592407,9.86557,-10.292714296162988,123
0.92285156,1.5802307,10.033157,37.23645307176575,124
0.89411926,1.5610809,10.528763,-37.864485550853836,125
0.9539795,1.4892578,10.540726,71.05240204870248,126
0.83425903,1.5419312,10.20076,-138.62864762121865,127
0.810318,1.7502289,9.662064,175.97420954988078,128
1.0736847,1.8340149,9.307709,115.48303531663471,129
1.2556458,1.8986664,9.240677,110.7459712781507,130
1.0401611,1.7597961,9.427429,79.61511651301315,131
0.7337036,1.5562897,9.599808,-54.82652269415014,132
0.49667358,1.5922089,9.448975,-105.27482582843041,133
0.59962463,1.6209412,9.480103,102.31647282341196,134
0.59724426,1.5730591,9.683609,-10.585155675666254,135
0.34823608,1.4988403,9.645294,90.48540355822347,136
0.087265015,1.4102478,9.429825,-77.92606537278236,137
-0.0013122559,1.446167,9.5351715,-102.54956668921699,138
0.19500732,1.6760101,9.630936,137.12903860780733,139
0.27641296,1.6807861,9.630936,93.02744970314046,140
0.005874634,1.5706635,9.547134,100.63232575900524,141
-0.37719727,1.4174347,9.420242,-70.81411040893907,142
-0.68125916,1.2977142,9.573471,-64.09657837909651,143
-0.7411194,1.288147,9.743454,-55.442919945987114,144
-0.59028625,1.3384247,9.848801,103.23680666312534,145
-0.51127625,1.1923676,9.776978,110.5735499827429,146
-0.78660583,1.1397095,9.640503,-82.22200847391025,147
-0.9350586,1.1013947,9.743454,-69.6656209301906,148
-0.9494171,1.1492767,9.932602,171.84948563086675,149
-0.60943604,1.3192749,9.94696,116.46583123630785,150
-0.27424622,1.4868622,10.009216,117.59841320447936,151
-0.18566895,1.5227814,9.999634,112.82551799360947,152
-0.3293152,1.4533386,9.925415,-68.11474451686917,153
-0.17129517,1.4964447,9.645294,119.32511234741526,154
-0.106658936,1.6281128,9.664459,152.9106278172287,155
0.046569824,1.6209412,9.9110565,125.25838839637862,156
0.1591034,1.632904,9.954147,92.32484863378876,157
0.008270264,1.6783905,9.939789,-107.39952692449214,158
0.032211304,1.6137543,10.155258,13.395007561523935,159
0.099243164,1.6065674,10.1289215,87.38285842963687,160
0.08488464,1.6903687,10.143295,137.9208487779086,161
0.1591034,1.5898132,9.82486,58.51641628003364,162
-0.17848206,1.4485474,9.578262,-73.12875906581884,163
-0.58309937,1.4868622,9.717117,-91.92397800121155,164
-0.34846497,1.6424866,9.853592,118.96476522718373,165
-0.010894775,1.845993,9.748245,139.09407037164166,166
-0.13059998,1.8292389,9.436996,-108.89990091909048,167
-0.50408936,1.6999512,9.417847,-71.18990058688401,168
-0.78900146,1.5610809,9.958939,-47.13338351873588,169
-0.7483063,1.5084076,10.325256,32.722592785168594,170
-0.6908417,1.4820709,9.901474,144.21836515493038,171
-1.04039,1.5658722,9.269409,-113.32529659555765,172
-1.0308228,1.7167053,9.19519,179.56156150575487,173
-0.5424042,1.8627472,9.563889,98.76139351136618,174
-0.40353394,1.8795166,9.712341,85.81699658127643,175
-0.6836548,1.822052,9.257431,147.0984373618713,176
-0.84407043,1.7861328,9.111389,-86.62012437483237,177
-0.6908417,1.7454376,9.176041,72.45176437566552,178
-0.7411194,1.9656982,9.226318,-167.2812365479088,179
-0.49212646,2.3679352,9.516006,140.84008528955036,180
0.35302734,2.6576233,9.559113,156.8345988161577,181
0.5756836,2.889862,9.520798,135.6172718576734,182
0.61639404,2.8395844,9.719513,15.026187362690857,183
0.6834259,2.4086304,10.310883,2.866606275548845,184
0.5756836,2.1835785,10.526367,-24.42310185863916,185
0.50865173,2.094986,10.483276,163.43603129048836,186
0.48710632,1.925003,10.318069,-5.736400968779616,187
0.14952087,1.8388062,9.932602,-87.63880610840476,188
-0.28622437,1.7262878,9.702759,-80.65351017253019,189
-0.47297668,1.5898132,9.7267,-52.93691329422568,190
-0.5567627,1.5084076,10.131317,156.08102404503018,191
-0.48254395,1.6233368,10.133713,146.84651266452457,192
-0.111450195,1.9393616,9.695572,137.29878246906048,193
0.21655273,2.0303497,9.527985,110.24512033650284,194
-0.039627075,1.8244476,9.62854,-49.14234364421715,195
-0.52565,1.6927643,9.561508,161.04019217494465,196
-0.50408936,1.8747253,9.527985,173.9107001185932,197
0.013046265,2.1309052,9.5950165,114.47900433883201,198
0.2883911,2.4014435,9.717117,130.43235231531165,199
0.5469513,2.3894806,9.657272,89.82674109580245,200
0.31710815,2.150055,9.365173,167.12272151765114,201
-0.26467896,1.9345703,9.192795,-73.04168781427951,202
-0.46818542,1.7167053,9.683609,-30.758735813871507,203
-0.2239685,1.7550049,10.215118,78.65996236891105,204
0.3985138,2.071045,9.980484,119.14230916446904,205
0.731308,2.2721558,9.168854,175.17469492639577,206
0.45118713,2.2625885,8.931824,-101.04051835437271,207
0.046569824,1.956131,9.087448,-50.6929434348772,208
-0.080322266,1.8699341,9.439392,-38.97169678135334,209
0.022628784,1.93219,10.006821,65.42520043682573,210
0.5325928,2.071045,10.588608,178.69452363213512,211
0.755249,2.1117554,10.871124,85.31805809259616,212
0.30993652,2.1165314,10.368347,-104.07246664769805,213
-0.2191925,2.1141357,9.762619,-102.80097912237599,214
-0.14974976,1.9752808,9.520798,37.1489105371737,215
-0.030044556,2.0447083,9.571075,168.4918056160235,216
0.14952087,2.1309052,9.508835,118.27542155501102,217
0.15431213,2.0997772,9.23349,162.97436514410887,218
0.077697754,1.9704895,9.137726,-35.552015724319304,219
-0.044403076,1.7957153,9.62854,-24.587309851570023,220
-0.123413086,1.7310638,9.633331,164.43509672076448,221
-0.111450195,1.9034576,9.398697,177.561436229965,222
-0.073135376,2.0662537,9.56868,162.1910107482001,223
0.036987305,2.0758362,9.846405,66.24844313748737,224
0.22853088,1.9441528,10.018799,49.02033255997863,225
0.2500763,1.7837372,10.088226,-179.97324432778822,226
0.120788574,1.7358551,10.04274,-73.07558604313029,227
0.027420044,1.7765656,9.925415,-123.1586516417333,228
-0.13539124,1.8723297,9.571075,-133.91260690499996,229
-0.013290405,1.9513397,9.288559,138.05970652373495,230
0.1878357,2.071045,9.147308,173.7979336953963,231
0.25726318,2.162033,9.496857,100.1830359154018,232
0.2931671,2.071045,9.808105,9.827297522155503,233
0.22853088,1.9848633,10.06189,-27.8232400369105,234
0.27641296,1.8435974,9.970917,22.336735199294143,235
0.18544006,1.925003,9.853592,168.96924949938574,236
0.31710815,1.9872437,9.762619,120.18566154132351,237
0.32429504,1.901062,9.53038,21.048471021823236,238
0.070510864,1.8603516,9.417847,-85.98269014035176,239
-0.058776855,1.877121,9.513611,-89.00315688568232,240
0.11122131,1.9992218,9.551926,167.65770291458156,241
0.26445007,2.1021729,9.386719,130.66889542664754,242
0.32429504,2.087799,9.302933,93.50644403944429,243
0.46316528,1.9226074,9.697968,26.54153625613739,244
0.41288757,1.6688232,10.59819,-12.328603296220674,245
0.099243164,1.5036163,11.045914,171.03741711968726,246
-0.33171082,1.7143097,10.962112,-116.82291352611611,247
-0.039627075,2.0686493,10.188782,150.03263198779544,248
0.379364,2.2482147,9.204773,131.30477237799738,249
0.5038605,2.2099152,9.075485,86.3663828471664,250
0.3650055,2.1285095,9.211945,170.62147225961183,251
0.20219421,2.1021729,9.422638,-67.06109904493549,252
0.3578186,2.126114,9.547134,88.13134470983272,253
0.51104736,2.173996,9.48967,110.26537184739193,254
0.31710815,2.1285095,9.379547,-84.42185531122045,255
0.092056274,1.9082489,9.508835,173.67795459243584,256
-0.085113525,1.7813416,9.858383,-42.91461814013454,257
-0.0013122559,1.8412018,10.100204,100.49094767337515,258
0.26922607,1.9441528,10.131317,109.20075709165121,259
0.4440155,2.0925903,9.779373,138.70924385342482,260
0.33866882,2.087799,9.733887,176.66920861868627,261
0.003479004,1.8675385,9.815292,-55.362870128914565,262
-0.44903564,1.8244476,9.678818,-87.37669759900552,263
-0.39875793,1.822052,9.554321,115.33073575852177,264
0.20219421,1.9273987,9.4609375,101.19434104467057,265
0.33387756,2.0734406,9.439392,-177.5592095882956,266
0.32429504,2.0782318,9.393906,-151.19694701485082,267
0.099243164,1.9944305,9.240677,-77.60840693486341,268
-0.106658936,1.9944305,9.271805,-88.03731349552915,269
0.10882568,2.0901947,9.578262,97.44731975656909,270
0.4440155,2.2003326,9.635727,173.22523599386906,271
0.37696838,2.162033,9.784164,-46.57371781814504,272
0.113601685,2.0806274,9.925415,-67.81828015594476,273
0.092056274,2.004013,9.923019,-16.09611942070043,274
0.16627502,1.9106293,9.714737,56.389649051747995,275
0.036987305,1.9465485,9.606995,167.95742527574006,276
0.017837524,1.9273987,9.975693,-12.583861979656037,277
0.21177673,1.8244476,10.286942,50.16658856686851,278
0.1878357,1.7813416,10.10498,-62.29128424938127,279
0.034606934,1.9226074,9.686005,-145.43580539335014,280
0.10643005,2.0375214,9.393906,162.02597971747426,281
0.34584045,2.1093597,9.341232,108.28831895061838,282
0.38415527,2.0758362,9.295746,60.02122989759251,283
0.28359985,2.0135803,9.561508,-43.29881969604235,284
0.24528503,1.8795166,9.822464,-13.943541761314952,285
0.15431213,1.9417572,9.918243,173.813670451244,286
0.2596588,2.039917,9.94696,130.67016584183315,287
0.4559784,2.0566864,9.705154,107.27619419864921,288
0.31950378,2.004013,9.496857,-86.62414735625352,289
0.2381134,1.9728851,9.652481,-54.29269901428404,290
0.104034424,1.9154205,9.877533,172.10333644155946,291
0.075302124,2.0016174,9.863174,-161.86235570571745,292
0.34344482,2.0901947,9.736282,112.20742002466916,293
0.46795654,2.0614777,9.585449,90.99519521749488,294
0.17825317,1.9585266,9.501648,-73.9600613897011,295
0.032211304,1.9872437,9.544739,168.6261007954843,296
0.13755798,1.9106293,9.714737,43.55365405397552,297
0.21894836,1.8268433,9.812897,38.188946857186124,298
0.17825317,1.8723297,9.896683,-124.73769575519187,299
0.2428894,1.8699341,9.834442,97.71985796483094,300
0.25247192,1.8986664,9.650085,170.6934078119504,301
0.20698547,1.9417572,9.750641,-115.60817804260769,302
0.10643005,1.7717743,9.630936,-34.32559378714098,303
-0.4298706,1.7334595,9.334045,-91.24341112212231,304
-0.54959106,1.822052,9.326874,-125.94963086114059,305
0.036987305,1.901062,9.374756,163.44746502715898,306
0.38415527,1.956131,9.626144,90.20911557610728,307
0.39372253,2.0183716,10.1839905,-14.222422653994803,308
0.3290863,1.9297943,10.454544,-28.29826774085384,309
0.34584045,1.901062,10.274979,100.6295322116347,310
0.3506317,2.0207672,9.748245,170.68077196198587,311
0.25726318,1.9896393,9.532776,-99.11010881944118,312
0.24049377,2.0447083,9.630936,-150.22368603925904,313
0.19021606,1.9824677,9.6884,-35.4096814122054,314
0.16149902,1.9680939,9.6740265,-68.6583319521538,315
0.20458984,1.9489441,9.676422,165.91075909094573,316
0.11122131,1.8699341,9.7267,-47.235542658151765,317
-0.049194336,1.8675385,9.908661,-77.21265894416369,318
-0.042007446,1.8268433,9.899078,10.575705255175894,319
-0.37242126,1.7119141,9.815292,-73.14448899147737,320
-0.61901855,1.6520691,9.604599,157.30273998187036,321
-0.6453552,1.7238922,9.566284,-159.49081840324064,322
-0.48014832,1.901062,9.48967,139.75718611740152,323
-0.3867798,2.0183716,9.458557,142.97622695247185,324
-0.65493774,1.9178162,9.7267,-58.35563362697154,325
-0.8967438,1.7885284,10.107376,152.61713458859325,326
-0.78900146,1.8316193,10.198364,103.6970657905358,327
-0.63098145,1.8890839,9.994858,123.5178239694276,328
-0.6788788,2.0447083,9.578262,-162.02562454763742,329
-0.78660583,2.0901947,9.259827,-129.82838600776412,330
-0.95899963,2.0064087,9.173645,145.29875081746465,331
-1.2127838,1.8244476,9.37236,-45.51030517569825,332
-1.3253021,1.6352997,9.793732,-12.067859117108146,333
-1.2486877,1.5682678,9.954147,47.05424211682295,334
-1.095459,1.5610809,9.875137,93.07409306498249,335
-0.9996948,1.4533386,9.855988,154.03860623789961,336
-1.1026459,1.367157,9.851196,-50.003159215503025,337
-1.04039,1.3049011,10.035553,43.78602733482311,338
-0.6932373,1.3264465,10.12175,92.16085579181676,339
-0.4945221,1.4868622,10.047531,131.2667145639421,340
-0.25749207,1.6233368,9.709946,146.99963184533792,341
-0.33171082,1.6376953,9.499252,-121.24582984391455,342
-0.5376129,1.529953,9.642899,-56.526331382323704,343
-0.5735321,1.4246063,9.997253,-5.7558486517807586,344
-0.37242126,1.3839111,10.131317,74.41191255424329,345
-0.073135376,1.4365845,9.906265,144.1426729985483,346
0.017837524,1.4126434,9.844025,80.72155934723102,347
-0.32452393,1.2306824,9.954147,-60.004092952964946,348
-0.55436707,1.1373138,9.78656,-72.5831703851074,349
-0.29341125,1.2067413,9.484894,113.225678286513,350
-0.123413086,1.2115326,9.621353,135.93695203158669,351
-0.113845825,1.0295715,10.064285,3.6891533641321983,352
-0.31256104,0.78775024,10.251038,-37.01699226354407,353
-0.45381165,0.7853546,10.014008,-95.86858983181233,354
-0.26228333,0.89549255,9.5950165,129.6261304460617,355
0.118392944,0.9266205,9.6884,128.20739087242333,356
0.17346191,0.782959,10.071472,15.650960133997556,357
0.053756714,0.778183,10.157654,-84.62921302423287,358
0.39611816,0.88352966,10.097809,107.55793267172307,359
0.46076965,0.9385834,9.96373,133.46393177842182,360
0.42485046,1.1013947,9.779373,118.18292713327071,361
0.5709076,1.098999,9.664459,93.59537993262703,362
0.7696228,1.1995544,9.659668,116.38173794724665,363
0.8749695,1.1516724,9.934998,45.24862355312213,364
0.671463,1.0080261,10.136108,-53.27182820508267,365
0.5709076,0.9577484,10.004425,112.85984652437796,366
0.71455383,0.89549255,9.96373,67.92048710668483,367
0.8318634,0.9074707,9.934998,96.52120757681789,368
1.0449524,1.0678711,9.755432,127.35423194319704,369
1.1742401,1.2210999,9.53038,138.82791156006462,370
1.2101593,1.347992,9.427429,100.16808463130864,371
1.1335449,1.422226,9.827255,-98.49222941655431,372
1.1957855,1.5275574,10.363556,179.2113367258733,373
1.2029724,1.5227814,10.308487,102.8895120343977,374
0.90130615,1.3647614,9.88472,-70.00150914300431,375
0.50865173,1.1612549,9.762619,90.86089320784491,376
0.24768066,0.93618774,9.94458,-47.818567605704054,377
0.39134216,1.0630951,10.078644,128.88650292121935,378
0.75764465,1.2713776,9.98288,120.01131413256977,379
0.93481445,1.4964447,9.762619,142.04514922519405,380
1.0186157,1.6999512,9.374756,82.43183188521304,381
1.162262,1.7885284,9.1640625,126.10246317400879,382
1.0114288,1.8196564,9.295746,-93.02085174040224,383
0.9898834,1.8124695,9.525589,-42.58934745638561,384
0.8989105,1.7861328,9.621353,-67.26365513496138,385
0.8749695,1.7693787,9.350815,73.47820520413504,386
0.89411926,1.6999512,9.188004,41.571444364378614,387
0.90130615,1.6424866,9.374756,-6.892728516487503,388
0.8605957,1.6161499,9.532776,-46.71922475312841,389
0.6259613,1.6975555,9.499252,-110.93440936716219,390
0.7025757,1.8172607,9.508835,69.91909608047894,391
0.6690674,1.7071228,9.894302,-18.920534123642224,392
0.7217407,1.7119141,9.930206,87.71423188740921,393
0.74328613,1.7238922,9.779373,138.76470498948532,394
0.57328796,1.5131989,9.772186,-39.46668059050416,395
0.5038605,1.4844666,9.779373,72.88744165225312,396
0.755249,1.6472778,9.829651,121.14615006316738,397
1.0928345,1.798111,10.069077,107.98027741905081,398
0.9467926,1.7358551,10.181595,-63.45000535150642,399
0.5852661,1.7502289,9.913452,-100.55689314981161,400
0.43922424,1.6712189,9.408279,70.86274818601873,401
0.57328796,1.6233368,9.365173,73.18199356020992,402
0.58766174,1.5586853,9.937393,-7.267635465595387,403
0.4942932,1.4341888,10.114563,-34.65051271614766,404
0.2596588,1.4006653,9.937393,-88.09942723584125,405
0.1519165,1.3767242,9.561508,68.69539938877945,406
0.12797546,1.4198303,9.772186,-114.94193407020796,407
0.29795837,1.4078522,10.267792,62.83777451506316,408
0.42964172,1.4725037,10.416229,108.72077237791774,409
0.35542297,1.4605255,10.059494,-122.82129493824803,410
0.26445007,1.3743286,9.561508,67.869110423748,411
0.19740295,1.4174347,9.255051,-145.85392225358163,412
0.2500763,1.4078522,9.336441,66.62846120252854,413
0.46795654,1.4892578,9.800919,92.72516602104321,414
0.647522,1.4006653,10.423416,39.28921861548889,415
0.3578186,1.1995544,10.502426,69.316359206982,416
0.001083374,1.2378693,10.243851,-100.9576340087946,417
0.20219421,1.4341888,9.827255,140.44349718558274,418
0.43443298,1.5802307,9.621353,126.06443268071017,419
0.32429504,1.6185455,9.741074,-99.3575051013682,420
0.068115234,1.474884,9.925415,69.11350258863261,421
-0.034835815,1.474884,9.9110565,-91.14584870001785,422
0.087265015,1.4964447,9.681213,114.37020625554287,423
0.099243164,1.4413757,9.695572,11.806087848299175,424
-0.0084991455,1.3791199,9.860779,-51.8398790455895,425
0.005874634,1.3551788,9.958939,71.5200514407949,426
0.27401733,1.3863068,9.997253,95.2568985803135,427
0.35542297,1.3695526,9.731491,102.3786002241024,428
0.22373962,1.5371399,9.623749,-144.78305787475034,429
0.36260986,1.5227814,9.719513,77.57469312112022,430
0.32669067,1.4820709,9.74585,67.94360046683614,431
0.14952087,1.4988403,9.709946,-97.24982483671816,432
0.24049377,1.470108,9.82486,62.5709326845691,433
0.35302734,1.5203857,9.90387,108.70047305570446,434
0.28359985,1.6376953,9.939789,-147.42806229121612,435
0.1926117,1.5395355,9.848801,70.98201694930549,436
0.08488464,1.4892578,9.606995,-83.24862005710902,437
-0.022857666,1.4916534,9.616562,-90.45830136759685,438
0.044174194,1.4198303,9.867966,31.645704179489364,439
0.13516235,1.4198303,9.951752,82.38812550471414,440
0.065719604,1.3599701,9.879929,68.22647275131223,441
-0.018066406,1.3408203,9.791351,-85.24963325749098,442
-0.032440186,1.3743286,9.671631,-163.54075175084301,443
0.056152344,1.4485474,9.769791,123.80742399023613,444
0.16627502,1.4317932,9.822464,77.38461578670794,445
0.10643005,1.4054565,9.762619,68.16440682232432,446
0.15670776,1.585022,9.640503,165.1339343558835,447
0.36260986,1.6520691,9.642899,107.3806960929504,448
0.27641296,1.6137543,9.738678,-59.17030444022481,449
0.11122131,1.4892578,9.879929,-49.214419215433715,450
0.08488464,1.4772797,9.961334,66.57985757639473,451
0.17346191,1.4868622,9.844025,106.44810889386603,452
0.20219421,1.4605255,9.772186,62.80903307903574,453
0.034606934,1.2833557,9.934998,-40.55604453670242,454
0.08248901,1.1708221,10.126526,19.09143057931782,455
0.1519165,1.3240509,10.014008,68.19936373049644,456
0.43443298,1.5898132,9.74585,135.8810537634193,457
0.43922424,1.6927643,9.475311,173.36280966413148,458
0.22853088,1.7023468,9.276596,-102.65835794231695,459
0.1638794,1.6831818,9.247864,-78.10676485746421,460
0.34344482,1.6736145,9.592621,64.99471410400733,461
0.38415527,1.529953,9.949356,7.804787155134578,462
0.12797546,1.446167,10.069077,-68.88856396869659,463
0.16627502,1.4892578,9.860779,150.40564227874816,464
0.27641296,1.4772797,9.860779,83.62365208405609,465
0.26683044,1.5419312,10.109772,68.90055778087913,466
0.19979858,1.5706635,10.145691,-108.83571080127071,467
0.16149902,1.5730591,9.779373,-151.9924864682389,468
0.060928345,1.6161499,9.396301,-137.62467811511848,469
0.13755798,1.6352997,9.513611,89.09504342058649,470
0.26205444,1.4772797,9.908661,71.27467006467303,471
0.13516235,1.2450409,10.090622,-27.113576551957006,472
-0.051589966,1.0008392,9.987671,-38.81384086435059,473
0.099243164,1.1588593,9.822464,139.11024425959627,474
0.41767883,1.4030609,9.697968,128.52183912143238,475
0.51104736,1.6664276,9.712341,67.08484761267962,476
0.5541382,1.6736145,9.508835,127.30864726067637,477
0.26445007,1.6185455,9.3771515,-83.91019901030563,478
0.1303711,1.5634766,9.350815,-69.62168915344907,479
0.13755798,1.5514984,9.741074,1.311082452105745,480
0.29078674,1.5802307,10.277374,67.45300163913248,481
0.5062561,1.5251617,10.516785,66.1009998438743,482
0.37696838,1.4605255,10.241455,-78.37345642379653,483
0.14952087,1.4677124,9.877533,-105.39179964815605,484
0.22373962,1.4629211,9.920639,81.25109708339295,485
0.33148193,1.5754547,10.069077,66.76877377864811,486
0.32669067,1.5874176,9.90387,179.00692282439317,487
0.2788086,1.6209412,9.621353,-153.6719207021183,488
0.14233398,1.5467224,9.482498,-69.37604139994957,489
0.099243164,1.4868622,9.587845,-30.42455856344488,490
0.072906494,1.4246063,9.580658,69.41263072333332,491
0.056152344,1.4581299,9.702759,-130.70449437260166,492
0.17825317,1.3647614,10.037949,40.0911033146159,493
0.14712524,1.391098,10.133713,-111.99334823570263,494
0.15670776,1.4437714,9.820068,171.50910998376835,495
0.17106628,1.506012,9.468124,69.6481971176179,496
0.24528503,1.5562897,9.448975,125.05555909878592,497
0.26205444,1.6281128,9.671631,162.39203687585191,498
0.42964172,1.687973,9.889511,97.64185037432021,499
0.513443,1.6448822,9.860779,65.67484385098969,500
0.34584045,1.585022,9.654877,64.05032433803719,501
0.115997314,1.5251617,9.62854,-76.6251465623267,502
0.058547974,1.5203857,9.738678,-69.56312028131622,503
0.34823608,1.5706635,9.913452,94.18844525825924,504
0.57328796,1.5874176,10.030762,89.01899609436758,505
0.26922607,1.4916534,9.934998,69.09051217188635,506
0.080093384,1.5467224,9.700363,-116.06746728315602,507
0.2381134,1.5898132,9.635727,108.1783938861162,508
0.38894653,1.6257324,9.693176,99.53866220872446,509
0.38175964,1.6017761,9.9110565,-14.946711281508588,510
0.113601685,1.4437714,9.990067,68.79366532036843,511
0.13516235,1.5323486,9.7530365,168.6922443474067,512
0.38415527,1.5898132,9.705154,104.07380536477537,513
0.45358276,1.5802307,9.867966,60.04803839008481,514
0.3865509,1.5922089,9.858383,-101.68013141919855,515
0.35542297,1.6017761,9.705154,64.38189587129546,516
0.43443298,1.6520691,9.743454,118.88755676880591,517
0.5349884,1.6807861,9.810501,99.44381137172049,518
0.6642761,1.7214966,9.846405,104.38039206604974,519
0.77441406,1.6712189,9.800919,69.04427862139454,520
0.75764465,1.5323486,9.772186,64.77619586189111,521
0.755249,1.5036163,9.870346,-12.914840994003807,522
0.96354675,1.5203857,9.908661,92.1871998314455,523
1.1096039,1.5467224,9.891907,100.05982613296393,524
1.0066528,1.6113586,9.853592,-126.00615750671162,525
0.9108734,1.6688232,9.659668,63.2293697507475,526
0.9659424,1.5036163,9.743454,14.74818671064029,527
0.98269653,1.371933,10.088226,-5.4142149692145916,528
1.0688934,1.4653168,10.236664,135.02678834354745,529
1.2197266,1.5514984,10.114563,121.50179801324995,530
1.1359253,1.6017761,9.74585,66.10461301394524,531
1.1239624,1.5778351,9.45137,136.86327594720214,532
1.1598816,1.6472778,9.45137,152.22137976770435,533
1.2245178,1.6209412,9.554321,49.04733912795686,534
1.1598816,1.6233368,9.604599,-86.23848072476875,535
0.98031616,1.5634766,9.623749,73.42098870945783,536
0.9180603,1.5514984,9.60939,-81.90663131917408,537
0.8199005,1.5036163,9.683609,-61.137986317457106,538
0.7887726,1.4533386,9.575867,-33.68694719408269,539
0.6618805,1.3384247,9.6141815,-47.62826487504916,540
0.5756836,1.3216553,9.872742,80.2531108230057,541
0.55174255,1.2354736,10.081039,-17.688880261559675,542
0.5541382,1.2163239,9.860779,118.04532614225164,543
0.34823608,1.1875916,9.709946,-87.33206914296866,544
0.3865509,1.1995544,9.62854,117.60848090331596,545
0.29795837,1.1564636,9.774582,88.94327661722882,546
0.18544006,1.1684265,9.855988,-91.28039659647793,547
0.21655273,1.2306824,9.925415,150.8982082009328,548
0.25247192,1.3168793,9.999634,155.77927994787737,549
0.23332214,1.3695526,9.70755,-172.5713956450021,550
0.113601685,1.3863068,9.417847,96.97411742068142,551
-0.051589966,1.288147,9.307709,-63.612010608429955,552
-0.13778687,1.2354736,9.513611,-46.51922656894668,553
-0.027648926,1.1516724,10.073868,37.25010661991661,554
0.036987305,1.1181488,10.418625,42.11395262977439,555
0.039382935,1.098999,10.432983,106.70469178022674,556
-0.032440186,1.1444855,10.148087,-136.6698859710424,557
0.005874634,1.2642059,9.78656,166.859130857202,558
0.21417236,1.2594147,9.784164,88.61719655606323,559
0.20219421,1.2689819,9.999634,-42.869941872773495,560
0.30274963,1.3743286,10.040344,111.69758738426273,561
0.5541382,1.4054565,9.66684,106.8144392598105,562
0.5206299,1.4653168,9.43222,-167.85016398501418,563
0.47273254,1.3455963,9.492065,-21.87219012817948,564
0.3506317,1.3096924,9.9110565,-56.70995077287574,565
0.28120422,1.1971588,10.334824,122.46725891280958,566
0.1806488,1.1013947,10.344406,-46.354653160895225,567
0.20698547,1.1708221,9.82486,164.0392052960922,568
0.10643005,1.2187042,9.640503,-125.68935967262809,569
0.08488464,1.3049011,9.669235,-165.04541510424013,570
0.14472961,1.4293976,9.389114,125.50583248962984,571
0.17825317,1.4533386,9.257431,140.64855312484488,572
-0.12820435,1.2210999,9.70755,-46.30554410076283,573
-0.41072083,1.0894318,10.301315,-53.06044068045995,574
-0.33410645,1.1444855,10.358765,121.83333539556237,575
-0.30297852,1.288147,9.994858,134.87495323829808,576
-0.3293152,1.3551788,9.757828,-160.85378265211668,577
-0.37719727,1.343216,9.774582,-73.0557443435914,578
-0.6214142,1.3072968,9.939789,-75.80255272963622,579
-0.585495,1.4796753,10.131317,161.87240974417568,580
-0.3101654,1.5993958,10.0499115,144.5165302329581,581
-0.12580872,1.822052,9.769791,146.26739458517753,582
-0.26707458,1.719101,9.626144,-62.12289959577294,583
-0.46099854,1.6257324,9.645294,-63.34203372110686,584
-0.37480164,1.585022,9.810501,54.483630122342575,585
-0.20960999,1.6305084,9.899078,149.32561178605073,586
-0.25749207,1.6999512,9.937393,-142.81346354455044,587
-0.25030518,1.6903687,9.724304,176.4023667881922,588
-0.29818726,1.7885284,9.441788,-159.10164788471164,589
-0.22157288,1.9058533,9.396301,148.73493702662802,590
-0.2191925,1.7765656,9.702759,147.15634370565468,591
-0.5998688,1.5802307,10.100204,-54.02983235388693,592
-0.7315521,1.6352997,9.992462,-116.73305555739542,593
-0.38198853,1.8795166,9.6189575,133.17994617311103,594
-0.092300415,1.960907,9.405884,113.28092768670923,595
-0.3795929,1.7502289,9.592621,151.85074638258277,596
-0.7483063,1.6233368,9.985275,-60.38418615008699,597
-0.6525421,1.5706635,10.0499115,58.54190654601613,598
-0.4753723,1.7478333,9.6884,146.4282045589963,599
0.017837524,2.0997772,9.448975,128.68606418983615,600
0.42245483,2.3032837,9.573471,162.0788590420285,601
0.4200592,2.1644135,9.788956,-3.6564820080110887,602
0.13993835,1.9034576,9.997253,-43.85324664153979,603
-0.0013122559,1.8268433,10.047531,-59.14687689137167,604
0.18304443,1.8483887,9.879929,105.3244608131289,605
0.3075409,1.9537354,9.635727,163.56575024320526,606
0.23332214,1.980072,9.571075,-118.38857046880146,607
0.13516235,1.9896393,9.369965,-118.36099016493294,608
0.2428894,2.0542908,9.611786,96.81792465474157,609
0.513443,1.9633026,9.798523,63.72079503134075,610
0.47273254,2.0303497,9.748245,167.49435211039153,611
0.31950378,2.0111847,9.693176,-87.51597881656042,612
0.28599548,1.7957153,9.5950165,-8.974116394814407,613
0.063323975,1.7238922,9.877533,-62.05539683620571,614
0.115997314,1.6831818,10.114563,32.2522010721244,615
0.35302734,1.7526245,10.1839905,166.9164361443384,616
0.4559784,1.8052979,10.088226,122.3452170927198,617
0.40090942,1.8412018,9.90387,-145.55320268480432,618
0.26683044,1.8076782,9.765015,-86.90542820665299,619
0.29556274,1.8555756,9.62854,155.63759450373462,620
0.41288757,2.015976,9.501648,170.96963432236404,621
0.71455383,2.1835785,9.6141815,114.57049472276432,622
0.77441406,2.1692047,9.719513,53.57107586809386,623
0.4655609,1.9465485,9.571075,-58.351590154982894,624
0.19021606,1.8842926,9.290955,-89.09894345860258,625
0.41767883,1.9776764,9.317291,178.0029259975363,626
1.0641022,2.142868,9.791351,94.48333867567453,627
1.454361,2.2697601,10.215118,93.84934002634644,628
0.34106445,1.8292389,10.002029,-70.64796605737851,629
-0.57832336,1.7119141,9.664459,-85.94907194925696,630
-0.2024231,1.9082489,9.360382,158.04481271443558,631
0.30993652,1.8651428,9.19519,88.57530700588354,632
0.30514526,1.8507843,9.62854,-10.939773974731438,633
0.089660645,1.6736145,10.085831,-41.366009349617556,634
-0.092300415,1.5874176,10.155258,-62.0668783842005,635
-0.042007446,1.664032,9.891907,165.98205260550233,636
0.221344,1.719101,9.573471,112.0058338215054,637
0.4703369,1.8268433,9.513611,114.51470573762366,638
0.4703369,1.7550049,9.867966,-7.248516058561229,639
0.36021423,1.7071228,9.86557,-67.25959117240522,640
0.17106628,1.7861328,9.551926,176.55907864850897,641
0.26922607,1.7837372,9.1521,123.78711100764451,642
0.17346191,2.0064087,8.905487,-161.50129824581222,643
0.30274963,2.2601929,9.1521,146.9831437686815,644
0.47991943,2.2338562,9.812897,39.754009573413676,645
0.41767883,1.9537354,10.097809,172.86983393059663,646
-0.1617279,1.7645874,9.958939,-74.28261707325494,647
-0.3795929,1.6975555,9.791351,-80.15582843865721,648
0.118392944,1.8076782,9.7530365,102.90072037482568,649
0.4847107,1.9513397,9.781769,109.87417276267945,650
0.59962463,2.0734406,10.059494,174.35138392384243,651
0.6690674,1.9824677,10.246246,24.47310396600553,652
0.3506317,1.7478333,9.934998,-60.29653433246821,653
-0.034835815,1.7645874,9.776978,-96.54802972968852,654
0.33387756,1.8483887,9.980484,96.80138876676098,655
0.77919006,1.9273987,9.927811,-179.11964826645504,656
0.8582001,2.150055,9.729095,159.59515637300174,657
0.7480774,2.071045,9.867966,-49.159200551088745,658
0.43922424,1.7765656,10.030762,-44.97464417494541,659
0.28120422,1.8555756,9.9110565,-123.03237510435811,660
0.38894653,1.8866882,9.70755,168.81768760170317,661
0.48710632,1.8172607,9.757828,50.648577941123385,662
0.39134216,1.8172607,9.882324,-77.7767301167692,663
0.21177673,1.8196564,9.66684,-103.79669092976961,664
0.1878357,1.8603516,9.346024,-170.32715940827597,665
0.3697815,1.8483887,9.197586,172.6167207803343,666
0.43443298,1.8795166,9.527985,55.65975796156751,667
0.4847107,1.9297943,10.243851,11.133459356572782,668
0.63075256,1.8842926,10.466507,57.09827776304223,669
0.4080963,1.8100739,9.872742,-100.18151961340605,670
0.27401733,1.960907,9.264618,171.3232332156956,671
0.37696838,1.9896393,9.097031,119.80915419351572,672
0.30993652,2.0088043,9.434616,-56.835592102658126,673
0.16149902,1.9752808,9.712341,-60.18561206034721,674
0.120788574,1.8651428,9.757828,-19.487660098354016,675
0.18544006,1.8795166,9.578262,172.28507411499515,676
0.33387756,1.9202118,9.527985,108.00550130765566,677
0.27401733,1.8196564,9.5950165,-29.096588788781393,678
0.087265015,1.8124695,9.80571,-76.56490429384719,679
0.2596588,1.8555756,10.004425,91.83414735324754,680
0.48950195,2.0375214,9.791351,176.95856275268468,681
0.5062561,2.004013,9.578262,110.64029459131227,682
0.39372253,1.8866882,9.6189575,-43.068276905892326,683
0.31233215,1.8507843,9.796127,-52.12728316057988,684
0.5493469,1.9345703,9.781769,109.13835648339398,685
0.82229614,2.0662537,9.702759,-179.86005443286277,686
0.7193451,1.9537354,9.743454,-42.133951423664186,687
0.29556274,1.7789612,9.94458,-64.46515587727791,688
0.20219421,1.7262878,9.776978,-76.0027455742093,689
0.2716217,1.8914795,9.520798,160.06761421826985,690
0.5158386,2.0662537,9.5399475,177.39161040644183,691
0.58766174,2.0135803,9.846405,25.182535224527246,692
0.2500763,1.8029022,9.98288,-55.98545553213957,693
0.029815674,1.7262878,9.829651,-77.47209001940828,694
0.20458984,1.7933197,9.80571,111.65863481542615,695
0.5565338,1.8938751,9.875137,176.2854476099799,696
0.43443298,1.8890839,9.875137,-88.26324932308401,697
0.34344482,2.0016174,9.638123,-152.57627639697822,698
0.51823425,2.1117554,9.319687,132.3899801540857,699
0.51104736,2.1859741,9.389114,-169.06645675165336,700
0.39611816,2.0997772,9.518402,178.28120156470098,701
0.15431213,1.9944305,9.393906,-72.32827455547168,702
-0.23594666,1.9154205,9.566284,-73.65317416010325,703
-0.31495667,1.5706635,10.12175,-8.237659785294245,704
-0.45141602,1.4653168,10.310883,-44.196286062414515,705
-0.14735413,1.8340149,10.0451355,171.33130649929458,706
0.33387756,2.0854187,9.717117,122.2945370890783,707
0.33866882,2.1644135,9.415451,173.8236425274322,708
0.2500763,2.0255585,9.425034,-32.90228823204246,709
0.14472961,1.8795166,9.793732,-27.522788553058103,710
0.18304443,1.8914795,10.172028,174.82982501482348,711
0.3506317,1.9920349,10.258209,116.26910812783314,712
0.23092651,2.004013,9.808105,-133.17898994662724,713
0.08248901,2.0566864,9.29335,-138.55690331417685,714
-0.063568115,1.9034576,9.209549,-47.72662642928651,715
-0.2694702,1.9704895,9.379547,165.56923597206676,716
-0.106658936,2.035141,9.765015,84.87381575878936,717
0.017837524,2.0303497,10.174423,55.56604435106035,718
0.010650635,1.9537354,10.29892,-4.2486986826389215,719
0.063323975,2.063858,9.765015,165.56465974532284,720
-0.101867676,2.1692047,9.142517,157.23348186368642,721
-0.4250946,2.1285095,9.120972,-83.27977938010262,722
-0.501709,2.035141,9.784164,-10.620466046127927,723
-0.49691772,1.936966,10.227097,8.368687573010831,724
-0.43466187,1.8555756,10.138504,42.5332511127323,725
-0.5735321,1.5419312,9.788956,157.93580289528217,726
-1.0188446,1.2498322,9.891907,-54.51438987926973,727
-1.27742,1.154068,10.411438,-51.28212238287167,728
-0.9087219,1.4174347,10.5550995,122.9679390997282,729
-0.24313354,1.8148651,10.274979,123.90786875217034,730
-0.077926636,2.0518951,9.846405,166.53628147551385,731
-0.22636414,2.1045685,9.484894,-129.38790710818998,732
-0.42269897,1.8962708,9.240677,-52.883794913050494,733
-0.72676086,1.7765656,9.420242,-61.81501515855628,734
-0.7315521,1.7358551,9.937393,14.462444039165515,735
-0.4777527,1.7550049,10.241455,152.61830938113047,736
-0.20002747,1.8723297,10.030762,119.54328224988382,737
-0.039627075,1.9489441,9.45137,140.58056542184656,738
-0.2239685,1.9393616,9.130539,-106.3322279044076,739
-0.3580475,1.8388062,9.374756,-40.37585731620832,740
-0.2598877,1.719101,9.839233,148.5921314314614,741
-0.070739746,1.6927643,10.095413,70.3662617352505,742
-0.097076416,1.6352997,10.064285,-27.22597756003332,743
-0.1952362,1.549118,9.578262,-85.8548836406025,744
-0.28862,1.5108032,9.207153,-101.70681696828579,745
-0.18087769,1.4796753,9.343628,146.01631683128784,746
-0.030044556,1.422226,9.999634,45.68647966005497,747
-0.15214539,1.2258911,10.579041,-23.476628884972154,748
-0.23834229,1.1325226,10.392288,-51.16794552561115,749
-0.25030518,1.2761688,9.683609,-172.65714183984244,750
-0.29818726,1.3288422,9.173645,133.94923037932958,751
-0.23834229,1.2809601,9.319687,43.44710651801791,752
0.35302734,1.4365845,9.729095,98.98541005576425,753
0.9755249,1.6664276,9.781769,108.66910199684659,754
0.9755249,1.8388062,9.96373,-172.61657051617254,755
0.5325928,1.549118,9.949356,125.81851854983303,756
0.28359985,1.5179901,9.686005,-92.63871631671836,757
0.47273254,1.470108,9.3125,92.56294902825542,758
0.79356384,1.5874176,9.48967,105.10075162724347,759
0.85580444,1.5730591,10.239059,-0.17625160412936422,760
1.1143799,1.5898132,10.507217,114.92477663501289,761
0.98031616,1.5706635,9.934998,-132.84802630020508,762
0.068115234,1.3647614,9.329269,-82.77386043809061,763
-0.31974792,1.3575745,9.575867,-83.45850494011435,764
0.46795654,1.4725037,9.958939,93.89775923737267,765
1.0760803,1.6376953,9.990067,109.0706351577733,766
0.80552673,1.5682678,9.760223,-83.44399761831724,767
0.21655273,1.312088,9.566284,-68.88809268564385,768
0.379364,1.446167,9.523193,130.02102466311516,769
1.0569305,1.743042,9.6141815,111.62026964285819,770
1.2819824,1.9226074,9.755432,97.6583452811658,771
0.968338,1.9417572,9.8320465,-91.79453908625064,772
0.91326904,1.8819122,9.6740265,-55.12829411205965,773
1.0114288,1.8842926,9.590225,98.73218079228603,774
1.0162201,1.7789612,9.918243,-10.09015564481615,775
1.1933899,1.6807861,10.100204,90.75645278524625,776
1.0018616,1.6616364,10.014008,-89.42825419924557,777
0.9180603,1.8100739,9.729095,-164.10961088605669,778
1.078476,2.0111847,9.384323,143.05126341069362,779
1.2221222,2.1093597,9.331665,124.64285174837707,780
1.1479034,2.0614777,9.365173,81.33166599484241,781
0.89172363,1.9465485,9.508835,-63.06645607866436,782
0.7049713,1.8076782,9.662064,-50.61718980679259,783
0.5493469,1.8100739,9.741074,-86.2642305379397,784
0.6427307,1.9513397,9.836838,143.8111765973709,785
0.8031311,2.0135803,9.480103,76.37092009122966,786
0.6834259,1.9992218,9.15448,-120.91324061246995,787
0.379364,1.8507843,9.338837,-60.10111579012498,788
0.13516235,1.7334595,9.853592,-50.90487054444436,789
0.18544006,1.6999512,9.932602,46.37263363388528,790
0.51104736,1.8938751,9.47052,73.57448355067554,791
0.58766174,1.9728851,9.068298,147.57720630193253,792
0.4368286,1.9082489,9.118576,-64.78777986272345,793
0.13755798,1.6807861,9.587845,-45.15524803697889,794
0.08488464,1.6017761,10.45932,-15.884472348889243,795
0.6044159,1.7119141,11.349976,76.45092209697802,796
1.2245178,1.8938751,10.689163,112.10604635700784,797
0.8869324,2.1285095,9.556717,-154.2513666305455,798
0.5493469,2.0375214,8.984497,-97.89826933614083,799
0.48231506,1.9130249,9.436996,-23.108413386816768,800
0.6139984,1.8124695,10.413834,68.42527223729462,801
0.8390503,1.8483887,10.662842,87.23705438142461,802
0.94918823,2.0375214,9.970917,151.33999849682758,803
0.8246918,2.0375214,9.19519,-162.05444794593487,804
0.46316528,1.8340149,9.264618,-60.10367028087457,805
0.2596588,1.7597961,9.709946,68.20400142894289,806
0.3578186,1.7310638,10.174423,37.462399144604355,807
0.56611633,1.8435974,10.368347,110.79357086647653,808
0.8989105,1.9656982,9.774582,120.78630837693443,809
0.7624359,1.9896393,9.0299835,-158.3693559830379,810
0.25726318,1.7861328,9.051544,69.46628868945294,811
0.072906494,1.6688232,9.733887,-39.39636379299888,812
0.34584045,1.6927643,10.217514,77.50008696481618,813
0.6977997,1.8866882,10.358765,115.28155839649767,814
0.750473,1.901062,9.918243,138.17531430562659,815
0.37696838,1.8507843,9.45137,66.48824424905735,816
-0.0061035156,1.6496735,9.2430725,-67.15650995745139,817
-0.0061035156,1.6616364,9.527985,0.2813793011730485,818
0.21894836,1.6664276,9.891907,75.39519341734749,819
0.34584045,1.798111,10.12175,126.72028110519312,820
0.379364,1.8435974,9.94696,67.70093067581477,821
0.13276672,1.7550049,9.559113,-86.08758135543566,822
-0.051589966,1.7238922,9.413055,-88.6153592351765,823
0.013046265,1.7574005,9.508835,103.53452777885701,824
0.17346191,1.8579559,9.829651,104.04752279684917,825
0.4368286,1.960907,9.855988,68.6895800676066,826
0.38894653,1.9944305,9.872742,-121.66952013850877,827
0.19979858,1.877121,9.891907,-58.064647077761485,828
0.063323975,1.743042,9.772186,-50.76246793043876,829
0.036987305,1.8340149,9.626144,-167.5468626047306,830
0.34823608,1.9441528,9.6740265,67.63598923718628,831
0.49667358,1.8795166,9.942184,49.6513293411665,832
0.2093811,1.7574005,10.085831,-63.62125185437698,833
-0.013290405,1.6712189,9.901474,-76.29875914264848,834
0.099243164,1.7119141,9.504044,133.38751562198772,835
0.29795837,1.8292389,9.197586,70.09330688544928,836
0.24049377,1.9680939,9.259827,-154.38766988562227,837
0.36021423,2.1811829,9.178436,151.37439532948775,838
0.53738403,2.308075,9.290955,118.79824521521881,839
0.56611633,2.166809,9.504044,4.937777684981291,840
0.089660645,1.7454376,9.66684,71.86643765436294,841
-0.25509644,1.5610809,9.915848,-56.69861607394811,842
0.120788574,1.585022,10.564667,78.76100818749222,843
0.7265167,1.6783905,10.954926,92.71071334075947,844
0.76483154,1.8029022,10.607773,160.67569229969777,845
0.37696838,1.8100739,9.820068,70.48330385686785,846
-0.051589966,1.7837372,9.448975,-95.63998340029201,847
0.17585754,1.8986664,9.269409,122.62392979199134,848
0.45118713,1.960907,9.314896,100.14577040329021,849
0.45118713,1.9728851,9.731491,-15.231656528397766,850
0.3650055,1.9226074,9.899078,66.18650015190453,851
0.32669067,1.9082489,9.599808,-147.68826517783694,852
0.1806488,1.877121,9.417847,-92.23997670316218,853
0.19500732,1.8005066,9.678818,4.22772018349005,854
0.14952087,1.8005066,9.942184,-46.572621572783255,855
0.28359985,1.93219,9.841629,67.24194196358991,856
0.40570068,2.0303497,9.60939,137.31746986662966,857
0.30274963,2.0231628,9.379547,-113.78732474196316,858
0.063323975,2.0183716,9.29335,-93.34460270706084,859
-0.018066406,1.9776764,9.429825,-50.083745202425426,860
0.19979858,2.0064087,9.583054,68.72760373071607,861
0.35542297,1.9154205,9.875137,44.818980748666235,862
0.2428894,1.7957153,10.157654,-35.60149019957229,863
0.1926117,1.7382507,10.06189,-50.33241189953808,864
0.26683044,1.7765656,9.839233,133.78034712191183,865
0.38894653,1.8244476,9.762619,70.93142573812321,866
0.34106445,1.8005066,9.736282,-68.53391322623284,867
0.22613525,1.8603516,9.7267,-118.04161051934315,868
0.34344482,1.8029022,9.7530365,61.93023361966522,869
0.27641296,1.7789612,9.709946,-76.78486370587828,870
0.14472961,1.8747253,9.669235,68.34070083499152,871
0.21894836,1.822052,9.729095,49.10581237744134,872
0.1806488,1.8364105,9.808105,-89.57809488925732,873
0.2883911,1.8483887,9.695572,106.18209351626155,874
0.3075409,1.7789612,9.721909,14.052935778609168,875
0.113601685,1.6592407,9.908661,69.87467253011718,876
0.077697754,1.7119141,10.085831,-120.93011117971987,877
0.43203735,1.9417572,9.913452,125.26961722737413,878
0.53977966,2.0782318,9.60939,147.5765096226372,879
0.4559784,1.980072,9.41066,-53.70919595348985,880
0.38894653,1.8795166,9.384323,67.40443899413368,881
0.1591034,1.7597961,9.681213,-54.050285355356536,882
0.16149902,1.7262878,9.942184,-1.3597788194018798,883
0.16627502,1.6664276,10.073868,1.850129412417908,884
0.22373962,1.6927643,9.8320465,136.67440755627294,885
0.31950378,1.7645874,9.587845,70.45827804374892,886
0.28599548,1.6664276,9.561508,-19.56762453806194,887
0.15431213,1.7023468,9.556717,-105.53339629983958,888
0.26922607,1.7957153,9.448975,133.32047048509486,889
0.4655609,1.8890839,9.3220825,119.54009938173058,890
0.300354,1.8076782,9.551926,65.94534666287888,891
0.022628784,1.7286835,9.578262,-73.49701554510925,892
0.044174194,1.7071228,9.683609,28.046467694459444,893
0.2093811,1.632904,10.014008,51.263824306085205,894
0.36740112,1.6712189,10.401871,80.35727803803756,895
0.46795654,1.5826263,10.284546,67.29600291087056,896
0.2716217,1.4868622,10.148087,-68.92582265061901,897
0.23332214,1.5610809,9.985275,-160.72271132194413,898
0.4775238,1.6424866,9.961334,108.56533093278658,899
0.63075256,1.6688232,10.186386,85.15498732616211,900
0.65708923,1.7262878,10.270187,67.53623432435825,901
0.76483154,1.925003,9.853592,152.8954374765146,902
1.0808716,2.1237183,9.223923,130.00420873737858,903
1.2197266,1.9633026,9.1640625,44.44317008015379,904
1.0569305,1.8531799,9.527985,-49.35210558381741,905
0.8318634,1.6951599,10.064285,69.3982873260763,906
1.0904388,1.7167053,10.229477,87.53932440314352,907
1.3633881,1.7789612,9.894302,109.66536704956299,908
1.5357666,1.8005066,9.5399475,109.50849126470614,909
1.4400024,1.6831818,9.578262,-40.00135121382735,910
1.3633881,1.608963,9.877533,71.06315276645607,911
1.5070343,1.6616364,10.028366,101.5320938991277,912
1.7823639,1.8172607,9.927811,119.30500427049874,913
1.8517914,1.8388062,9.623749,120.43795506888544,914
1.7105408,1.8340149,8.970139,-172.67468176563102,915
1.4184418,1.7861328,8.735504,71.44325279376729,916
1.2795868,1.6376953,9.267014,-41.972755544157295,917
1.3154907,1.5922089,9.784164,-14.673585676978119,918
1.3466187,1.6209412,9.80571,130.95462956038585,919
1.2245178,1.4653168,9.475311,-37.72968493739447,920
0.92285156,1.3958893,9.173645,87.60538599279589,921
0.80792236,1.371933,9.441788,-66.20106894540416,922
1.0281982,1.2761688,9.990067,44.37237516940661,923
1.0018616,1.2666016,10.195969,-53.478086257638715,924
1.0066528,1.2857513,9.851196,147.74510601210977,925
0.9731293,1.2210999,9.465729,96.9139024729586,926
0.7049713,1.1851959,9.621353,-79.4012291391542,927
0.76483154,1.0104218,9.918243,10.228477220792664,928
0.94200134,0.80451965,10.150482,34.58445454158988,929
1.1000214,0.7566376,10.59819,54.05174360074433,930
1.3921051,0.9074707,10.868729,109.6198779896907,931
1.4926758,1.0774536,10.650864,145.5482849486019,932
1.3250732,1.2306824,9.954147,-162.73774007050295,933
1.1287537,1.2929382,9.472916,-133.06629182532203,934
0.7025757,0.9697113,9.678818,-52.387192349066375,935
0.40570068,0.81648254,10.119354,120.66311908506408,936
0.37457275,0.8428192,10.464111,-88.28334373962218,937
0.41767883,0.8643646,10.229477,127.94250247603189,938
0.104034424,0.9194336,9.736282,-108.22015366270165,939
-0.1689148,0.77578735,9.506439,-65.73255211928713,940
-0.21200562,0.6345215,9.496857,131.96475989711737,941
-0.44424438,0.5148163,9.918243,-56.35061110554679,942
-0.52085876,0.54833984,10.428207,-97.3242738986713,943
-0.1904602,0.7518463,10.650864,119.3167658562495,944
0.10643005,0.88830566,10.59819,115.229143524807,945
0.041778564,0.9625244,10.116959,139.92817307308363,946
-0.25749207,1.0080261,9.527985,-108.64669897636895,947
-0.44184875,1.1277313,9.317291,-126.38603896796938,948
-0.23594666,1.2713776,9.700363,113.44944894410096,949
0.070510864,1.3695526,9.915848,102.47748770290585,950
0.101638794,1.5179901,9.676422,148.17103660875176,951
-0.046798706,1.5275574,9.384323,-110.57038077496802,952
-0.22636414,1.4174347,9.499252,-54.412661041771564,953
-0.42269897,1.4150391,9.714737,-79.50502069378172,954
-0.4011383,1.4533386,9.66684,156.56501124961727,955
-0.28622437,1.5155945,9.580658,150.22128181267118,956
-0.45620728,1.474884,9.999634,-55.80239963219405,957
-0.7794342,1.3623657,10.413834,-60.017732840737466,958
-1.011673,1.4557343,10.04274,-117.85943571380056,959
-0.9422302,1.6161499,9.405884,178.79046046921712,960
-0.95181274,1.6209412,9.319687,145.7218673761686,961
-0.7698517,1.7358551,9.800919,98.36686129433873,962
-0.67648315,1.6233368,10.085831,35.87473191731865,963
-0.99490356,1.6281128,9.942184,-93.90461674729936,964
-0.91589355,1.6305084,9.908661,96.74338680032923,965
-0.7411194,1.5562897,9.994858,150.288968987346,966
-0.91589355,1.7095184,9.839233,-132.82227648703415,967
-0.83688354,1.7214966,9.54953,140.15893784438168,968
-0.2527008,1.9465485,9.599808,110.05206503961243,969
0.38894653,2.339203,10.083435,113.27586651653426,970
0.72413635,2.3679352,10.286942,-179.73208400857342,971
0.2788086,2.1596375,10.028366,-71.48942487255657,972
-0.17608643,2.138092,9.207153,-109.07922070556,973
0.020233154,2.162033,9.080261,104.97302708976423,974
0.18304443,2.039917,9.709946,31.162717597615668,975
-0.14735413,1.9202118,10.224701,160.12722810934574,976
-0.3508606,1.8819122,10.222305,-79.28598335728857,977
-0.118621826,1.9728851,9.793732,127.52400312520687,978
0.22853088,2.094986,9.578262,114.90604825630871,979
0.4200592,2.1787872,9.844025,97.19679524800219,980
0.4990692,2.229065,10.167236,172.79916879344367,981
0.59484863,2.308075,10.100204,132.32313992286794,982
0.6355438,2.2937012,9.472916,148.0364682217242,983
0.5062561,2.418213,8.917465,-159.92269126446052,984
0.48231506,2.3104706,8.840851,-13.128012905547198,985
0.379364,2.0901947,9.314896,173.66403466690736,986
0.26922607,1.9585266,9.860779,-28.025606589186932,987
0.1638794,1.7071228,10.227097,-19.852380247201648,988
0.14472961,1.664032,10.069077,-45.28521629160048,989
0.21894836,1.9154205,9.733887,165.27551051699953,990
0.5637207,2.1093597,9.604599,175.2061411173345,991
0.7193451,2.197937,9.650085,115.91579610244672,992
0.6068115,2.197937,9.78656,-76.82445148230768,993
0.5158386,2.1716003,10.0451355,-52.720020637131924,994
0.6044159,2.0566864,9.901474,48.98627382168236,995
0.750473,2.1811829,9.45137,-175.8410755025789,996
0.7025757,2.1548462,9.132935,-154.0342758979658,997
0.6044159,2.1333008,9.338837,-59.60279201847002,998
0.76483154,2.0758362,9.7267,42.91786589508489,999
0.93003845,2.1787872,9.870346,113.77703847707312,1000
0.8797455,2.2482147,9.604599,-179.5557968260954,1001
0.7839813,2.2577972,9.482498,-114.68390318374321,1002
0.7983551,2.1524506,9.686005,-0.9323920050844967,1003
0.82229614,2.2386475,9.690796,164.1279704345457,1004
0.8270874,2.2649841,9.638123,166.1094492939014,1005
0.72891235,2.0973816,9.62854,174.97140117593952,1006
0.4703369,2.063858,9.578262,-85.63189845476909,1007
0.5325928,2.1716003,9.439392,152.6443597226249,1008
0.647522,2.126114,9.425034,69.62023432315586,1009
0.49189758,2.0183716,9.748245,-45.40750399850038,1010
0.48231506,1.980072,10.085831,175.04496231330054,1011
0.6403351,2.1213226,10.143295,128.942250925225,1012
0.71694946,2.253006,9.839233,153.15763477837302,1013
0.68582153,2.2625885,9.506439,-175.3075011246175,1014
0.5709076,2.2123108,9.5351715,-65.15681498357925,1015
0.45837402,2.2003326,9.796127,166.1788713366254,1016
0.60202026,2.2601929,9.891907,104.33877572343684,1017
0.65708923,2.3128662,9.731491,143.02220778596438,1018
0.62835693,2.3607483,9.2981415,179.79348740921182,1019
0.3362732,2.2242737,8.962952,-80.00924574887956,1020
0.1303711,2.1333008,9.034775,162.38914087564385,1021
0.33148193,2.138092,9.508835,61.36227606942199,1022
0.55174255,2.1404724,10.040344,59.87761834010382,1023
0.5493469,2.047104,10.222305,-5.4609855433299,1024
0.38415527,1.9776764,9.992462,-81.87078648640986,1025
0.5158386,2.138092,9.551926,168.59028328347677,1026
0.89172363,2.253006,9.346024,111.01231450483536,1027
0.86299133,2.1524506,9.702759,-19.060395907276575,1028
0.592453,2.083023,10.085831,-64.10549177596337,1029
0.57328796,2.0782318,10.009216,-126.84967220882984,1030
0.69540405,2.1763916,9.6141815,176.5010083801855,1031
0.9467926,2.3918762,9.180817,136.49174097711014,1032
1.1407166,2.52594,9.075485,126.23110295683682,1033
0.9372101,2.2147064,9.422638,-32.13128281815308,1034
0.45118713,2.0183716,9.930206,-60.399034981342595,1035
0.36021423,2.0327454,10.186386,172.91954404737598,1036
0.65708923,2.087799,9.765015,112.948393096778,1037
0.7337036,2.2003326,9.300537,152.232212447728,1038
0.80792236,2.3727112,9.554321,153.42244121249442,1039
0.73609924,2.1787872,9.700363,-20.605102952230197,1040
0.38175964,2.035141,9.580658,171.6282421432717,1041
0.2428894,2.0542908,9.784164,-81.17337636082738,1042
0.42245483,2.0375214,9.796127,83.48635162136048,1043
0.3506317,2.1021729,9.836838,-127.04075358105013,1044
0.49189758,2.1955414,9.683609,129.6299280312402,1045
0.46795654,2.1859741,9.686005,171.088588896949,1046
0.31950378,2.0088043,9.858383,-36.63665317961191,1047
0.24528503,2.027954,9.872742,-102.29018342529658,1048
0.4942932,2.142868,9.750641,118.0289336882436,1049
0.592453,2.2194824,9.724304,128.50159444073245,1050
0.21177673,2.0111847,9.389114,173.65956772319018,1051
0.070510864,2.063858,9.075485,-131.1101666281654,1052
0.3865509,2.0494995,9.346024,76.22493162790981,1053
0.5206299,1.9537354,9.765015,32.18684982214572,1054
0.3578186,1.9656982,10.011612,-78.59729538327619,1055
0.20219421,1.8914795,10.021194,176.27461492995627,1056
0.23092651,1.8603516,9.74585,120.66068753771955,1057
0.099243164,1.877121,9.396301,-123.64777514857626,1058
0.16627502,2.0447083,9.64769,150.67574893966548,1059
0.3362732,1.956131,9.920639,48.77558980654415,1060
0.40330505,2.0423126,9.796127,179.99537414069906,1061
0.50865173,2.2123108,9.858383,145.9789966776629,1062
0.38415527,2.0183716,9.80571,-34.44404634282193,1063
-0.065963745,1.877121,9.475311,-80.59163548883905,1064
-0.092300415,1.9848633,9.255051,-169.33272484625715,1065
0.37696838,2.0782318,9.578262,166.7972903244567,1066
0.6068115,2.094986,10.0451355,67.97993024303145,1067
0.18544006,1.956131,10.353989,-65.74057076137272,1068
-0.101867676,1.7621918,10.114563,-62.55339275878051,1069
-0.0061035156,1.8986664,9.420242,160.62118739012107,1070
0.28599548,2.2027283,9.080261,168.9933327463992,1071
0.38894653,2.2099152,9.386719,54.59668341348463,1072
0.001083374,1.9776764,9.8320465,-50.87871091992321,1073
-0.116241455,1.8842926,9.978088,-44.14662375695935,1074
0.17106628,1.9273987,9.798523,104.66124261453149,1075
0.39611816,2.0088043,9.587845,176.23163937969855,1076
0.221344,2.0207672,9.669235,-88.66561576708946,1077
0.14712524,2.0303497,9.721909,-89.1171117617948,1078
0.20219421,1.9345703,9.776978,27.21112531368313,1079
0.080093384,1.9441528,9.765015,-95.58476815104163,1080
0.058547974,1.9728851,9.733887,169.00062738843278,1081
0.25247192,1.960907,9.477707,101.0230945418,1082
0.12797546,1.9992218,9.427429,-111.2966757705505,1083
0.048965454,1.9896393,9.513611,-71.27110470592628,1084
0.15431213,1.9441528,9.70755,50.93110871614096,1085
0.14472961,1.9273987,9.848801,178.2136100126745,1086
0.010650635,1.8483887,9.841629,-60.35522614800613,1087
-0.33171082,1.6257324,9.472916,-65.85130178819698,1088
-0.34846497,1.7382507,9.209549,-170.48100258914135,1089
0.046569824,1.8316193,9.664459,90.97357766877178,1090
0.20698547,1.7454376,10.365952,173.8236015462972,1091
-0.121017456,1.5706635,10.145691,-67.10452538767842,1092
-0.28622437,1.6376953,9.202377,-139.8140406120527,1093
0.056152344,1.7286835,9.396301,98.99777952835115,1094
0.42964172,1.6233368,10.370743,52.335983005764206,1095
0.22373962,1.5179901,10.703537,174.92499687071845,1096
0.036987305,1.5371399,10.052307,-122.50513914194649,1097
0.089660645,1.5682678,9.276596,159.37940435749937,1098
-0.037231445,1.6017761,9.367569,-97.92383473420419,1099
0.075302124,1.6592407,10.131317,57.966565561280106,1100
0.2428894,1.5586853,10.217514,172.9079190654086,1101
0.118392944,1.6257324,9.501648,-148.29184899479097,1102
-0.013290405,1.7238922,9.070694,-143.19871353449585,1103
0.044174194,1.6903687,9.436996,29.727763154887686,1104
0.034606934,1.6065674,10.229477,-3.4070306929175294,1105
-0.015686035,1.553894,10.251038,174.0822334894089,1106
-0.13059998,1.5706635,9.700363,-130.4566677887569,1107
-0.080322266,1.6376953,9.2981415,160.99154756767584,1108
-0.19285583,1.6448822,9.563889,-70.31835478841204,1109
-0.2311554,1.4533386,10.10498,-5.5498108728254465,1110
-0.37002563,1.3503876,10.409042,167.66469702829164,1111
-0.28622437,1.4437714,9.899078,157.457156898626,1112
-0.068344116,1.5084076,9.6189575,116.46908240635277,1113
0.14233398,1.4725037,9.736282,75.6373577743703,1114
0.017837524,1.4916534,10.016403,-79.89015457051123,1115
-0.049194336,1.5898132,9.736282,166.5110507567198,1116
-0.087509155,1.5562897,9.37236,-122.4081504557323,1117
0.013046265,1.4485474,9.238281,49.615238621592155,1118
-0.0061035156,1.4198303,9.650085,-12.067281966123279,1119
-0.044403076,1.3288422,10.164841,-12.93482698128891,1120
-0.049194336,1.2929382,10.169632,171.45624431959246,1121
-0.034835815,1.3240509,9.90387,168.5138534666643,1122
0.072906494,1.3527832,9.86557,107.25900261250828,1123
0.056152344,1.3144836,10.294128,-11.691215165516962,1124
0.058547974,1.470108,10.296524,179.11225800177309,1125
0.008270264,1.640091,9.798523,163.52888088206552,1126
-0.075531006,1.640091,9.417847,-126.89214232508898,1127
-0.54959106,1.4389801,9.37236,-67.60427666886991,1128
-0.7507019,1.3934937,9.159271,-85.90504454986706,1129
-0.530426,1.5371399,9.575867,107.78370457473784,1130
-0.41551208,1.506012,10.234268,157.84314454900178,1131
-0.7794342,1.4964447,10.229477,-87.98679058623857,1132
-1.2079926,1.391098,9.566284,-87.97391567965309,1133
-1.2846069,1.5251617,9.118576,-145.7241896404864,1134
-1.3157349,1.5826263,9.604599,58.468864503032016,1135
-1.2822113,1.5395355,10.155258,144.2391972318989,1136
-1.4019165,1.4102478,10.3420105,-31.09938466853672,1137
-1.466568,1.367157,10.21991,-70.96843853323551,1138
-1.4545898,1.3049011,9.980484,-36.0804640453086,1139
-1.3061523,1.2953186,9.961334,88.17581607151867,1140
-1.0763092,1.3408203,10.188782,142.1904136884619,1141
-1.0667267,1.3958893,10.251038,160.99981209657153,1142
-1.5623322,0.96014404,9.729095,-55.626269544066936,1143
-1.6102142,1.130127,9.23349,-149.67738018868474,1144
-1.0236359,1.312088,9.1521,109.27970724826739,1145
-0.5926819,1.3767242,9.6884,132.99613212216764,1146
-0.67648315,1.1037903,9.908661,-13.041928616342943,1147
-0.93026733,1.0128174,9.523193,-79.70577361386673,1148
-0.6022644,1.0463257,9.310104,100.71957459546297,1149
-0.032440186,1.1420898,9.585449,96.27340831372982,1150
0.3985138,1.2402649,9.999634,140.70400060052702,1151
0.46316528,1.154068,10.29892,23.21260621505802,1152
0.43443298,1.0295715,10.29892,-13.059149230787837,1153
0.62835693,0.85240173,10.052307,53.111865174720975,1154
0.60920715,0.6129761,10.157654,-5.918147179951778,1155
0.7097626,0.7207184,10.543121,146.00018392446827,1156
1.5597076,1.0391388,10.246246,110.64101859136429,1157
1.8637695,1.3958893,9.635727,136.0183542261149,1158
1.2556458,1.312088,9.23349,-88.33030812035518,1159
0.52301025,0.9697113,9.518402,-63.94271470766363,1160
0.27401733,0.5291748,10.006821,131.23222210863352,1161
0.2716217,0.22032166,10.143295,-1.111447335167085,1162
0.16627502,0.20117188,10.02359,-80.81564520304795,1163
0.36260986,0.43580627,9.630936,140.04066628871374,1164
0.6068115,0.64649963,9.697968,130.5261581333726,1165
0.60920715,0.5291748,9.750641,128.17094498301213,1166
0.47991943,0.7422638,9.822464,-147.41990704534714,1167
0.9396057,0.88830566,10.02597,105.77168793960298,1168
1.5190125,0.9888611,10.483276,95.65994804323596,1169
1.909256,1.1037903,10.842392,102.65669137615947,1170
1.8134918,0.9266205,10.624527,-20.22304778326907,1171
1.2723999,1.0104218,9.913452,114.53071570103818,1172
0.83425903,1.1588593,9.0299835,-126.62192638114495,1173
0.7193451,1.1037903,8.409897,-113.4784362669385,1174
0.44639587,0.8212738,8.7091675,-43.07055477398052,1175
0.26205444,0.64649963,9.724304,-41.2447564163769,1176
0.58047485,0.6919861,10.344406,108.44166352767434,1177
0.9180603,0.9194336,10.20076,124.12954937187227,1178
1.0808716,1.312088,9.800919,154.91280214976953,1179
1.0736847,1.3455963,9.9661255,-114.76320168000707,1180
0.7624359,1.1660461,10.274979,-57.72631365722491,1181
0.44639587,0.99365234,10.488052,-59.61927326493726,1182
0.9180603,1.1612549,9.999634,99.71905433489366,1183
1.4112701,1.4820709,9.638123,123.6876497929508,1184
1.284378,1.6568451,9.700363,-140.8929236329696,1185
0.77201843,1.6257324,9.482498,-91.50015110283391,1186
0.39372253,1.5227814,9.3125,-79.06400903945233,1187
0.3865509,1.3264465,9.446579,-3.398073113264469,1188
0.24528503,1.1995544,9.743454,86.96692722993977,1189
0.101638794,1.0271759,9.975693,-36.808674908953265,1190
-0.034835815,1.0343628,10.20314,-83.34327281862706,1191
0.1303711,1.1349182,10.083435,124.14244476902526,1192
0.3865509,1.1947632,9.721909,110.70621957718123,1193
0.21417236,1.0008392,9.896683,85.09920517121061,1194
-0.21440125,0.73747253,10.464111,-53.96937493444857,1195
-0.14257812,0.70874023,10.353989,73.30917851274472,1196
0.16627502,0.9338074,9.702759,131.78121905374078,1197
0.35302734,1.0583038,9.092239,132.5891211495266,1198
0.17106628,1.1564636,8.819305,-127.03203825966919,1199
0.075302124,1.2402649,9.307709,81.14111054718823,1200
0.52301025,1.1397095,9.640503,71.72685590848455,1201
0.2883911,0.9984436,9.815292,-56.68391750685424,1202
-0.051589966,0.83802795,10.093018,-61.608886879594465,1203
0.1519165,0.8978882,10.327652,101.04838673229656,1204
0.72891235,1.1516724,10.301315,113.46252192617237,1205
1.1191711,1.3288422,10.016403,70.96773502375099,1206
0.93481445,1.427002,9.846405,-126.47610184236517,1207
0.7025757,1.2977142,9.927811,-60.08776277029761,1208
0.74328613,1.154068,10.167236,7.756248415797883,1209
1.1143799,1.2642059,10.751419,96.91231103888198,1210
1.0258026,1.178009,11.002808,-45.0407911419624,1211
0.27401733,1.0583038,10.51918,72.44712667721907,1212
-0.0013122559,1.154068,10.461716,-110.23292844883437,1213
0.36021423,1.1205444,10.356369,86.33750480735559,1214
0.731308,1.5395355,9.844025,140.1280244081982,1215
1.0904388,1.7334595,9.259827,124.21910681226947,1216
0.8534241,1.640091,9.19519,-71.52695676204578,1217
0.4942932,1.5155945,9.597412,69.14158149631054,1218
0.5278015,1.4796753,9.772186,21.226998506349027,1219
0.80075073,1.5586853,9.623749,109.01201164412709,1220
0.73609924,1.5203857,9.415451,-85.25128616327012,1221
0.2716217,1.4198303,9.300537,-80.14975640048507,1222
0.068115234,1.2402649,9.48967,-45.34999039059429,1223
0.034606934,1.0726624,9.650085,73.48380595925444,1224
0.048965454,1.1732178,9.657272,171.76394434170152,1225
0.25486755,1.2474365,9.70755,108.0181781387552,1226
0.053756714,1.347992,9.803314,-113.27282025216444,1227
-0.061172485,1.2450409,9.901474,-44.95976460783854,1228
-0.13778687,1.154068,9.709946,75.23621393422627,1229
-0.032440186,1.3264465,9.544739,151.56682907916368,1230
0.17585754,1.3767242,9.592621,101.56171642955805,1231
0.21417236,1.4198303,9.9661255,71.56069106635648,1232
0.001083374,1.3192749,10.107376,-61.02818419635998,1233
-0.034835815,1.257019,9.923019,-43.4428034988408,1234
-0.030044556,1.257019,9.7530365,72.89220229410462,1235
-0.0084991455,1.2977142,9.559113,162.16134040644556,1236
-0.089904785,1.2426605,9.623749,-52.06701698643827,1237
-0.042007446,1.2833557,10.107376,67.64824942674646,1238
0.22853088,1.2761688,10.344406,82.08569838864432,1239
0.21894836,1.3001099,10.152863,-173.53381028019191,1240
-0.058776855,1.2187042,9.60939,71.06643125725768,1241
-0.16412354,1.3072968,9.314896,-139.27855378112372,1242
0.046569824,1.3958893,9.659668,100.3638856642454,1243
0.4440155,1.4557343,10.255814,85.87381692498177,1244
0.5780792,1.5012207,10.368347,102.32366501260799,1245
0.32429504,1.4389801,10.040344,-86.71192894746652,1246
0.14712524,1.4533386,9.566284,68.68216931235715,1247
0.1638794,1.3408203,9.671631,6.776622130786457,1248
0.2788086,1.3096924,10.004425,54.820809240909426,1249
0.42964172,1.6424866,9.973297,155.41990271450797,1250
0.55174255,1.6999512,9.527985,132.07685696177563,1251
0.21417236,1.4126434,9.271805,66.8905423911711,1252
-0.2191925,1.1732178,9.571075,-57.157099352174384,1253
-0.075531006,1.1205444,9.980484,56.29312140330279,1254
0.24768066,1.2474365,9.9661255,111.38916336210164,1255
0.17585754,1.3384247,9.990067,-140.35391242442887,1256
0.27401733,1.312088,10.057098,68.62600466681212,1257
0.34344482,1.3743286,10.114563,128.49332991183675,1258
0.46795654,1.5012207,9.86557,139.94064499850808,1259
0.4655609,1.6305084,9.403488,174.33340686594696,1260
0.31472778,1.5682678,9.348419,-70.93973807834311,1261
0.21177673,1.4725037,9.925415,67.39372242732594,1262
0.39134216,1.4293976,10.411438,55.77644832844259,1263
0.4942932,1.4796753,10.138504,127.26649133311905,1264
0.2716217,1.529953,9.245468,-134.99918071892228,1265
0.048965454,1.4964447,9.176041,-84.42278421694758,1266
0.051361084,1.2857513,10.02359,68.62633251589229,1267
-0.044403076,1.2187042,10.514389,-37.26196041322116,1268
-0.030044556,1.391098,10.150482,176.54860113832217,1269
0.17825317,1.4725037,9.700363,124.25163217309708,1270
0.19021606,1.4677124,9.724304,54.018118579460356,1271
-0.116241455,1.3623657,9.851196,71.59519035185421,1272
-0.23355103,1.427002,9.709946,-124.8628931226782,1273
-0.0084991455,1.5012207,9.5399475,113.92376460082333,1274
0.17585754,1.5634766,9.544739,108.07084572744517,1275
0.039382935,1.5036163,9.760223,-56.21605637889754,1276
-0.085113525,1.4533386,9.6189575,72.46715962205472,1277
0.039382935,1.4964447,9.47052,117.692246343297,1278
0.10882568,1.3958893,9.690796,27.068107982652233,1279
0.19979858,1.506012,9.788956,136.4712504096001,1280
0.3075409,1.5275574,9.863174,95.11364219266166,1281
0.33387756,1.5275574,9.908661,70.07665488425279,1282
0.22613525,1.5419312,9.889511,-99.28078158642145,1283
0.1878357,1.5467224,9.702759,-134.63310990016626,1284
0.14472961,1.5682678,9.769791,-103.70422382878598,1285
0.2716217,1.5467224,10.133713,56.78027440057019,1286
0.38415527,1.5706635,10.368347,69.44020419701266,1287
0.19979858,1.5084076,10.45694,-68.37048045977278,1288
0.025024414,1.4533386,10.521576,-70.0955335271187,1289
-0.0061035156,1.4677124,9.76741,-165.95116649007554,1290
-0.039627075,1.5586853,8.711563,-172.07962202476116,1291
-0.12580872,1.7693787,8.505661,68.3576055531873,1292
0.104034424,1.7526245,9.355606,51.80000098612038,1293
0.26922607,1.6712189,10.308487,30.99918920850722,1294
0.26205444,1.5634766,10.21991,-3.012357176351628,1295
0.056152344,1.5778351,9.6740265,-116.76100469147912,1296
-0.24313354,1.5227814,9.365173,70.90471969846845,1297
-0.111450195,1.474884,9.305328,73.94278101110096,1298
0.18304443,1.608963,9.295746,114.25662703983473,1299
0.36260986,1.5155945,9.484894,54.44502247805908,1300
0.671463,1.3312378,10.095413,45.29400674506228,1301
0.52301025,1.1516724,10.605377,70.5986999028952,1302
-0.053985596,1.3168793,10.090622,-111.64218771990475,1303
-0.37002563,1.4557343,9.346024,-125.87613802567125,1304
0.46316528,1.553894,8.833664,101.68666108004508,1305
0.5349884,1.4533386,9.448975,10.817502489530808,1306
-0.16412354,1.1229401,10.842392,68.66538070737725,1307
-0.1329956,1.0463257,11.476868,16.036867529650568,1308
0.070510864,1.3503876,10.7969055,151.6837619177543,1309
0.31233215,1.4341888,9.626144,132.25593086143502,1310
-0.22636414,1.2306824,9.690796,-68.49396344977744,1311
-0.8129425,1.0247803,10.116959,71.21025455061064,1312
-0.28382874,1.4916534,9.302933,139.60250965345742,1313
0.29795837,1.8100739,9.94458,109.15829380558124,1314
0.2428894,1.8005066,10.006821,-70.35150852664327,1315
0.3578186,1.2210999,10.725082,7.875129565849247,1316
-0.19285583,1.3072968,9.973297,71.04050385916831,1317
-0.956604,1.7238922,8.505661,-126.36023451328508,1318
-0.015686035,1.9441528,8.1201935,107.93945337838164,1319
0.42245483,1.9872437,8.924637,71.09003639102924,1320
0.33866882,1.6424866,10.066681,-13.132578887007352,1321
0.048965454,1.3312378,10.739456,73.926511500498,1322
-0.20721436,1.450943,10.528763,-119.39852322061456,1323
-0.116241455,1.5898132,9.889511,160.73161788862183,1324
0.101638794,1.6927643,9.286163,132.96178993102083,1325
0.070510864,1.6544495,9.185608,-56.828570668191354,1326
0.21177673,1.6568451,9.757828,74.2642711851443,1327
0.27401733,1.7478333,10.20076,106.23063567069283,1328
0.046569824,1.7047272,10.473694,-69.33807920854264,1329
0.1638794,1.7310638,9.908661,134.12411054283857,1330
0.3290863,1.8842926,8.967743,149.7264482676821,1331
0.1591034,1.8435974,8.759445,71.63205288280477,1332
-0.0084991455,1.7717743,9.518402,-38.54362150531196,1333
0.053756714,1.7502289,10.116959,25.596412244831463,1334
0.22853088,1.7286835,10.227097,76.85160831444765,1335
0.45358276,1.7765656,9.86557,114.3453716877207,1336
0.300354,1.7550049,9.401093,68.9843846925627,1337
0.051361084,1.8292389,9.211945,-113.91014520361833,1338
0.065719604,1.8148651,9.520798,9.641653834288203,1339
0.1806488,1.6855774,9.870346,30.17674905507306,1340
0.0154418945,1.7167053,10.174423,-83.1657152209634,1341
0.14712524,1.7861328,10.014008,69.5022428052439,1342
0.2596588,1.8076782,9.760223,119.26689181493008,1343
0.18304443,1.7143097,9.803314,-37.979652785544005,1344
0.077697754,1.6760101,9.9661255,-58.774303732525816,1345
0.089660645,1.7334595,10.02359,166.25379851182046,1346
0.17585754,1.7621918,9.937393,72.03090177938768,1347
0.24049377,1.8029022,9.937393,121.61612171957762,1348
0.20698547,1.766983,9.8320465,-62.044823703370525,1349
0.022628784,1.7095184,9.444183,-93.93525697591603,1350
-0.15454102,1.7765656,9.499252,-107.40608390609535,1351
0.13516235,1.7502289,9.755432,68.86075826858546,1352
0.21417236,1.7502289,9.853592,77.20208581132852,1353
-0.0013122559,1.6688232,9.796127,-71.859088370816,1354
-0.15933228,1.5874176,9.808105,-62.34720983830533,1355
-0.13539124,1.6544495,9.765015,162.34623362727783,1356
0.2596588,1.7597961,9.465729,65.18228475899423,1357
0.32429504,1.8675385,9.472916,148.22569178249023,1358
0.096847534,1.8412018,9.872742,-66.88056348479371,1359
0.060928345,1.7789612,9.867966,-30.732231264797274,1360
0.060928345,1.8052979,9.573471,178.66545434702755,1361
0.15431213,1.8316193,9.561508,67.25338936063885,1362
0.24768066,1.8555756,9.760223,80.99187091382345,1363
0.2788086,1.8364105,9.875137,34.871848411296504,1364
0.25486755,1.7861328,9.968521,-21.788948905217243,1365
0.17825317,1.8148651,9.918243,-116.38822662695816,1366
0.10882568,1.8675385,9.621353,66.40950582830544,1367
0.1926117,1.8555756,9.446579,103.89563305008642,1368
0.17585754,1.8507843,9.602203,-29.89740797839788,1369
0.23571777,1.8723297,9.800919,73.44030448443063,1370
0.2428894,1.8316193,10.066681,0.49628506690941726,1371
0.17825317,1.8029022,10.014008,69.48947718168513,1372
0.087265015,1.7717743,9.697968,-106.62656124631096,1373
0.005874634,1.7717743,9.307709,-131.97059287866858,1374
-0.113845825,1.8435974,9.420242,-112.32421625947639,1375
-0.027648926,1.7789612,9.891907,30.75719560621367,1376
0.16149902,1.8340149,10.116959,65.10662675355799,1377
0.21894836,1.8842926,9.970917,141.51412933798224,1378
0.20698547,1.9776764,9.654877,-178.08270260704205,1379
0.1591034,1.9752808,9.336441,-146.32810130652058,1380
0.12557983,1.9130249,9.51123,-20.582829705346786,1381
-0.073135376,1.7454376,9.8871155,74.73253529426202,1382
-0.106658936,1.766983,10.069077,-71.96364490663056,1383
0.16149902,1.7813416,10.006821,95.15639234667677,1384
0.3075409,1.8196564,9.669235,122.327950374498,1385
-0.013290405,1.8627472,9.5950165,-99.96044688054025,1386
0.051361084,1.8076782,9.669235,77.93669997732006,1387
0.22853088,1.8507843,9.788956,96.33658073336326,1388
0.27641296,1.9154205,9.731491,146.3118591166743,1389
0.22853088,1.9106293,9.769791,-76.35915167528974,1390
0.19979858,1.8579559,9.798523,-27.21723150280112,1391
0.19740295,1.8986664,9.5351715,70.53196212451502,1392
0.16867065,1.8842926,9.381943,-121.90792106129891,1393
0.14952087,1.798111,9.60939,-10.168659277815339,1394
0.039382935,1.8244476,9.997253,-68.65150859317295,1395
0.12797546,1.8316193,10.253433,65.91057416981434,1396
0.1638794,1.798111,10.0451355,66.67848550800971,1397
0.025024414,1.8316193,9.6884,-125.73947960075763,1398
-0.022857666,1.8819122,9.367569,-156.60335593161773,1399
0.26683044,2.0231628,9.386719,114.59840287571299,1400
0.3865509,2.0542908,9.664459,75.43308730686272,1401
0.14712524,1.9082489,9.896683,68.23848705406228,1402
0.039382935,1.9154205,9.925415,-90.89160173835329,1403
0.1806488,1.9154205,9.817688,97.99814719237393,1404
0.28359985,2.004013,9.487274,143.83228188190623,1405
0.33387756,2.0231628,9.199982,142.80510339300636,1406
0.2716217,2.0662537,9.626144,65.76127306474703,1407
0.032211304,2.0183716,9.891907,-67.42551695791235,1408
-0.38198853,1.6185455,9.990067,-44.8088754837892,1409
-0.065963745,1.8340149,9.516006,133.9714967960238,1410
0.080093384,1.7885284,9.099426,103.32342712217942,1411
-0.36044312,1.7406464,9.389114,72.97337909239022,1412
-0.099472046,1.4341888,9.520798,39.14819911479022,1413
0.46076965,1.1468811,9.453766,63.514140827812845,1414
1.0138245,1.8675385,9.80571,140.89680318041815,1415
0.91326904,2.5881958,9.863174,-171.2521036256791,1416
1.0377655,2.4828491,9.827255,65.52674485921631,1417
1.0880432,2.4828491,9.934998,54.64068007702327,1418
1.0593109,2.3822937,10.12175,-18.985407260379006,1419
1.2484589,2.308075,10.1409,66.22379298477279,1420
1.339447,2.3128662,9.915848,113.43869139615819,1421
0.9467926,2.221878,9.927811,67.06887863040012,1422
0.94918823,1.9656982,9.937393,0.33340015632598125,1423
1.1119843,1.8435974,9.755432,63.72101359739419,1424
0.944397,1.8795166,9.554321,-117.60645916732163,1425
0.7097626,2.0686493,9.405884,-134.66788922341996,1426
0.53738403,2.0854187,9.516006,66.12722094009798,1427
0.6044159,1.960907,9.769791,16.52775664039397,1428
0.5709076,1.9585266,9.879929,-59.65151858800889,1429
0.59484863,2.027954,9.513611,161.9743571477273,1430
0.58766174,2.0614777,9.185608,172.48325888395223,1431
0.39134216,2.0806274,9.348419,67.3890847288795,1432
0.27401733,2.0375214,9.80571,-44.03683529624057,1433
0.13755798,1.9058533,9.855988,-44.728036779867516,1434
0.19021606,1.9656982,9.841629,139.19228849190645,1435
0.30993652,1.9273987,9.681213,86.7801488768966,1436
0.24049377,1.8819122,9.43222,67.52829081435353,1437
0.053756714,1.9752808,9.580658,-108.20422566155719,1438
0.1878357,1.901062,9.841629,46.418846693809584,1439
0.39611816,2.0734406,10.157654,118.0122133851554,1440
0.5828705,2.2266693,10.670013,105.36682164636132,1441
0.21894836,1.7526245,9.257431,68.66979983977025,1442
-0.19763184,1.9058533,8.132156,-132.27679025916024,1443
0.25486755,1.8699341,9.046753,62.42751237237717,1444
0.3506317,1.8627472,10.169632,15.207931866315725,1445
0.032211304,1.8699341,10.545517,-79.64684274170786,1446
0.008270264,1.7885284,10.674805,67.95442631667062,1447
0.31472778,1.925003,10.466507,118.56901040629485,1448
-0.049194336,1.5467224,9.554321,-58.267565167813395,1449
-0.24313354,1.9728851,8.807327,-159.63697079110057,1450
0.008270264,2.1021729,8.87915,113.48553966367531,1451
0.092056274,1.8723297,9.717117,72.0581610643652,1452
0.14712524,1.7621918,10.231873,13.66597055740845,1453
0.101638794,1.8076782,10.205536,-137.56368452583027,1454
0.25726318,1.9345703,9.80571,140.44387967617627,1455
0.1878357,1.9058533,9.37236,-133.90645973474693,1456
0.077697754,1.9345703,9.106598,75.14795422977137,1457
0.046569824,1.9273987,9.429825,-24.525431752784293,1458
0.33866882,1.9202118,9.968521,67.97232824248522,1459
0.36740112,1.8507843,10.387497,5.595177843066318,1460
0.25486755,1.8196564,10.06189,-104.92284568993215,1461
0.048965454,1.8148651,9.4561615,72.94594905268345,1462
0.036987305,1.8890839,9.290955,-173.8844858525587,1463
0.10643005,1.8340149,9.638123,28.841419751578886,1464
0.22853088,1.9489441,9.90387,117.72738083638754,1465
0.29556274,2.0447083,10.06189,134.83913572629052,1466
0.5421753,1.9848633,10.138504,69.69319440386994,1467
0.2428894,1.7885284,10.294128,-54.14826783409495,1468
-0.018066406,1.8388062,9.781769,-118.79969321532286,1469
0.14233398,2.094986,9.408279,153.33982324429394,1470
0.24528503,2.0566864,9.537567,56.775424966259486,1471
0.3865509,2.106964,9.90387,79.03601892423362,1472
0.50146484,2.0255585,9.664459,75.91029896379317,1473
0.17106628,1.9992218,9.231094,-101.7862588985222,1474
0.041778564,2.3679352,8.713959,-165.53541287529686,1475
-0.17129517,2.3583527,9.125763,-61.112065749556905,1476
-0.25030518,1.7861328,9.760223,79.98505321883938,1477
-0.27903748,1.7550049,9.951752,-20.037128326514033,1478
-0.42269897,2.0303497,9.676422,-154.39981396196657,1479
-0.29101562,2.106964,9.329269,141.53326752803662,1480
0.072906494,2.2554016,9.532776,104.97992558082595,1481
0.31950378,2.142868,9.731491,69.07157205731791,1482
0.39611816,2.2027283,9.860779,112.53526910482978,1483
0.4152832,2.2194824,9.5950165,158.0230790524966,1484
0.48231506,2.166809,9.094635,124.23750734189349,1485
0.6930084,2.221878,9.355606,87.00601640255975,1486
0.94918823,2.126114,9.650085,65.6642297370195,1487
0.88453674,2.2865295,9.858383,-143.18639187323316,1488
0.90608215,2.2913208,10.004425,16.4237499348076,1489
0.9946747,2.2170868,9.860779,67.16645471288292,1490
0.99227905,2.1763916,9.228714,147.89562972103852,1491
0.90608215,2.355957,8.833664,64.20228238669162,1492
0.9084778,2.466095,9.341232,-64.87603956717837,1493
2.6658325,2.5905914,10.892685,76.87875831639845,1494
3.1446686,3.2035065,10.847183,140.10043044395135,1495
0.7959595,3.1125183,8.687622,-108.31454004684205,1496
0.56851196,2.2984924,9.341232,66.85280559600677,1497
0.49189758,2.0614777,9.90387,-16.810622094680877,1498
0.76483154,2.1141357,9.616562,110.13680719664478,1499
0.9874878,2.2625885,9.791351,116.27405318479222,1500
1.1407166,2.253006,10.318069,37.29397009476643,1501
1.2819824,2.2673645,9.949356,71.25548406329446,1502
1.339447,2.624115,9.358002,164.23071014004103,1503
1.4495697,2.7821198,9.319687,143.9303224172526,1504
1.0808716,2.6743927,9.681213,-65.1619307952676,1505
0.9037018,2.466095,9.444183,-48.098260437121496,1506
1.2197266,2.4924316,9.204773,69.64513036268056,1507
1.5956268,2.7007294,9.171249,116.96063746054026,1508
1.5477295,2.5834045,9.360382,-25.996171264121262,1509
1.3729553,2.4613037,9.255051,-61.61921412561952,1510
1.2197266,2.422989,9.39151,-68.79589879222702,1511
1.1000214,2.5067902,9.788956,67.06592115848952,1512
1.1479034,2.521164,9.731491,116.22693853989747,1513
1.265213,2.4924316,9.41066,107.11677758342111,1514
1.4040833,2.5475006,8.237503,138.9162668871679,1515
1.873352,2.2721558,8.972534,33.70453151610089,1516
1.3322601,2.2601929,10.473694,68.73909210890002,1517
1.3490143,2.4756622,9.640503,162.2128536931658,1518
1.8996887,2.245819,9.295746,74.28254194117407,1519
0.98509216,1.9872437,9.551926,-73.0191208692618,1520
1.0641022,2.039917,9.9661255,47.04923217306674,1521
1.236496,2.3272247,10.030762,68.30501309657821,1522
1.205368,2.2745514,10.176819,-30.373461918264013,1523
1.2029724,2.2003326,10.385101,-12.883819128567255,1524
1.0281982,2.2697601,10.073868,-134.40607441215505,1525
0.73609924,2.2960968,9.6141815,-118.1326842617361,1526
0.8869324,2.197937,9.413055,68.17775301196252,1527
1.1957855,2.339203,9.721909,102.0605183144549,1528
0.8797455,2.363144,9.808105,-91.7468985167898,1529
0.7384949,2.3607483,9.532776,-118.93251307392293,1530
0.6427307,2.3415985,9.396301,-100.41196336581311,1531
0.9755249,2.3368073,9.499252,63.258555149070965,1532
0.59724426,2.0686493,9.408279,-57.445804618201656,1533
0.93003845,1.9968262,9.920639,58.05804911502326,1534
0.7217407,2.0207672,10.030762,-91.26932485983333,1535
0.44161987,1.9273987,9.616562,-88.28715498517904,1536
