0.008270264,-0.56018066,9.700363,71,0
0.13516235,-1.1300049,13.521515,19,1
-0.4370575,-1.7477112,9.556717,331,2
-1.4713593,-2.6790466,10.006821,308,3
-2.8983002,-3.569687,10.100204,77,4
-2.1082153,-1.6136322,8.414673,167,5
0.93003845,0.5746765,11.11055,125,6
0.013046265,0.18441772,9.650085,57,7
1.9140472,-0.58891296,8.769028,68,8
2.1798096,-1.1036682,10.708328,339,9
0.044174194,-3.2512665,10.143295,317,10
-0.8967438,-4.2759857,12.843948,278,11
-0.34129333,-3.4811096,14.474411,152,12
-0.8967438,-4.4842834,14.03627,72,13
-1.1960144,-5.1642303,13.131256,339,14
1.66745,-4.1969757,12.82959,78,15
5.2156525,-0.98394775,9.425034,122,16
8.471771,2.3607483,-0.8748169,299,17
4.3106384,-0.47398376,1.844986,307,18
-1.1170044,-3.6103973,4.097931,271,19
-1.521637,2.4972076,8.493683,175,20
-8.699448,4.364685,14.704254,84,21
8.091095,1.2043457,16.839874,75,22
9.491699,1.2689819,11.337997,54,23
3.1207275,1.6137543,4.9191437,216,24
2.2755737,0.36398315,6.992523,72,25
1.691391,0.41426086,9.592621,274,26
1.7129364,0.79733276,9.140121,67,27
1.7105408,0.9505615,8.991684,171,28
1.4088745,1.7813416,10.861557,226,29
0.7959595,1.6975555,12.673965,294,30
-0.6453552,1.1564636,10.552704,71,31
-0.89434814,0.3184967,6.264679,307,32
0.24528503,-0.069366455,7.703598,77,33
1.0617065,0.4597473,11.486435,128,34
0.17106628,0.63931274,10.916626,72,35
-0.077926636,1.0104218,9.82486,209,36
0.49667358,2.1955414,9.975693,153,37
0.41767883,2.7581787,10.636505,196,38
-0.58309937,0.5220032,9.43222,73,39
-0.37719727,-0.33992004,8.48172,10,40
-0.35325623,0.074279785,9.714737,73,41
-0.16651917,-0.050216675,9.365173,54,42
0.41767883,0.4453888,10.047531,129,43
1.7416687,1.3503876,10.543121,123,44
1.9667206,0.80929565,9.9110565,59,45
1.5381622,0.32089233,9.769791,321,46
1.2029724,0.3184967,10.052307,66,47
1.2341003,0.27539062,9.853592,55,48
1.1383209,0.41905212,9.657272,68,49
0.71694946,0.67762756,9.51123,237,50
0.24049377,0.510025,8.943802,287,51
0.17825317,0.36398315,8.603821,338,52
0.087265015,0.3687744,9.018021,73,53
0.010650635,0.27061462,9.5351715,326,54
0.017837524,0.009643555,9.927811,77,55
0.017837524,0.105407715,10.368347,181,56
0.20458984,0.37594604,10.380325,73,57
0.010650635,0.3232727,10.236664,284,58
-0.6429596,-0.059799194,10.04274,72,59
-0.8608246,-0.21780396,10.066681,307,60
-0.81533813,-0.14598083,10.148087,144,61
-0.6238098,0.076675415,9.779373,143,62
-0.4873352,0.45495605,9.506439,70,63
-0.74591064,0.5291748,9.441788,254,64
-1.0284271,0.2035675,9.305328,70,65
-1.0763092,-0.019088745,9.415451,352,66
-0.66929626,0.103012085,9.88472,71,67
-0.22157288,0.24188232,10.313278,105,68
-0.106658936,0.44299316,10.217514,150,69
-0.034835815,0.59861755,9.654877,159,70
0.14233398,0.76860046,9.108994,64,71
-0.075531006,0.6584625,8.974915,295,72
-0.22157288,0.44299316,9.405884,67,73
-0.22157288,0.3879242,9.841629,7,74
-0.113845825,0.42384338,10.002029,68,75
-0.082717896,0.53157043,10.143295,162,76
-0.116241455,0.6249542,10.097809,200,77
-0.18327332,0.6632538,10.073868,240,78
-0.058776855,0.66804504,9.88472,68,79
0.080093384,0.6800232,9.784164,97,80
-0.0084991455,0.5794525,9.999634,68,81
-0.17608643,0.3232727,10.315674,329,82
-0.44664,0.069488525,10.277374,71,83
-0.42030334,0.19400024,10.030762,172,84
0.010650635,0.42384338,9.721909,67,85
0.092056274,0.50283813,9.657272,135,86
-0.26467896,0.61776733,9.755432,254,87
-0.27424622,0.62016296,9.736282,251,88
-0.21679688,0.59143066,9.556717,67,89
-0.34129333,0.6225586,9.54953,256,90
-0.38917542,0.6656494,9.693176,68,91
-0.1736908,0.8069153,9.776978,121,92
0.060928345,0.8978882,9.96373,65,93
-0.034835815,0.699173,10.145691,336,94
-0.39875793,0.39031982,10.375534,69,95
-0.45620728,0.36158752,10.296524,294,96
-0.073135376,0.58184814,9.642899,68,97
0.104034424,0.89549255,9.331665,152,98
0.2716217,1.04393,9.635727,65,99
0.115997314,0.8140869,9.96373,329,100
-0.30776978,0.44059753,10.248642,69,101
-0.43226624,0.27778625,10.279755,324,102
-0.13059998,0.3879242,9.951752,112,103
0.027420044,0.6512909,9.815292,149,104
0.16867065,0.7015686,9.714737,65,105
0.17825317,0.7279053,9.877533,155,106
0.053756714,0.5746765,10.145691,68,107
-0.094680786,0.3304596,10.035553,329,108
0.077697754,0.49327087,9.762619,69,109
0.45358276,0.8188782,9.736282,130,110
0.647522,0.9074707,10.02597,109,111
0.55892944,0.699173,10.174423,337,112
0.36021423,0.4669342,9.954147,67,113
0.33866882,0.42144775,9.6740265,341,114
0.6044159,0.5794525,9.676422,68,115
0.89172363,0.7614136,9.906265,121,116
0.9372101,0.71113586,10.1289215,69,117
0.8199005,0.4382019,10.1241455,337,118
0.6044159,0.2825775,9.913452,307,119
0.755249,0.46214294,9.709946,138,120
1.0066528,0.7733917,9.659668,69,121
1.1933899,0.87394714,9.815292,116,122
1.023407,0.75901794,10.20314,68,123
0.8246918,0.5842438,10.397079,311,124
0.78637695,0.4788971,10.0499115,74,125
0.9467926,0.7279053,9.53038,143,126
1.2508545,1.0583038,9.477707,70,127
1.1862183,1.0008392,9.793732,311,128
0.9372101,0.6417084,10.037949,324,129
0.65948486,0.4166565,10.131317,309,130
0.68821716,0.45495605,10.052307,81,131
0.95635986,0.61776733,9.889511,121,132
1.2173309,0.8356323,9.855988,79,133
1.236496,0.8284607,9.76741,90,134
0.98509216,0.71113586,9.803314,86,135
0.9324188,0.5962219,9.997253,331,136
1.1646576,0.6249542,9.970917,96,137
1.399292,0.782959,9.70755,123,138
1.6650543,0.9505615,9.53038,86,139
1.7320862,0.9553528,9.559113,90,140
1.7536316,0.8140869,9.439392,91,141
1.770401,0.7350769,9.267014,36,142
1.9691162,0.72550964,9.132935,98,143
2.0241852,0.71113586,8.690018,97,144
1.5405579,0.6656494,8.445801,273,145
1.1981812,0.39271545,9.343628,305,146
0.97792053,-0.050216675,10.636505,111,147
0.6139984,-0.16992188,11.397858,286,148
0.34344482,-0.098098755,11.256592,116,149
0.096847534,-0.112472534,10.265396,277,150
-0.046798706,0.021606445,9.51123,228,151
-0.14735413,0.074279785,9.870346,243,152
-0.15454102,-0.088516235,10.691559,119,153
-0.094680786,-0.016693115,10.916626,139,154
0.046569824,0.24427795,10.289337,120,155
0.008270264,0.431015,9.575867,190,156
-0.14735413,0.53157043,9.425034,125,157
-0.2598877,0.4094696,9.669235,322,158
-0.34846497,0.34960938,9.997253,132,159
-0.36523438,0.3304596,10.172028,338,160
-0.4011383,0.4884796,10.066681,194,161
-0.28622437,0.67523193,9.765015,152,162
-0.1952362,0.71832275,9.741074,135,163
-0.24313354,0.6129761,9.765015,337,164
-0.3101654,0.51960754,9.80571,140,165
-0.36523438,0.51242065,9.858383,281,166
-0.39157104,0.6297302,9.851196,142,167
-0.087509155,0.92422485,9.908661,133,168
-0.037231445,1.0032349,9.800919,150,169
-0.37242126,0.861969,9.587845,290,170
-0.6166229,0.73747253,9.599808,145,171
-0.5639496,0.7494507,9.664459,97,172
-0.29101562,0.9481659,9.853592,150,173
-0.025253296,1.1756134,9.76741,131,174
-0.26467896,1.1899872,9.630936,148,175
-0.6333771,0.8284607,9.78656,317,176
-0.85365295,0.49806213,9.999634,149,177
-0.877594,0.57707214,10.002029,197,178
-0.53282166,0.80929565,9.925415,125,179
-0.18806458,1.0080261,9.86557,120,180
-0.24790955,1.0966034,9.94696,157,181
-0.56874084,0.802124,9.784164,311,182
-0.95181274,0.5962219,9.755432,156,183
-0.8297119,0.7638092,9.7267,144,184
-0.501709,1.019989,9.863174,158,185
-0.30297852,1.1756134,10.277374,117,186
-0.42269897,1.0223846,10.265396,322,187
-0.63816833,0.86676025,9.894302,298,188
-0.54000854,0.996048,9.54953,160,189
-0.34368896,1.098999,9.56868,117,190
-0.4777527,1.0702667,10.047531,159,191
-0.45620728,0.9673157,10.286942,14,192
-0.4873352,0.9002838,10.10498,166,193
-0.5998688,0.92422485,9.74585,248,194
-0.36523438,1.0702667,9.559113,126,195
-0.3173523,1.1588593,9.695572,143,196
-0.3460846,1.0702667,10.114563,162,197
-0.2024231,1.0080261,10.267792,62,198
-0.13539124,1.1037903,10.088226,167,199
-0.104263306,1.1684265,9.676422,166,200
-0.099472046,1.2785645,9.262222,171,201
-0.29101562,1.2474365,9.348419,283,202
-0.35565186,1.154068,9.791351,175,203
-0.4298706,1.0175934,9.906265,335,204
-0.33650208,1.0822449,9.851196,173,205
-0.106658936,1.1708221,9.853592,110,206
-0.2527008,1.1708221,9.815292,181,207
-0.47297668,0.9864807,9.669235,307,208
-0.38917542,0.9768982,9.721909,177,209
-0.17608643,1.1397095,9.997253,121,210
-0.061172485,1.1899872,10.004425,113,211
-0.111450195,1.2067413,9.970917,248,212
-0.022857666,1.2234955,10.0451355,179,213
-0.094680786,1.2019501,10.198364,300,214
-0.113845825,1.1756134,10.2079315,173,215
-0.020462036,1.2378693,10.014008,132,216
0.13993835,1.347992,9.705154,185,217
0.13276672,1.3791199,9.659668,190,218
0.041778564,1.2809601,9.951752,326,219
-0.20002747,1.0583038,10.073868,315,220
-0.3293152,0.96492004,9.733887,174,221
-0.26228333,1.0942078,9.374756,161,222
-0.070739746,1.2402649,9.403488,177,223
-0.085113525,1.3072968,9.642899,200,224
-0.23834229,1.1397095,9.638123,172,225
-0.27903748,1.2474365,9.791351,203,226
-0.106658936,1.4437714,9.860779,136,227
-0.015686035,1.6185455,9.638123,156,228
-0.2024231,1.6975555,9.439392,170,229
-0.22157288,1.7382507,9.434616,206,230
-0.2024231,1.7789612,9.551926,168,231
-0.3173523,1.7478333,9.523193,283,232
-0.43226624,1.6161499,9.446579,164,233
-0.2527008,1.6592407,9.657272,92,234
-0.113845825,1.6951599,9.88472,160,235
-0.24073792,1.6903687,9.913452,275,236
-0.3963623,1.6927643,9.659668,255,237
-0.32452393,1.7909241,9.386719,157,238
-0.101867676,1.9585266,9.408279,168,239
-0.13059998,1.8842926,9.650085,348,240
-0.6621094,1.5275574,9.733887,164,241
-1.0763092,1.2857513,9.563889,298,242
-0.9254761,1.4581299,9.592621,156,243
-0.59747314,1.7358551,9.985275,120,244
-0.1952362,1.9226074,10.236664,108,245
0.120788574,2.1117554,10.083435,124,246
0.032211304,2.1548462,9.894302,172,247
-0.049194336,2.0327454,10.002029,331,248
0.041778564,2.035141,10.531158,166,249
0.36260986,2.0016174,10.650864,79,250
0.8175049,2.162033,10.37793,179,251
0.8175049,2.063858,10.248642,8,252
0.31472778,1.6424866,10.423416,311,253
-0.044403076,1.1516724,10.502426,325,254
0.072906494,1.1133728,10.409042,170,255
0.3650055,1.3958893,10.114563,136,256
0.7696228,1.585022,9.879929,184,257
0.944397,1.5227814,9.882324,69,258
0.6403351,1.1085815,10.095413,185,259
0.065719604,0.7207184,10.686783,307,260
-0.099472046,0.51242065,11.6779785,329,261
0.41767883,0.5459442,12.3267975,90,262
1.1335449,0.8500061,12.305252,188,263
1.2484589,1.1253357,11.941345,153,264
0.77919006,0.86676025,11.424194,187,265
-0.010894775,0.21794128,11.07225,310,266
-0.54719543,-0.12683105,11.24942,171,267
-0.37242126,-0.045425415,11.668396,113,268
0.2596588,0.27061462,11.668396,116,269
0.7049713,0.6919861,11.07225,133,270
0.79356384,0.8787384,10.243851,189,271
0.42485046,0.68959045,9.934998,296,272
0.4152832,0.5387573,10.301315,192,273
0.85102844,0.5746765,10.7729645,91,274
0.94918823,0.75424194,11.213501,195,275
1.0832672,0.7614136,11.203918,92,276
0.95635986,0.6010132,10.212723,342,277
0.15431213,0.45256042,9.106598,277,278
-0.3173523,0.34483337,8.970139,166,279
-0.111450195,0.4741211,9.714737,113,280
0.087265015,0.6057892,10.02597,172,281
-0.010894775,0.4956665,9.53038,311,282
-0.38917542,0.18920898,8.99408,161,283
-0.77464294,-0.098098755,9.104202,308,284
-1.1241913,-0.24653625,9.295746,148,285
-1.0571594,-0.059799194,9.439392,156,286
-0.5136719,0.30412292,9.532776,123,287
-0.19763184,0.6536865,9.415451,138,288
0.13276672,0.88830566,9.087448,162,289
0.35542297,0.85957336,9.020416,84,290
0.72891235,0.75901794,9.444183,179,291
0.89172363,0.68240356,9.863174,49,292
0.46076965,0.5674896,9.501648,171,293
-0.075531006,0.34483337,8.663681,290,294
-0.092300415,0.36637878,8.371582,211,295
0.47991943,1.0271759,8.57988,138,296
0.50865173,1.1420898,8.558334,161,297
-0.45620728,0.62734985,8.857605,300,298
-0.7770386,0.043151855,9.185608,137,299
-0.1401825,0.22750854,9.355606,105,300
0.9539795,1.1756134,9.197586,162,301
1.1143799,1.5419312,8.7881775,153,302
0.22373962,0.8284607,8.924637,309,303
-0.5136719,-0.040634155,9.53038,321,304
-0.4586029,-0.12922668,10.181595,129,305
0.115997314,0.42622375,10.150482,134,306
0.59724426,1.0080261,9.721909,139,307
0.13276672,0.70396423,9.709946,304,308
-0.6908417,-0.019088745,10.179199,141,309
-0.99250793,-0.28485107,10.36116,313,310
-0.6788788,-0.076553345,10.136108,124,311
-0.28862,0.28736877,9.686005,135,312
-0.37002563,0.42384338,9.422638,212,313
-0.6286011,0.2825775,9.580658,127,314
-1.1601105,-0.098098755,9.5950165,306,315
-1.2247467,-0.088516235,9.56868,263,316
-0.26228333,0.34960938,9.53038,114,317
0.58766174,0.9338074,9.62854,144,318
0.5421753,0.9984436,9.654877,218,319
-0.025253296,0.51242065,9.611786,311,320
-0.5711365,0.21794128,9.547134,299,321
-0.4873352,0.29933167,9.199982,130,322
-0.020462036,0.8476105,8.790573,141,323
0.4200592,1.2043457,8.613403,128,324
0.14952087,0.9505615,8.984497,317,325
-0.60943604,0.44299316,9.329269,117,326
-0.8297119,0.44059753,9.4561615,273,327
-0.44664,0.83802795,9.439392,136,328
-0.099472046,1.0319672,9.484894,118,329
-0.056381226,0.8763428,9.6740265,125,330
-0.68125916,0.49087524,9.731491,303,331
-0.78900146,0.4597473,9.784164,122,332
-0.38438416,0.8308563,9.743454,132,333
0.008270264,1.1037903,9.659668,112,334
0.21655273,1.2857513,10.119354,121,335
0.092056274,1.1612549,10.368347,120,336
-0.20960999,1.0391388,10.109772,288,337
-0.33171082,1.2187042,9.776978,108,338
-0.14735413,1.3887024,9.616562,136,339
0.056152344,1.450943,9.872742,96,340
0.029815674,1.0702667,10.0451355,112,341
-0.4873352,0.6057892,9.906265,312,342
-0.5376129,0.5291748,9.769791,321,343
0.034606934,0.8643646,9.551926,121,344
0.5325928,1.2354736,9.367569,127,345
0.6977997,1.2905426,9.520798,101,346
0.5038605,1.1133728,9.731491,115,347
0.3697815,0.99365234,9.872742,314,348
0.31710815,1.0415344,9.961334,133,349
0.43443298,1.0415344,9.784164,98,350
0.4990692,1.0175934,9.66684,124,351
0.28359985,0.90986633,9.918243,301,352
0.34344482,0.85957336,9.958939,47,353
0.32669067,0.9266205,9.781769,188,354
0.4559784,1.0295715,9.781769,122,355
0.5565338,1.0535126,9.96373,92,356
0.5756836,1.0104218,9.899078,128,357
0.48950195,1.0535126,9.757828,234,358
0.3362732,0.9050751,9.496857,137,359
0.31472778,0.7518463,9.45137,353,360
0.31472778,0.58903503,9.599808,135,361
0.65708923,0.58903503,9.915848,86,362
0.9252472,0.67523193,10.356369,103,363
0.9324188,0.6512909,10.545517,345,364
0.97073364,0.7350769,10.607773,150,365
1.2915497,0.9505615,10.337219,123,366
1.7895508,1.2833557,9.70755,208,367
1.770401,1.2210999,9.403488,57,368
1.8637695,0.9625244,9.714737,6,369
1.8925018,0.7566376,10.20076,346,370
1.4136658,0.4669342,10.308487,174,371
1.5525208,0.50283813,9.760223,105,372
1.8278503,0.857193,9.192795,191,373
1.5525208,0.88113403,9.2742,266,374
1.5309753,0.66085815,9.721909,197,375
1.4088745,0.61776733,9.913452,290,376
1.102417,0.69677734,9.793732,253,377
1.2556458,1.0128174,9.743454,153,378
1.3418274,1.1804047,9.53038,201,379
1.3035278,1.1875916,9.295746,189,380
0.9731293,1.0678711,9.259827,183,381
0.7121582,0.82606506,9.362778,313,382
0.8462372,0.79493713,9.5351715,183,383
1.691391,1.1588593,9.60939,112,384
1.8158875,1.1444855,9.465729,226,385
1.102417,0.61058044,9.676422,307,386
0.6211853,0.26342773,10.172028,306,387
0.7121582,0.3304596,10.21991,126,388
1.1431122,0.61776733,9.90387,211,389
1.3154907,0.72550964,9.51123,121,390
1.2245178,0.59143066,9.324478,223,391
1.0425568,0.5555115,9.4561615,283,392
0.5278015,0.29216003,9.652481,215,393
-0.22636414,-0.055007935,9.791351,295,394
-0.46099854,-0.066970825,9.987671,273,395
-0.21679688,0.24665833,9.994858,142,396
0.12797546,0.6345215,9.934998,197,397
0.017837524,0.62734985,9.870346,272,398
-0.24073792,0.40707397,9.949356,182,399
-0.4083252,0.3807373,9.920639,279,400
-0.26707458,0.4741211,10.047531,195,401
0.113601685,0.7350769,10.411438,121,402
0.15431213,0.71832275,10.533554,57,403
-0.0013122559,0.5794525,10.231873,308,404
-0.15454102,0.565094,9.98288,226,405
-0.116241455,0.5243988,10.06189,41,406
0.087265015,0.37117004,10.356369,235,407
0.19740295,0.27539062,10.394684,48,408
0.31710815,0.1461029,10.205536,253,409
0.094451904,-0.023880005,9.932602,308,410
0.020233154,-0.076553345,9.800919,259,411
0.21655273,0.004852295,9.820068,112,412
0.36260986,0.15089417,10.016403,135,413
0.67385864,0.071884155,10.095413,75,414
0.25726318,-0.23457336,10.064285,263,415
-0.52565,-0.5242615,10.088226,291,416
-0.8416748,-0.47158813,10.081039,259,417
-0.90393066,-0.122039795,10.040344,191,418
-0.9470215,0.067092896,9.923019,335,419
-0.65493774,0.17004395,10.093018,108,420
-0.4753723,0.28018188,10.052307,303,421
-0.24313354,0.5555115,9.958939,140,422
-0.101867676,0.510025,9.870346,318,423
-0.3508606,0.15089417,9.78656,325,424
-0.69802856,-0.0119018555,9.616562,329,425
-0.77464294,0.091049194,9.590225,218,426
-0.4586029,0.3975067,9.774582,132,427
-0.116241455,0.74705505,9.697968,136,428
-0.21200562,0.99365234,9.721909,325,429
-0.24790955,0.95295715,9.697968,317,430
-0.2598877,0.861969,9.860779,330,431
-0.47058105,0.62734985,9.812897,318,432
-0.48493958,0.5555115,9.427429,332,433
-0.63816833,0.49327087,9.3125,290,434
-0.75549316,0.5243988,9.566284,340,435
-0.39875793,0.7638092,9.645294,123,436
-0.17848206,0.8930969,9.575867,121,437
-0.15454102,0.75901794,9.630936,10,438
-0.51846313,0.50283813,10.265396,330,439
-0.44424438,0.431015,11.024353,45,440
0.003479004,0.75424194,11.0914,323,441
-0.022857666,0.9338074,10.411438,187,442
-0.015686035,1.0271759,9.712341,333,443
0.029815674,1.0894318,9.4561615,153,444
0.029815674,1.0726624,9.659668,0,445
-0.111450195,1.0367584,10.164841,303,446
-0.32214355,0.7350769,10.504822,337,447
-0.51127625,0.48608398,10.430603,322,448
-0.48254395,0.52679443,9.872742,337,449
-0.26707458,0.67762756,9.314896,133,450
-0.1736908,0.71113586,9.140121,330,451
-0.030044556,0.8188782,9.537567,116,452
0.26445007,0.9625244,10.071472,325,453
0.35542297,0.94577026,10.004425,83,454
0.37696838,0.84521484,9.700363,24,455
-0.097076416,0.5220032,9.587845,304,456
-0.39157104,0.15808105,9.774582,329,457
-0.17848206,0.36158752,10.097809,131,458
0.21417236,0.6225586,10.21991,323,459
0.118392944,0.5507355,10.188782,307,460
-0.063568115,0.44059753,9.949356,330,461
-0.28622437,0.35440063,9.6740265,289,462
-0.24073792,0.48368835,9.633331,161,463
-0.042007446,0.7063446,9.817688,136,464
0.26922607,0.8500061,9.882324,324,465
0.592453,0.93141174,10.04274,101,466
0.2381134,0.7279053,9.990067,320,467
-0.28862,0.4022827,9.681213,301,468
-0.3963623,0.29693604,9.319687,328,469
0.060928345,0.55311584,9.269409,119,470
0.44161987,0.8212738,9.808105,121,471
0.38415527,0.778183,10.29892,317,472
-0.020462036,0.5172119,10.277374,326,473
0.013046265,0.56988525,9.951752,154,474
0.21894836,0.7446594,9.54953,323,475
0.27401733,0.77578735,9.415451,125,476
0.31472778,0.72550964,9.872742,17,477
0.30993652,0.6584625,10.330048,350,478
0.3075409,0.64889526,10.368347,319,479
0.10643005,0.50523376,10.10498,304,480
-0.077926636,0.33525085,9.645294,323,481
-0.3388977,0.17723083,9.487274,301,482
-0.19763184,0.39988708,9.635727,326,483
0.060928345,0.8691559,9.927811,149,484
0.13516235,0.83325195,10.114563,320,485
-0.022857666,0.66804504,10.255814,318,486
-0.101867676,0.57707214,10.0451355,315,487
0.027420044,0.6153717,9.721909,114,488
0.010650635,0.66085815,9.659668,319,489
0.046569824,0.66085815,9.765015,78,490
0.10643005,0.7063446,9.906265,318,491
0.120788574,0.7015686,10.033157,43,492
0.022628784,0.71832275,10.097809,323,493
-0.020462036,0.66804504,9.891907,310,494
-0.058776855,0.64649963,9.597412,273,495
-0.15214539,0.5507355,9.54953,315,496
-0.101867676,0.6034088,9.642899,326,497
-0.013290405,0.67523193,9.686005,127,498
0.010650635,0.6345215,9.590225,319,499
-0.18806458,0.42861938,9.604599,317,500
-0.2191925,0.41426086,10.006821,317,501
0.14712524,0.5746765,10.093018,113,502
0.3865509,0.7422638,9.815292,315,503
0.27641296,0.699173,9.717117,289,504
-0.027648926,0.42144775,10.0499115,314,505
-0.19763184,0.21315002,10.119354,322,506
0.070510864,0.45735168,9.834442,318,507
0.3290863,0.70874023,9.78656,134,508
0.28359985,0.7303009,10.052307,318,509
0.31950378,0.7135315,10.279755,41,510
0.23092651,0.62734985,10.169632,321,511
0.063323975,0.5579071,9.88472,288,512
-0.015686035,0.4884796,9.520798,303,513
0.18544006,0.66804504,9.37236,132,514
0.21177673,0.68959045,9.755432,319,515
-0.044403076,0.41186523,10.272583,320,516
-0.27903748,0.17723083,10.162445,313,517
-0.16651917,0.272995,9.678818,136,518
0.029815674,0.42144775,9.250259,317,519
-0.013290405,0.5172119,9.429825,207,520
-0.037231445,0.53396606,9.877533,289,521
-0.0061035156,0.64889526,10.016403,163,522
0.14712524,0.8188782,9.78656,323,523
0.104034424,0.9122467,9.784164,205,524
0.075302124,0.77578735,9.829651,323,525
0.099243164,0.70874023,10.028366,15,526
0.113601685,0.56269836,10.04274,318,527
-0.0061035156,0.4166565,9.90387,320,528
-0.018066406,0.34243774,10.083435,318,529
-0.116241455,0.26582336,10.284546,311,530
-0.1329956,0.21315002,10.334824,318,531
-0.077926636,0.28736877,10.114563,146,532
-0.0037078857,0.44778442,9.70755,319,533
0.008270264,0.56988525,9.60939,174,534
0.017837524,0.5243988,9.714737,327,535
0.065719604,0.5148163,9.899078,67,536
0.13993835,0.52679443,10.066681,92,537
0.24049377,0.5579071,9.949356,109,538
0.10643005,0.38552856,9.690796,309,539
-0.080322266,0.26582336,9.7530365,304,540
0.017837524,0.37834167,9.9661255,313,541
0.33387756,0.5291748,10.186386,114,542
0.5613251,0.6728363,10.20076,308,543
0.5158386,0.59143066,9.961334,334,544
0.058547974,0.35440063,9.820068,297,545
-0.121017456,0.28497314,9.923019,293,546
0.12797546,0.4166565,9.894302,316,547
0.31472778,0.6034088,9.76741,135,548
0.5493469,0.80929565,9.702759,313,549
0.6187897,0.85479736,9.561508,126,550
0.36740112,0.6728363,9.571075,316,551
-0.1689148,0.268219,9.580658,308,552
-0.2311554,0.25144958,9.518402,316,553
0.37457275,0.5866394,9.80571,118,554
0.65708923,0.7326813,10.253433,113,555
0.38415527,0.50045776,10.579041,311,556
-0.075531006,0.17723083,10.471298,314,557
-0.2598877,0.119766235,10.148087,286,558
-0.082717896,0.29933167,9.803314,323,559
0.22373962,0.56030273,9.6141815,131,560
0.49189758,0.7853546,9.736282,313,561
0.45118713,0.7614136,10.030762,311,562
0.27641296,0.5674896,10.179199,319,563
0.25247192,0.5172119,10.016403,335,564
0.4368286,0.66085815,9.86557,317,565
0.56611633,0.64889526,9.894302,83,566
0.4272461,0.48368835,9.798523,311,567
0.21417236,0.42622375,9.803314,286,568
0.077697754,0.4597473,9.757828,313,569
0.115997314,0.5172119,9.626144,148,570
0.34584045,0.6345215,9.64769,116,571
0.4487915,0.6081848,9.78656,69,572
0.28599548,0.59861755,10.059494,311,573
0.2093811,0.5387573,10.081039,309,574
0.113601685,0.41905212,9.741074,319,575
0.020233154,0.5148163,9.5950165,222,576
0.30514526,0.6800232,9.8871155,315,577
0.47273254,0.75424194,10.119354,109,578
0.5325928,0.73986816,9.94696,88,579
0.30514526,0.6153717,9.724304,297,580
0.115997314,0.4597473,9.74585,312,581
0.14233398,0.37594604,9.927811,14,582
0.221344,0.46932983,10.059494,313,583
0.32429504,0.5746765,10.10498,135,584
0.42964172,0.6153717,9.987671,311,585
0.47991943,0.6871948,9.844025,144,586
0.4272461,0.6847992,9.882324,276,587
0.43922424,0.62734985,9.923019,9,588
0.45358276,0.6249542,9.925415,315,589
0.5469513,0.6225586,9.94458,87,590
0.63075256,0.64649963,10.021194,312,591
0.6259613,0.64889526,9.891907,162,592
0.5158386,0.6417084,9.662064,306,593
0.5349884,0.66085815,9.60939,135,594
0.5709076,0.6536865,9.690796,67,595
0.513443,0.6297302,9.851196,298,596
0.52301025,0.6010132,9.997253,313,597
0.51104736,0.55311584,10.04274,345,598
0.5469513,0.58184814,10.021194,307,599
0.5349884,0.5387573,9.913452,351,600
0.4559784,0.5291748,9.731491,310,601
0.4775238,0.58184814,9.705154,157,602
0.45118713,0.5507355,9.8871155,310,603
0.45358276,0.4956665,10.06189,356,604
0.53977966,0.56030273,9.94696,127,605
0.43922424,0.6057892,9.700363,236,606
0.33148193,0.61058044,9.6740265,310,607
0.31950378,0.6704407,9.82486,199,608
0.48950195,0.71113586,9.997253,312,609
0.52301025,0.6584625,10.162445,21,610
0.3506317,0.48368835,10.239059,308,611
0.29556274,0.37594604,10.081039,334,612
0.33866882,0.39031982,9.987671,111,613
0.47273254,0.42384338,10.081039,102,614
0.6331482,0.5243988,10.160049,309,615
0.68582153,0.6057892,9.918243,144,616
0.58766174,0.5794525,9.621353,311,617
0.4990692,0.4956665,9.671631,314,618
0.4487915,0.43580627,9.90387,307,619
0.26922607,0.38313293,9.920639,287,620
0.26205444,0.3975067,9.750641,187,621
0.38175964,0.7350769,9.714737,160,622
0.59962463,0.99365234,9.6189575,307,623
0.4559784,0.9290161,9.551926,293,624
0.065719604,0.6584625,9.729095,319,625
-0.14974976,0.45256042,9.961334,316,626
-0.061172485,0.46214294,10.009216,321,627
0.18544006,0.5579071,9.94696,111,628
0.20458984,0.61776733,9.844025,320,629
0.099243164,0.5794525,9.599808,283,630
-0.039627075,0.5938263,9.436996,261,631
0.20219421,0.67762756,9.334045,110,632
0.40090942,0.63931274,9.508835,320,633
0.1519165,0.48368835,10.088226,306,634
0.058547974,0.44778442,10.217514,322,635
0.2716217,0.7207184,9.724304,143,636
0.21894836,0.71113586,9.420242,254,637
-0.29580688,0.3879242,9.578262,303,638
-0.51846313,0.19400024,10.054703,339,639
-0.3867798,0.3807373,10.468903,139,640
-0.23594666,0.49327087,10.394684,336,641
-0.30297852,0.48608398,9.961334,261,642
-0.4011383,0.4022827,9.573471,340,643
-0.53282166,0.21794128,9.62854,326,644
-0.5160675,0.103012085,9.94696,15,645
-0.38438416,0.1461029,10.088226,106,646
-0.3460846,0.19638062,10.004425,334,647
-0.2527008,0.122161865,9.836838,51,648
-0.4179077,0.091049194,9.774582,336,649
-0.54959106,0.012039185,9.867966,303,650
-0.4011383,0.059921265,9.956543,338,651
-0.2191925,0.15568542,10.069077,117,652
-0.33410645,0.052734375,10.318069,315,653
-0.35325623,-0.066970825,10.588608,356,654
-0.32214355,-0.059799194,10.583832,340,655
-0.37002563,-0.112472534,10.452148,316,656
-0.48973083,-0.19865417,10.239059,347,657
-0.4250946,-0.18908691,10.018799,95,658
-0.37242126,-0.009521484,10.107376,349,659
-0.13778687,0.2394867,10.327652,135,660
0.24528503,0.56269836,10.02597,345,661
0.3650055,0.71832275,9.5399475,144,662
0.13276672,0.58184814,9.422638,300,663
0.17346191,0.44299316,9.492065,15,664
0.19740295,0.49806213,9.575867,351,665
0.17585754,0.6153717,9.808105,195,666
-0.025253296,0.59861755,9.855988,354,667
-0.40353394,0.45495605,9.475311,288,668
-0.6142273,0.4597473,9.178436,3,669
-0.56155396,0.45256042,9.408279,74,670
-0.55436707,0.42384338,9.961334,36,671
-0.7075958,0.347229,10.380325,307,672
-0.6429596,0.43580627,10.413834,3,673
-0.5160675,0.6871948,10.241455,155,674
-0.34129333,0.9888611,10.107376,2,675
-0.17848206,1.209137,9.958939,145,676
-0.030044556,1.2450409,9.626144,2,677
-0.48973083,1.098999,9.429825,285,678
-0.6286011,1.0008392,9.458557,8,679
-0.6238098,1.0175934,9.664459,75,680
-0.57592773,1.0032349,9.908661,58,681
-0.63816833,0.9840851,9.810501,279,682
-0.6740875,0.83325195,9.5950165,13,683
-0.75787354,0.6249542,9.803314,344,684
-0.6286011,0.58184814,10.267792,12,685
-0.31495667,0.8715515,10.303711,132,686
-0.118621826,1.0559082,9.906265,9,687
-0.31974792,0.93618774,9.798523,299,688
-0.5711365,0.76860046,9.779373,14,689
-0.56155396,0.8308563,9.678818,176,690
-0.2191925,1.0343628,9.74585,6,691
0.17346191,1.3455963,10.059494,124,692
0.30993652,1.4365845,10.006821,1,693
0.221344,1.3695526,9.6884,285,694
0.16627502,1.2953186,9.527985,315,695
0.034606934,1.1516724,9.738678,322,696
-0.18327332,0.90267944,10.195969,11,697
-0.24790955,0.7422638,10.306091,340,698
-0.26467896,0.8643646,10.004425,9,699
-0.109054565,1.0583038,9.542343,148,700
-0.29818726,1.1373138,9.487274,8,701
-0.34368896,1.1899872,9.841629,254,702
-0.111450195,1.312088,9.908661,6,703
-0.0084991455,1.3767242,9.755432,129,704
-0.24552917,1.1660461,9.702759,311,705
-0.36044312,1.0415344,9.86557,323,706
-0.25030518,1.1804047,9.980484,8,707
0.041778564,1.3839111,10.138504,121,708
0.1519165,1.4653168,10.222305,3,709
0.17825317,1.4940491,10.097809,148,710
0.15431213,1.4078522,9.870346,2,711
0.008270264,1.2546234,9.822464,315,712
-0.051589966,1.098999,9.693176,337,713
0.036987305,1.1277313,9.662064,109,714
0.068115234,1.1612549,9.798523,4,715
0.020233154,1.1516724,9.769791,278,716
0.063323975,1.2402649,9.5351715,7,717
0.118392944,1.2713776,9.2981415,137,718
-0.080322266,1.1756134,9.374756,6,719
-0.099472046,1.1804047,9.623749,328,720
-0.116241455,1.154068,9.616562,327,721
-0.21440125,1.1492767,9.659668,276,722
-0.053985596,1.2594147,9.90387,4,723
-0.042007446,1.2354736,10.021194,18,724
-0.015686035,1.1899872,9.769791,5,725
-0.042007446,1.1229401,9.480103,320,726
0.017837524,1.1947632,9.650085,4,727
0.16149902,1.1013947,10.011612,46,728
0.21894836,1.1588593,10.234268,121,729
0.3650055,1.2977142,9.899078,138,730
0.25247192,1.4006653,9.403488,2,731
0.099243164,1.3743286,9.29335,274,732
-0.049194336,1.2857513,9.697968,6,733
-0.097076416,1.1516724,10.164841,347,734
0.022628784,1.1588593,10.382706,3,735
0.18304443,1.2402649,10.186386,122,736
0.19979858,1.2426605,9.623749,2,737
-0.0084991455,1.1373138,9.513611,294,738
-0.030044556,0.996048,9.951752,354,739
0.022628784,0.8978882,10.253433,22,740
0.013046265,0.9792938,10.093018,7,741
0.092056274,1.0606995,9.796127,144,742
0.18304443,1.2067413,9.578262,5,743
0.17585754,1.2546234,9.458557,185,744
0.075302124,1.1947632,9.70755,312,745
0.080093384,1.1157532,10.035553,1,746
-0.0013122559,1.04393,10.109772,4,747
-0.073135376,1.0175934,9.954147,279,748
-0.039627075,1.0535126,9.803314,5,749
-0.101867676,1.0702667,9.671631,244,750
-0.25749207,1.0056305,9.738678,7,751
-0.36044312,0.8284607,9.870346,333,752
-0.14735413,1.0319672,9.930206,132,753
0.14472961,1.1971588,9.956543,118,754
0.010650635,1.1660461,9.808105,6,755
-0.34129333,0.9338074,9.693176,302,756
-0.4657898,0.75424194,9.604599,10,757
-0.24552917,0.84521484,9.724304,109,758
0.25247192,1.1995544,9.9661255,2,759
0.1638794,1.2809601,9.994858,230,760
-0.19763184,1.019989,9.810501,7,761
-0.37480164,0.8691559,9.750641,310,762
-0.2718506,0.90986633,9.846405,106,763
0.056152344,1.1444855,10.028366,122,764
0.1878357,1.1804047,10.064285,4,765
0.029815674,1.1037903,10.093018,297,766
-0.0037078857,1.0080261,9.88472,3,767
0.1303711,1.1037903,9.559113,133,768
0.032211304,1.0942078,9.621353,4,769
-0.073135376,0.9074707,9.980484,335,770
-0.061172485,0.8978882,10.160049,27,771
0.072906494,0.9577484,10.004425,118,772
0.13276672,1.0559082,9.839233,4,773
0.14712524,1.0870361,9.633331,162,774
0.087265015,1.1109772,9.80571,3,775
-0.065963745,0.9505615,10.0451355,321,776
-0.070739746,0.90986633,10.1839905,7,777
0.068115234,1.0630951,9.968521,141,778
0.051361084,1.1061859,9.616562,191,779
-0.032440186,1.0726624,9.597412,291,780
-0.111450195,0.97450256,9.712341,8,781
-0.13539124,0.9673157,9.839233,312,782
0.032211304,1.0463257,9.939789,3,783
-0.121017456,1.0080261,9.563889,6,784
-0.092300415,1.0535126,9.676422,137,785
-0.049194336,1.0894318,9.791351,7,786
-0.20960999,1.0151978,9.88472,298,787
-0.32214355,0.91464233,10.078644,318,788
-0.068344116,1.0104218,10.1839905,108,789
0.15670776,1.2234955,10.016403,1,790
0.1878357,1.2594147,9.796127,150,791
0.044174194,1.1971588,9.604599,3,792
-0.111450195,1.1564636,9.714737,290,793
-0.077926636,1.0942078,9.836838,8,794
-0.121017456,1.0343628,9.781769,321,795
-0.106658936,1.1037903,9.894302,7,796
0.036987305,1.130127,9.954147,97,797
-0.027648926,1.130127,9.829651,6,798
-0.1329956,1.1229401,9.760223,270,799
-0.3005829,1.019989,9.635727,8,800
-0.3460846,1.0463257,9.626144,240,801
-0.106658936,1.1373138,9.896683,3,802
-0.051589966,1.0846405,9.990067,41,803
-0.33171082,0.94577026,9.932602,296,804
-0.4083252,0.9074707,9.86557,293,805
-0.3293152,0.9912567,9.779373,10,806
-0.075531006,1.1588593,9.695572,124,807
0.092056274,1.257019,9.606995,6,808
-0.073135376,1.1923676,9.697968,295,809
-0.14974976,1.1085815,9.872742,7,810
-0.15214539,1.0391388,9.934998,359,811
-0.020462036,1.1037903,9.815292,120,812
0.19021606,1.1899872,9.571075,118,813
0.070510864,1.178009,9.60939,3,814
-0.17129517,1.0415344,9.863174,305,815
-0.1952362,0.95295715,9.879929,5,816
-0.039627075,0.9888611,9.781769,106,817
0.044174194,1.019989,9.78656,1,818
0.13993835,1.0966034,9.717117,130,819
0.16149902,1.2354736,9.750641,171,820
0.123184204,1.1708221,9.86557,333,821
0.123184204,1.1229401,9.978088,3,822
0.1806488,1.1756134,10.040344,128,823
0.21894836,1.1636505,9.994858,0,824
0.17346191,1.1564636,9.992462,279,825
0.12557983,1.0822449,10.076248,0,826
-0.039627075,0.9385834,10.119354,312,827
-0.097076416,0.9074707,10.037949,293,828
-0.065963745,0.92422485,9.927811,131,829
-0.018066406,0.98168945,9.810501,4,830
-0.010894775,1.04393,9.657272,174,831
-0.082717896,1.0008392,9.56868,8,832
-0.046798706,1.0008392,9.597412,85,833
0.10882568,1.0918121,9.702759,6,834
0.19021606,1.1684265,9.863174,126,835
0.18544006,1.1516724,9.889511,3,836
0.13516235,1.0583038,9.76741,329,837
0.099243164,1.075058,9.779373,247,838
0.38894653,1.209137,9.978088,110,839
0.45358276,1.2546234,10.064285,1,840
0.3290863,1.1133728,9.994858,318,841
0.33866882,1.0415344,9.88472,2,842
0.43203735,1.0391388,9.762619,95,843
0.5158386,1.0008392,9.702759,0,844
0.53019714,0.9122467,9.817688,4,845
0.56851196,0.8476105,9.970917,20,846
0.6139984,0.88352966,9.839233,131,847
0.57328796,0.857193,9.678818,1,848
0.4368286,0.8116913,9.683609,289,849
0.45837402,0.88352966,9.659668,3,850
0.6187897,0.9984436,9.43222,128,851
0.86299133,1.051117,9.255051,105,852
0.7025757,0.9697113,9.365173,299,853
0.53019714,0.92422485,9.956543,296,854
0.62358093,0.9792938,10.36116,6,855
0.83425903,1.1851959,10.344406,134,856
0.89172363,1.343216,10.365952,160,857
0.72891235,1.2785645,10.409042,6,858
0.4200592,1.0966034,10.270187,299,859
0.19740295,1.0223846,10.059494,284,860
0.14952087,0.99365234,10.011612,297,861
0.113601685,0.9385834,9.956543,325,862
0.048965454,0.9338074,9.923019,272,863
0.051361084,0.8500061,9.867966,1,864
-0.042007446,0.73747253,9.970917,15,865
-0.022857666,0.7326813,9.990067,72,866
0.080093384,0.8284607,9.88472,15,867
0.053756714,0.96014404,9.8871155,192,868
0.104034424,1.0966034,9.810501,17,869
0.21177673,1.2306824,9.750641,142,870
0.23092651,1.2378693,9.654877,131,871
0.14712524,1.1564636,9.731491,317,872
0.044174194,0.93618774,9.846405,18,873
-0.1689148,0.80451965,9.712341,300,874
-0.530426,0.7638092,9.446579,23,875
-0.87280273,0.8356323,9.319687,258,876
-0.87519836,0.90986633,9.482498,26,877
-0.5998688,0.84521484,9.949356,71,878
-0.4083252,0.5459442,10.392288,25,879
-0.4370575,0.45256042,10.291733,340,880
0.115997314,0.82366943,9.949356,125,881
0.68582153,1.3575745,9.925415,18,882
0.91326904,1.5754547,10.198364,130,883
0.8605957,1.2666016,10.248642,350,884
0.29795837,0.9912567,9.908661,294,885
0.24768066,0.9888611,9.513611,25,886
0.46316528,1.0415344,9.386719,106,887
0.5278015,0.9577484,9.54953,29,888
0.19021606,0.64889526,9.781769,314,889
-0.37480164,0.46214294,10.04274,38,890
-0.37480164,0.26342773,10.205536,1,891
-0.20481873,0.30651855,10.126526,38,892
-0.15214539,0.3879242,10.035553,148,893
-0.2694702,0.4094696,9.939789,39,894
-0.27903748,0.45256042,9.774582,196,895
-0.36283875,0.50283813,9.551926,237,896
-0.37002563,0.5722809,9.496857,188,897
-0.19285583,0.7207184,9.516006,42,898
-0.030044556,0.83802795,9.343628,129,899
0.010650635,0.79733276,9.197586,41,900
-0.013290405,0.6153717,9.422638,354,901
-0.121017456,0.5938263,9.827255,47,902
-0.25509644,0.8763428,10.035553,207,903
0.16149902,1.288147,10.284546,42,904
0.4272461,1.257019,10.674805,72,905
-0.1329956,0.9385834,11.203918,51,906
-0.27664185,0.6632538,11.531937,336,907
0.022628784,0.8787384,11.112946,129,908
0.7121582,1.4365845,9.82486,43,909
1.1718445,1.8675385,8.553543,137,910
0.4990692,1.4150391,8.148926,300,911
-0.8704071,0.70396423,8.644516,301,912
-1.4234619,0.9864807,9.37236,246,913
-0.93026733,1.6233368,10.126526,132,914
-0.5711365,1.3887024,10.849579,57,915
-1.0787048,0.8763428,11.630096,323,916
-1.1194,0.7326813,11.718674,63,917
-0.75787354,1.178009,10.602982,153,918
0.046569824,1.8507843,9.147308,53,919
0.5565338,2.1859741,8.373978,132,920
0.13516235,2.1165314,8.651703,288,921
-0.36763,1.8029022,9.2430725,312,922
-0.47058105,1.5108032,8.927032,57,923
-0.48254395,1.3575745,8.311722,318,924
-0.38438416,1.3767242,8.690018,60,925
-0.2718506,1.3336334,9.961334,34,926
-0.42269897,1.1612549,10.684387,65,927
-0.54000854,1.0032349,10.37793,314,928
-0.29341125,1.2689819,9.283768,152,929
-0.061172485,1.7047272,8.704376,157,930
0.28599548,2.0016174,9.2981415,57,931
0.11122131,1.8005066,10.179199,333,932
-0.3795929,1.4365845,10.28215,67,933
-0.4657898,1.312088,9.721909,294,934
-0.58309937,1.3096924,9.257431,68,935
-0.506485,1.257019,9.420242,49,936
-0.4011383,1.2666016,9.875137,68,937
-0.44664,1.3455963,10.215118,223,938
-0.48254395,1.3288422,10.222305,68,939
-0.38917542,1.4054565,9.762619,152,940
-0.2598877,1.6760101,9.6740265,69,941
-0.092300415,1.8555756,9.992462,124,942
-0.121017456,1.6807861,10.258209,71,943
-0.32452393,1.470108,10.629318,324,944
-0.45620728,1.2929382,10.416229,317,945
-0.5567627,1.3192749,9.820068,233,946
-0.44664,1.3623657,9.571075,75,947
-0.4753723,1.450943,9.817688,199,948
-0.70521545,1.3934937,9.949356,76,949
-0.61901855,1.422226,9.724304,130,950
-0.23834229,1.6616364,9.554321,71,951
-0.0013122559,1.687973,9.43222,101,952
-0.23355103,1.5419312,9.504044,305,953
-0.4083252,1.3049011,9.640503,327,954
-0.2694702,1.2474365,9.64769,76,955
-0.2814331,1.1588593,9.66684,353,956
-0.44184875,0.93141174,9.714737,80,957
-0.6214142,0.88591003,9.604599,282,958
-0.6836548,1.1899872,9.422638,78,959
-0.21440125,1.6233368,9.7267,128,960
0.19021606,1.7717743,10.370743,74,961
0.30514526,1.8842926,10.7131195,115,962
0.4703369,2.071045,10.181595,146,963
0.31233215,2.1333008,9.441788,211,964
0.123184204,1.93219,9.204773,70,965
-0.015686035,1.7095184,9.499252,333,966
-0.063568115,1.5179901,9.94458,74,967
-0.022857666,1.4916534,10.143295,36,968
0.15431213,1.5706635,9.676422,74,969
-0.109054565,1.5778351,9.348419,258,970
-0.40353394,1.3527832,9.638123,314,971
-0.5352173,1.2210999,10.114563,331,972
-0.30776978,1.4198303,10.270187,74,973
-0.030044556,1.6185455,10.0451355,129,974
0.039382935,1.719101,9.690796,74,975
-0.18087769,1.5970001,9.484894,292,976
-0.1904602,1.5610809,9.573471,74,977
-0.12580872,1.5419312,9.793732,51,978
-0.113845825,1.4820709,9.896683,10,979
-0.0061035156,1.474884,9.741074,98,980
0.039382935,1.5108032,9.592621,71,981
0.041778564,1.4844666,9.494461,14,982
-0.082717896,1.3623657,9.477707,78,983
-0.29818726,1.178009,9.523193,312,984
-0.26228333,1.2713776,9.793732,77,985
0.221344,1.6592407,9.94696,126,986
0.5038605,1.9202118,9.923019,72,987
0.48950195,1.8962708,9.90387,326,988
0.3218994,1.7214966,9.90387,75,989
0.21655273,1.608963,9.822464,314,990
0.41288757,1.6281128,9.779373,73,991
0.379364,1.5634766,9.937393,336,992
0.24528503,1.4581299,10.157654,79,993
0.13516235,1.4054565,10.150482,295,994
0.14712524,1.4677124,9.762619,171,995
0.16627502,1.553894,9.39151,169,996
0.38894653,1.640091,9.527985,70,997
0.3218994,1.6041718,9.882324,320,998
0.13276672,1.5730591,9.987671,75,999
0.08248901,1.5634766,9.714737,235,1000
0.094451904,1.5874176,9.6189575,74,1001
0.094451904,1.4844666,9.822464,0,1002
0.025024414,1.3934937,10.047531,330,1003
-0.020462036,1.3527832,10.081039,315,1004
-0.049194336,1.3839111,9.815292,79,1005
0.070510864,1.4317932,9.458557,129,1006
0.048965454,1.4988403,9.415451,74,1007
-0.042007446,1.4317932,9.769791,323,1008
0.013046265,1.4485474,9.999634,79,1009
0.048965454,1.5251617,9.606995,164,1010
0.089660645,1.6161499,9.226318,77,1011
0.051361084,1.5131989,9.463333,345,1012
0.087265015,1.5227814,9.923019,27,1013
0.1591034,1.5514984,10.078644,93,1014
0.1591034,1.5610809,9.863174,77,1015
0.039382935,1.5179901,9.733887,281,1016
0.101638794,1.4964447,9.776978,76,1017
0.21177673,1.5443268,9.853592,107,1018
0.1638794,1.5395355,9.88472,72,1019
0.120788574,1.4653168,9.927811,332,1020
0.12557983,1.4892578,9.992462,164,1021
0.18304443,1.5179901,9.834442,130,1022
0.10882568,1.5203857,9.695572,74,1023
0.039382935,1.4533386,9.7267,316,1024
0.17346191,1.5155945,9.769791,73,1025
0.25726318,1.5706635,9.719513,126,1026
0.26922607,1.5514984,9.731491,74,1027
0.14952087,1.4796753,9.808105,305,1028
0.001083374,1.4293976,9.8320465,290,1029
0.053756714,1.5155945,9.676422,153,1030
0.21177673,1.6065674,9.5399475,74,1031
0.22853088,1.5826263,9.66684,17,1032
0.16867065,1.529953,9.860779,76,1033
0.080093384,1.4892578,9.803314,290,1034
0.075302124,1.4413757,9.695572,75,1035
0.120788574,1.446167,9.721909,90,1036
0.092056274,1.4102478,9.863174,74,1037
0.022628784,1.3958893,9.970917,293,1038
0.027420044,1.4389801,9.958939,173,1039
0.017837524,1.4485474,9.80571,197,1040
0.013046265,1.4844666,9.700363,75,1041
0.17346191,1.6137543,9.769791,126,1042
0.27641296,1.6496735,9.731491,72,1043
0.101638794,1.5108032,9.62854,305,1044
-0.15933228,1.3216553,9.729095,308,1045
-0.24073792,1.2067413,9.841629,329,1046
-0.068344116,1.3455963,9.844025,73,1047
0.063323975,1.4964447,9.829651,138,1048
0.18304443,1.5634766,9.913452,72,1049
0.19021606,1.5730591,9.925415,137,1050
0.15431213,1.5730591,9.853592,71,1051
0.19021606,1.5514984,9.736282,85,1052
0.104034424,1.4078522,9.676422,328,1053
-0.073135376,1.3575745,9.8320465,293,1054
-0.037231445,1.3695526,9.94458,76,1055
0.089660645,1.5131989,9.992462,136,1056
0.21894836,1.664032,9.877533,73,1057
0.12557983,1.6496735,9.6884,259,1058
-0.097076416,1.4605255,9.669235,74,1059
-0.109054565,1.3982697,9.769791,352,1060
0.077697754,1.4772797,9.738678,74,1061
0.25247192,1.529953,9.721909,107,1062
0.26922607,1.5706635,9.736282,156,1063
0.094451904,1.4892578,9.604599,290,1064
-0.111450195,1.3934937,9.532776,77,1065
-0.025253296,1.4365845,9.705154,101,1066
0.089660645,1.5586853,9.908661,72,1067
0.14712524,1.6065674,9.978088,122,1068
-0.0061035156,1.4437714,9.870346,76,1069
-0.080322266,1.288147,9.662064,330,1070
0.0154418945,1.4030609,9.542343,143,1071
0.16627502,1.529953,9.781769,120,1072
0.21417236,1.5323486,10.066681,74,1073
0.051361084,1.4940491,9.877533,274,1074
0.1926117,1.5586853,9.599808,73,1075
0.2596588,1.6736145,9.590225,149,1076
0.3218994,1.664032,9.815292,74,1077
0.32429504,1.5227814,9.870346,0,1078
0.22373962,1.4772797,9.913452,297,1079
0.10643005,1.391098,9.956543,308,1080
0.065719604,1.422226,9.779373,75,1081
0.15670776,1.5371399,9.616562,146,1082
0.21177673,1.5634766,9.635727,71,1083
0.046569824,1.4389801,9.858383,314,1084
-0.116241455,1.3144836,9.915848,77,1085
-0.065963745,1.371933,9.848801,143,1086
0.022628784,1.4533386,9.788956,74,1087
0.034606934,1.474884,9.810501,146,1088
-0.010894775,1.5012207,9.891907,254,1089
-0.042007446,1.4485474,9.90387,331,1090
0.070510864,1.4389801,9.774582,80,1091
0.17585754,1.427002,9.8871155,74,1092
-0.022857666,1.2378693,10.1241455,76,1093
-0.27424622,1.1205444,10.145691,296,1094
-0.31495667,1.209137,9.978088,78,1095
0.032211304,1.5012207,9.925415,130,1096
0.29078674,1.7478333,9.836838,71,1097
0.115997314,1.687973,9.472916,269,1098
-0.013290405,1.6472778,9.1521,72,1099
0.10882568,1.5874176,9.183212,62,1100
0.30514526,1.5730591,9.626144,72,1101
0.33148193,1.4413757,10.059494,3,1102
0.075302124,1.3336334,10.035553,77,1103
0.029815674,1.2713776,9.693176,292,1104
0.060928345,1.2953186,9.4609375,149,1105
0.020233154,1.2666016,9.480103,308,1106
0.14712524,1.3312378,9.630936,78,1107
0.28120422,1.474884,9.939789,127,1108
0.34106445,1.427002,9.937393,72,1109
0.27641296,1.3839111,9.702759,280,1110
0.48231506,1.4485474,9.566284,72,1111
0.34823608,1.5730591,9.755432,237,1112
0.25247192,1.5131989,9.901474,310,1113
0.18544006,1.474884,9.997253,307,1114
0.1303711,1.3839111,10.112167,72,1115
0.104034424,1.4892578,10.294128,200,1116
0.15431213,1.5826263,10.059494,71,1117
0.26683044,1.5562897,9.82486,94,1118
0.096847534,1.4341888,9.882324,72,1119
0.065719604,1.2929382,9.975693,349,1120
0.120788574,1.3455963,9.990067,132,1121
0.19021606,1.3384247,9.90387,93,1122
0.099243164,1.1708221,9.791351,75,1123
-0.17129517,1.0032349,9.714737,301,1124
-0.21200562,1.0008392,9.796127,77,1125
0.041778564,1.1708221,9.930206,121,1126
0.17825317,1.2450409,9.858383,73,1127
0.115997314,1.2450409,9.70755,253,1128
0.094451904,1.2785645,9.875137,72,1129
0.16149902,1.4198303,9.994858,152,1130
0.3650055,1.6257324,9.671631,139,1131
0.50146484,1.6688232,9.379547,121,1132
0.4080963,1.5227814,9.453766,69,1133
0.22853088,1.4126434,9.623749,306,1134
0.14472961,1.3240509,9.686005,73,1135
0.072906494,1.2043457,9.695572,330,1136
0.115997314,1.2282867,9.652481,77,1137
0.118392944,1.130127,9.575867,2,1138
-0.20481873,0.97210693,9.484894,295,1139
-0.15693665,1.0463257,9.4561615,148,1140
0.16627502,1.2163239,9.458557,77,1141
0.42964172,1.3575745,9.262222,121,1142
0.2931671,1.3527832,9.310104,73,1143
-0.121017456,0.94337463,9.717117,318,1144
-0.506485,0.62016296,10.114563,77,1145
-0.097076416,0.8907013,10.236664,122,1146
0.53019714,1.4054565,10.100204,129,1147
0.66667175,1.5323486,9.80571,137,1148
0.21177673,1.1133728,9.705154,76,1149
0.017837524,0.85479736,9.829651,325,1150
0.123184204,0.9792938,10.081039,82,1151
0.5254059,1.2666016,10.370743,122,1152
0.75764465,1.2953186,10.150482,102,1153
0.9755249,1.3312378,9.90387,105,1154
0.968338,1.3743286,9.836838,79,1155
1.0186157,1.2210999,9.812897,19,1156
0.9539795,0.8643646,10.037949,87,1157
0.31950378,0.34960938,10.516785,310,1158
0.30514526,0.4669342,10.672409,93,1159
0.78637695,0.98168945,10.286942,136,1160
1.0401611,1.2067413,9.664459,91,1161
0.8127136,1.0846405,9.2981415,292,1162
0.6546936,0.90986633,9.635727,319,1163
0.49667358,0.7997284,10.06189,309,1164
0.39372253,0.8476105,10.145691,103,1165
0.38415527,0.8691559,9.575867,169,1166
0.32429504,0.9290161,9.1521,109,1167
0.37217712,0.8116913,9.480103,13,1168
0.032211304,0.55311584,9.958939,120,1169
-0.077926636,0.47172546,10.021194,308,1170
0.10643005,0.6369171,9.96373,132,1171
0.17346191,0.68959045,9.987671,127,1172
-0.082717896,0.5291748,10.0499115,130,1173
-0.24552917,0.46453857,9.96373,291,1174
-0.17848206,0.67762756,9.875137,126,1175
0.30993652,0.9553528,9.915848,119,1176
0.46316528,1.0463257,10.014008,127,1177
0.034606934,0.8428192,10.109772,297,1178
-0.1736908,0.8069153,9.98288,278,1179
-0.025253296,1.0175934,9.90387,145,1180
-0.113845825,0.9840851,10.04274,121,1181
-0.3867798,0.8140869,10.2079315,305,1182
-0.44184875,0.802124,10.289337,125,1183
-0.27424622,0.77578735,9.9661255,89,1184
-0.5447998,0.7446594,9.592621,119,1185
-0.5711365,0.7446594,9.343628,245,1186
-0.4586029,0.8787384,9.401093,118,1187
-0.5519867,0.94337463,9.506439,239,1188
-0.59747314,0.88830566,9.434616,315,1189
-0.72676086,0.89549255,9.37236,265,1190
-0.83210754,1.0151978,9.894302,118,1191
-0.93026733,1.0295715,10.382706,303,1192
-0.8105469,1.1181488,10.071472,116,1193
-0.43945312,1.5562897,9.573471,145,1194
-0.43226624,1.8627472,9.671631,104,1195
-0.7315521,1.6999512,9.743454,302,1196
-0.56874084,1.3887024,9.769791,27,1197
-0.7075958,1.0606995,10.073868,342,1198
-1.0691223,0.7997284,10.255814,118,1199
-1.1864471,1.0559082,9.774582,210,1200
-0.91589355,1.4246063,9.381943,110,1201
-1.0811005,1.3455963,9.492065,303,1202
-1.5886688,0.940979,9.791351,124,1203
-1.5838776,0.95295715,9.927811,88,1204
-1.308548,1.2258911,9.877533,136,1205
-1.016449,1.4317932,9.82486,127,1206
-0.57592773,1.6664276,9.812897,118,1207
-0.5376129,1.6496735,10.088226,41,1208
-0.9206848,1.343216,10.358765,122,1209
-1.011673,1.1732178,10.016403,317,1210
-0.8081665,1.2929382,10.014008,120,1211
-0.22636414,1.4317932,10.310883,99,1212
-0.070739746,1.3863068,10.169632,80,1213
-0.49212646,0.98168945,9.863174,311,1214
-1.016449,0.6512909,9.9110565,134,1215
-1.0643463,0.79493713,10.064285,194,1216
-0.6740875,1.2139282,9.954147,131,1217
-0.45381165,1.585022,9.769791,151,1218
-0.24790955,1.8124695,9.604599,126,1219
-0.26467896,1.7933197,9.492065,265,1220
-0.36523438,1.6113586,9.547134,333,1221
-0.14257812,1.4725037,9.64769,55,1222
-0.13059998,1.2785645,9.642899,146,1223
-0.44184875,0.9673157,9.788956,317,1224
-0.6357727,0.88830566,9.60939,146,1225
-0.47058105,1.2474365,9.2981415,159,1226
-0.34368896,1.3791199,9.221527,139,1227
-0.54000854,1.3791199,9.446579,281,1228
-0.5424042,1.312088,9.697968,6,1229
-0.36044312,1.3144836,9.913452,82,1230
-0.21200562,1.3455963,10.1289215,162,1231
-0.18566895,1.3599701,9.997253,143,1232
-0.2814331,1.371933,9.743454,140,1233
-0.22157288,1.4892578,9.721909,153,1234
-0.089904785,1.6352997,9.762619,137,1235
-0.051589966,1.6592407,9.662064,137,1236
-0.058776855,1.4844666,9.851196,129,1237
-0.20721436,1.288147,10.04274,327,1238
-0.26467896,1.2977142,9.918243,248,1239
-0.1736908,1.4629211,9.585449,158,1240
-0.089904785,1.5778351,9.477707,124,1241
-0.032440186,1.6113586,9.7530365,78,1242
0.053756714,1.5155945,9.987671,148,1243
-0.15454102,1.3288422,9.96373,312,1244
-0.38438416,1.2666016,9.985275,133,1245
-0.34368896,1.2809601,9.894302,124,1246
-0.19763184,1.371933,9.695572,129,1247
-0.118621826,1.4102478,9.776978,108,1248
-0.21200562,1.422226,9.82486,120,1249
-0.33650208,1.506012,9.755432,234,1250
-0.27424622,1.5970001,9.551926,138,1251
-0.092300415,1.5562897,9.211945,95,1252
0.08488464,1.5514984,9.367569,138,1253
-0.046798706,1.4054565,9.772186,328,1254
-0.21440125,1.1349182,9.901474,330,1255
-0.070739746,1.1923676,9.870346,113,1256
0.14233398,1.2785645,9.980484,149,1257
0.1878357,1.2474365,9.934998,61,1258
0.1519165,1.2115326,10.138504,141,1259
0.11122131,1.2713776,10.389893,237,1260
0.17585754,1.3575745,10.181595,146,1261
0.24049377,1.5155945,9.817688,160,1262
0.22613525,1.4940491,9.729095,303,1263
-0.0037078857,1.3982697,9.760223,294,1264
-0.063568115,1.367157,9.7267,120,1265
-0.0037078857,1.4725037,9.642899,152,1266
-0.0013122559,1.4677124,9.602203,136,1267
-0.015686035,1.4796753,9.717117,292,1268
-0.092300415,1.4533386,9.889511,140,1269
-0.2311554,1.3096924,9.800919,313,1270
-0.34129333,1.2785645,9.537567,269,1271
-0.14257812,1.4629211,9.463333,134,1272
-0.13539124,1.4293976,9.671631,134,1273
-0.33171082,1.2618103,9.853592,316,1274
-0.27424622,1.2450409,9.781769,135,1275
-0.21679688,1.3408203,9.64769,154,1276
-0.15933228,1.470108,9.76741,139,1277
-0.20002747,1.4413757,9.937393,325,1278
-0.28382874,1.4293976,9.719513,258,1279
-0.20481873,1.5610809,9.427429,157,1280
-0.24790955,1.446167,9.697968,121,1281
-0.37242126,1.3216553,10.20076,331,1282
-0.2191925,1.2761688,10.145691,134,1283
-0.16651917,1.2450409,9.867966,94,1284
-0.17848206,1.2594147,9.657272,132,1285
0.053756714,1.4078522,9.5351715,125,1286
0.34106445,1.6999512,9.6740265,130,1287
0.81510925,1.8723297,9.760223,107,1288
0.52301025,1.5730591,9.51123,313,1289
-0.104263306,1.2139282,9.554321,301,1290
-0.106658936,1.1708221,9.882324,135,1291
0.14233398,1.2953186,10.212723,108,1292
0.087265015,1.312088,10.373138,145,1293
-0.104263306,1.178009,10.040344,296,1294
0.001083374,1.2977142,9.448975,131,1295
0.15670776,1.5395355,9.319687,148,1296
0.19500732,1.4365845,9.66684,11,1297
0.099243164,1.2737732,10.193573,337,1298
-0.0061035156,1.2522278,10.385101,153,1299
-0.087509155,1.2163239,10.119354,273,1300
0.027420044,1.3934937,9.741074,141,1301
0.2596588,1.4725037,9.6189575,112,1302
0.113601685,1.3527832,10.040344,134,1303
0.46076965,1.553894,10.085831,118,1304
1.0114288,1.9633026,10.365952,182,1305
0.6834259,1.7167053,10.236664,305,1306
-0.015686035,1.3096924,9.092239,289,1307
-0.13539124,1.1420898,8.603821,309,1308
-0.097076416,1.0798492,9.444183,137,1309
0.056152344,1.2522278,10.382706,111,1310
0.17346191,1.3767242,10.557495,139,1311
-0.030044556,1.3839111,9.863174,244,1312
-0.1689148,1.427002,8.905487,220,1313
-0.13539124,1.4389801,8.651703,151,1314
0.28599548,1.4892578,9.389114,145,1315
0.50146484,1.5371399,10.313278,62,1316
0.34106445,1.4365845,11.168015,136,1317
0.96354675,1.6903687,9.276596,125,1318
-0.3963623,1.336029,8.172867,128,1319
0.25247192,1.2234955,9.678818,63,1320
0.32669067,1.1636505,11.378708,6,1321
0.1926117,1.2474365,11.299698,236,1322
0.379364,1.4940491,10.411438,150,1323
0.23332214,1.5586853,9.784164,219,1324
-0.089904785,1.347992,9.331665,141,1325
-0.2694702,1.2785645,8.95816,276,1326
-0.2191925,1.3815155,8.891129,127,1327
0.31472778,1.4389801,9.559113,84,1328
0.6977997,1.4772797,10.018799,84,1329
0.5469513,1.5251617,10.035553,254,1330
-0.20721436,1.4485474,9.729095,125,1331
0.041778564,1.130127,9.252655,44,1332
0.31472778,1.075058,9.575867,148,1333
0.4152832,1.2761688,9.925415,150,1334
0.5709076,1.3887024,10.181595,144,1335
0.49189758,1.2809601,10.188782,324,1336
0.3290863,1.0080261,9.858383,153,1337
0.115997314,0.9840851,9.465729,266,1338
0.24528503,1.1253357,9.60939,134,1339
0.29556274,1.0870361,9.975693,26,1340
0.42485046,1.04393,10.150482,151,1341
0.2596588,0.9050751,10.428207,314,1342
-0.14257812,0.7159271,10.5550995,154,1343
0.065719604,0.8428192,9.829651,131,1344
0.46316528,1.2498322,8.948593,149,1345
0.3075409,1.2857513,8.869583,253,1346
0.10643005,0.95295715,9.554321,333,1347
-0.13059998,0.6847992,10.011612,323,1348
-0.082717896,0.42861938,10.4210205,159,1349
-0.058776855,0.34483337,10.346802,16,1350
1.0425568,0.7997284,11.345184,176,1351
0.80075073,1.0918121,9.585449,191,1352
0.50865173,1.2737732,8.393127,170,1353
0.56851196,1.233078,9.635727,357,1354
-0.109054565,0.8428192,11.036331,156,1355
0.0154418945,0.82366943,10.327652,106,1356
0.6427307,0.92422485,9.003647,107,1357
0.4080963,1.1349182,8.309341,162,1358
-0.24073792,1.3240509,8.65889,259,1359
0.104034424,0.46932983,11.057877,18,1360
0.7600403,0.8930969,10.878311,123,1361
0.15431213,0.9553528,9.810501,170,1362
0.8199005,0.89549255,9.891907,83,1363
0.33866882,0.82366943,10.179199,281,1364
-0.065963745,0.6704407,10.294128,292,1365
-0.077926636,0.59861755,10.303711,162,1366
-0.070739746,0.8116913,10.353989,177,1367
-0.058776855,0.9768982,10.083435,150,1368
0.22613525,1.0175934,9.626144,106,1369
0.046569824,1.0702667,9.537567,152,1370
-0.0013122559,0.96014404,10.191177,345,1371
-0.15933228,1.0726624,9.96373,230,1372
0.2428894,0.9912567,9.501648,85,1373
0.10643005,1.1756134,9.255051,142,1374
-0.14735413,1.2282867,9.463333,265,1375
-0.530426,1.2761688,9.829651,135,1376
-0.14735413,1.367157,9.104202,118,1377
0.14952087,1.2737732,8.974915,146,1378
-0.46099854,1.3025055,9.199982,271,1379
-0.025253296,1.0295715,10.44017,134,1380
0.08488464,0.90267944,10.746628,35,1381
-0.2311554,0.9218292,10.097809,257,1382
-0.1329956,0.9697113,9.736282,131,1383
-0.20002747,1.1037903,9.844025,145,1384
-0.1952362,1.0559082,9.705154,3,1385
0.008270264,0.9673157,9.815292,146,1386
-0.22636414,0.99365234,10.083435,271,1387
-0.030044556,0.9673157,10.002029,156,1388
-0.1449585,0.9864807,9.951752,259,1389
-0.111450195,1.0056305,9.602203,152,1390
-0.26228333,1.019989,9.492065,261,1391
-0.33171082,1.0535126,9.662064,138,1392
-0.094680786,1.019989,9.879929,76,1393
-0.082717896,1.0822449,10.033157,152,1394
-0.14257812,1.1205444,9.733887,222,1395
-0.080322266,1.0798492,9.654877,62,1396
-0.082717896,1.0559082,9.671631,355,1397
-0.1689148,1.0918121,9.556717,146,1398
-0.38198853,1.1468811,9.5351715,256,1399
