0.8534241,1.901062,9.733887,0.0,0
0.7959595,1.9106293,9.381943,70.29212686199918,1
0.676239,1.936966,9.29335,66.35849797558379,2
0.53977966,1.8292389,9.630936,69.98313593413698,3
0.30274963,1.6185455,10.037949,72.60348336769901,4
0.065719604,1.3144836,10.037949,73.95579935165901,5
0.039382935,1.2689819,9.815292,72.50343475673667,6
0.15431213,1.3599701,9.836838,72.39677452265775,7
0.4152832,1.3599701,9.932602,67.77356973763786,8
0.53019714,1.2426605,9.978088,71.06354208723877,9
0.6187897,1.2354736,10.006821,70.80023829473477,10
0.7600403,1.3168793,10.148087,69.64319058895627,11
0.8821411,1.5131989,9.985275,67.1351861068626,12
0.9180603,1.6113586,9.812897,67.69458543007583,13
0.92045593,1.6520691,9.578262,67.57304221379545,14
0.6044159,1.5371399,9.484894,67.71378509183273,15
0.38415527,1.5155945,9.779373,64.95882145991892,16
0.30993652,1.5131989,9.697968,65.81372891757273,17
0.18544006,1.5227814,9.537567,65.19657351473789,18
0.3218994,1.5084076,9.690796,66.06912335101785,19
0.48710632,1.3982697,9.9110565,64.4244342894463,20
0.56611633,1.3216553,9.994858,67.88023680190594,21
0.62835693,1.2498322,10.1241455,68.13786470720966,22
0.55174255,1.2809601,10.037949,68.64517700781235,23
0.36740112,1.2378693,9.638123,69.87356603947164,24
0.14952087,1.1133728,9.295746,70.47694495075056,25
-0.027648926,0.996048,9.211945,70.65542462395216,26
0.046569824,0.9673157,9.559113,67.4097870322538,27
0.22853088,1.0415344,9.987671,68.35102125082742,28
0.6259613,1.2258911,10.286942,65.86580227980491,29
1.0018616,1.3288422,10.234268,65.25622155675961,30
0.88453674,1.4317932,9.901474,62.203454846844075,31
0.6546936,1.3887024,9.611786,61.78207998637848,32
0.58766174,1.3455963,9.532776,64.39960655181329,33
0.49189758,1.3527832,9.870346,63.32695949360864,34
0.43443298,1.3288422,10.198364,63.82300198208082,35
0.4152832,1.3887024,10.02597,64.72104891453243,36
0.37696838,1.3312378,9.693176,64.34891288779346,37
0.31472778,1.2737732,9.458557,67.2586417761106,38
0.17825317,1.1157532,9.599808,69.45607755664378,39
0.123184204,1.051117,9.858383,66.37929590160647,40
0.118392944,1.04393,10.002029,67.30480702471071,41
0.16867065,1.0702667,10.004425,69.95973570604052,42
0.20219421,1.1133728,9.879929,70.65817035999851,43
0.26205444,1.1468811,9.70755,70.1190635288094,44
0.23571777,1.1109772,9.645294,70.5832841659385,45
0.17346191,1.0223846,9.803314,69.94246898781873,46
0.22373962,1.0487213,9.836838,71.46469958776112,47
0.3697815,1.1660461,9.750641,68.8110481518061,48
0.5469513,1.2666016,9.724304,69.14643093062125,49
0.47991943,1.2689819,9.721909,66.86460816289255,50
0.40570068,1.257019,9.851196,68.47122575003047,51
0.46316528,1.2522278,10.078644,69.86282215190721,52
0.4847107,1.1588593,10.02359,64.37133639883861,53
0.30993652,1.098999,9.709946,69.63400398452261,54
0.25726318,1.1157532,9.645294,68.30645426649308,55
0.38894653,1.2019501,9.8320465,67.44835711049687,56
0.30993652,1.178009,10.004425,66.73692460654834,57
0.31472778,1.0918121,10.109772,67.99717647068573,58
0.3075409,1.0583038,10.1289215,70.86245448788442,59
0.20458984,1.098999,9.992462,65.98498908082163,60
0.23571777,1.2210999,9.695572,65.36262907383924,61
0.40330505,1.2977142,9.458557,63.24373363857204,62
0.57328796,1.2666016,9.551926,63.56602977493743,63
0.5469513,1.1828003,9.791351,65.95036002172967,64
0.21655273,1.0846405,9.896683,65.12474041523687,65
0.12557983,1.1109772,9.925415,67.62397493443623,66
0.3697815,1.1253357,9.848801,67.27879083416212,67
0.50146484,1.1516724,9.94458,65.3231437502474,68
0.40570068,1.1037903,9.98288,66.07449187970548,69
0.1806488,1.1373138,9.836838,68.523674772667,70
0.300354,1.1971588,9.56868,68.08862587348302,71
0.43203735,1.2713776,9.571075,63.8396334927098,72
0.37696838,1.3336334,9.652481,64.51618422056707,73
0.29795837,1.2546234,9.829651,66.66884811109082,74
0.27401733,1.1660461,9.901474,66.59237731314336,75
0.23571777,1.1085815,9.6740265,69.11145353188161,76
0.29078674,1.1013947,9.492065,64.4958848983538,77
0.21894836,1.0846405,9.791351,66.80534261146435,78
0.14952087,1.0678711,10.152863,66.89046725909023,79
0.22613525,1.0559082,10.116959,68.07599685370768,80
0.33387756,1.1061859,9.978088,67.14308180554315,81
0.45118713,1.1684265,10.037949,67.11061791641808,82
0.34584045,1.2067413,9.961334,66.46294522837162,83
0.3290863,1.2785645,9.757828,65.96475806050006,84
0.4368286,1.2642059,9.597412,65.6346891688592,85
0.30274963,1.2115326,9.556717,67.91264604951765,86
0.30274963,1.2522278,9.683609,66.88862310801431,87
0.43203735,1.2426605,9.891907,65.30596582448482,88
0.42964172,1.1612549,9.858383,66.83744450056342,89
0.29795837,1.0343628,9.796127,69.17956417828498,90
0.23332214,0.9864807,9.9110565,66.55248217820132,91
0.21177673,1.0104218,10.011612,69.54113390237795,92
0.31233215,1.1804047,9.96373,65.74512649754912,93
0.47512817,1.2378693,9.848801,65.46389345847385,94
0.3075409,1.1923676,9.664459,68.62104594947469,95
0.123184204,1.1708221,9.575867,69.17700285734622,96
0.120788574,1.1205444,9.738678,69.58963507567421,97
0.31233215,1.1133728,9.915848,65.33507609072741,98
0.39134216,1.1013947,10.102585,66.29411661246723,99
0.43443298,1.0463257,10.133713,64.52461950419203,100
0.3290863,1.0654755,9.978088,66.9620613019703,101
0.3865509,1.1804047,9.80571,65.7538759698759,102
0.5421753,1.3312378,9.638123,67.46283028134812,103
0.55892944,1.3575745,9.633331,65.73988774245572,104
0.4775238,1.3025055,9.788956,66.90965326046879,105
0.40570068,1.257019,10.014008,65.64160132029924,106
0.55892944,1.2498322,9.954147,64.14352909945117,107
0.42245483,1.2139282,9.74585,65.47416606298555,108
0.23092651,1.1588593,9.80571,66.7304632475935,109
0.1926117,1.1325226,9.839233,67.05226078014948,110
0.26683044,1.2833557,9.633331,65.9743817970406,111
0.50146484,1.391098,9.566284,63.79902801809408,112
0.5493469,1.3384247,9.733887,64.68899483675756,113
0.38415527,1.1373138,9.994858,67.5238990027172,114
0.23332214,1.0295715,10.133713,67.07577029127268,115
0.42964172,1.0583038,9.915848,67.15801942925796,116
0.6810303,1.1636505,9.781769,66.21394385198963,117
0.7384949,1.2378693,9.652481,64.58436316886214,118
0.6690674,1.2139282,9.664459,68.26815056562765,119
0.6211853,1.1636505,9.860779,69.85732384962535,120
0.6690674,1.2187042,10.10498,70.04458031591041,121
0.87257385,1.2618103,10.054703,69.06444133982441,122
0.9372101,1.3312378,9.82486,67.85189834703957,123
0.80552673,1.3025055,9.693176,68.95954329455135,124
0.7815857,1.3288422,9.53038,67.63803829393729,125
0.80552673,1.3144836,9.611786,71.63608269441508,126
0.9084778,1.3216553,9.925415,73.32952564628219,127
0.86299133,1.3025055,10.066681,71.1786717558885,128
0.84384155,1.288147,9.925415,70.04245612707854,129
0.83425903,1.2139282,9.860779,72.85907587663006,130
0.8199005,1.1492767,9.74585,71.33536312563777,131
0.9084778,1.2474365,9.760223,74.53721237456718,132
1.1072083,1.3144836,9.858383,70.23279300867928,133
1.1431122,1.3072968,9.951752,68.99531299523471,134
0.9970703,1.2785645,9.997253,72.54134230663024,135
0.9755249,1.2498322,9.66684,74.25453133538785,136
0.92285156,1.2642059,9.37236,73.2143208455516,137
0.97792053,1.3025055,9.494461,73.05131838100924,138
1.0329742,1.2833557,9.733887,74.76575733438497,139
0.98269653,1.3384247,9.875137,74.96829293384336,140
1.0066528,1.3767242,9.736282,77.13140701379723,141
0.98031616,1.4389801,9.554321,79.61894824913753,142
0.9396057,1.5155945,9.504044,78.91786348178157,143
1.0305939,1.4389801,9.642899,79.16161244269182,144
0.8294678,1.2474365,9.882324,83.6404133682793,145
0.46795654,1.1085815,10.093018,88.09462561285473,146
0.43443298,1.1875916,9.956543,91.1671110789041,147
0.7049713,1.4030609,9.872742,83.50273724517935,148
0.8462372,1.4557343,9.951752,85.74230163251318,149
0.72413635,1.5084076,9.896683,86.95435968186695,150
0.7121582,1.470108,9.961334,87.2805831770051,151
0.92045593,1.5251617,10.093018,86.23506563018374,152
1.102417,1.5970001,10.279755,87.67135195979986,153
1.1933899,1.5754547,10.279755,91.22718942284352,154
0.98031616,1.5395355,9.997253,90.03353190311375,155
0.755249,1.608963,9.748245,93.61769416064546,156
0.8821411,1.6616364,9.413055,91.91526951001978,157
0.9324188,1.6688232,9.211945,94.53879298154587,158
0.80792236,1.6233368,9.2742,95.93404353462857,159
0.5325928,1.553894,9.506439,95.97056455612062,160
0.5062561,1.5826263,9.580658,98.38222238978209,161
0.55892944,1.5922089,9.860779,101.2024416490262,162
0.56851196,1.5682678,10.155258,100.65730376079998,163
0.48950195,1.5946045,10.04274,102.72805319260776,164
0.48710632,1.6760101,9.566284,101.08384907446727,165
0.34823608,1.608963,9.393906,105.14440336622901,166
0.075302124,1.5227814,9.271805,105.77347061897636,167
-0.3005829,1.5754547,9.2981415,108.52924704340141,168
-0.19763184,1.7238922,9.250259,107.95538820971528,169
-0.034835815,1.9082489,9.020416,108.931900355352,170
-0.022857666,2.047104,9.0850525,108.49662605992543,171
-0.065963745,2.071045,9.367569,109.40628431396607,172
0.115997314,2.2147064,9.398697,109.38050718003844,173
0.31472778,2.2577972,9.53038,108.26541049614215,174
0.5254059,2.1931458,9.882324,110.92436898908227,175
0.42964172,2.059082,10.02597,113.93566962054666,176
-0.058776855,1.8986664,9.54953,112.77692119766483,177
-0.31974792,1.8938751,8.792969,115.0532798140575,178
-0.065963745,1.9872437,8.625366,115.00418441430345,179
0.1878357,1.9992218,9.21434,115.88450017566971,180
0.3650055,2.0207672,9.990067,116.8397704329877,181
0.47991943,1.9154205,10.430603,123.30420297294627,182
0.3362732,1.7645874,10.090622,121.12143843875027,183
0.08488464,1.5586853,9.70755,124.24116832328862,184
0.20219421,1.5371399,9.779373,121.4492875189109,185
0.46316528,1.6664276,9.98288,122.26441595483855,186
0.78637695,1.7789612,9.942184,127.7580054061715,187
0.8797455,1.7597961,9.772186,130.12709750092546,188
0.88453674,1.7143097,9.844025,128.24971072452072,189
0.94200134,1.5682678,9.836838,130.62097481943073,190
0.8677826,1.5203857,9.712341,132.363397057836,191
0.8677826,1.4940491,9.717117,135.48285373480755,192
0.76483154,1.3575745,9.882324,137.28214412824235,193
0.52301025,1.2450409,10.009216,139.87844929592595,194
0.49189758,1.3144836,9.90387,136.2982826990587,195
0.5254059,1.3503876,9.78656,136.55119094364593,196
0.5158386,1.2666016,9.791351,140.1921189033696,197
0.3290863,1.0942078,9.923019,147.80631816745142,198
0.001083374,0.8930969,10.088226,141.65793214076768,199
-0.018066406,0.88591003,10.260605,142.87520845464738,200
0.20219421,1.0774536,10.411438,139.65958271416204,201
0.40570068,1.1349182,10.44017,144.91983924306902,202
0.29078674,1.0942078,10.009216,151.37561110316003,203
-0.046798706,1.0128174,9.7267,145.34601572652113,204
-0.25509644,0.9122467,9.772186,152.31310920825763,205
-0.1449585,1.0606995,9.834442,152.61052296547666,206
0.099243164,1.257019,9.954147,150.86378404751594,207
0.3865509,1.3144836,9.934998,152.69583202821013,208
0.3290863,1.3551788,9.633331,151.46333805285965,209
0.101638794,1.3168793,9.238281,157.14385612139753,210
-0.034835815,1.178009,9.317291,145.1757254501344,211
-0.13778687,1.0894318,9.650085,158.28706586391758,212
-0.26467896,0.97450256,10.243851,148.50336629300793,213
-0.34368896,0.79493713,10.576645,156.0064247189153,214
-0.5160675,0.84521484,10.231873,157.4703255033458,215
-0.59028625,1.0056305,9.781769,148.95909017480952,216
-0.3460846,1.0846405,9.563889,148.1842871757416,217
-0.44903564,0.96014404,9.762619,156.6106505736513,218
-0.6716919,0.84521484,9.970917,152.18987893525227,219
-0.80337524,0.79733276,10.131317,149.5387410089118,220
-0.6166229,0.8907013,9.997253,156.416796144628,221
-0.3173523,0.9577484,9.918243,155.83553338588158,222
-0.36283875,0.9864807,9.961334,-118.86121955936633,223
-0.39157104,1.0271759,9.973297,157.92216983769882,224
-0.32452393,0.9792938,10.241455,160.13717286477728,225
-0.22875977,0.81648254,10.495239,162.358213779082,226
-0.2239685,0.8308563,10.53833,165.237643948241,227
-0.118621826,0.95295715,10.466507,160.0552379154938,228
-0.077926636,0.8930969,10.114563,165.07272220054185,229
-0.30537415,0.83325195,9.604599,163.70343319649436,230
-0.5950775,0.9074707,9.281387,160.16662464047837,231
-0.24552917,0.9697113,9.623749,165.17080371702323,232
0.3290863,0.84521484,10.191177,172.49018469577064,233
0.36260986,0.67523193,10.607773,-178.5009697314353,234
0.25486755,0.5243988,11.029144,170.8958682793279,235
0.7001953,0.43580627,11.244629,173.40017079889142,236
1.0928345,0.50045776,11.203918,-173.45535872738515,237
0.95158386,0.35679626,11.0914,-178.12693491210706,238
0.62835693,0.059921265,11.369125,173.6106635687329,239
0.53738403,-0.21540833,11.44574,175.74532991079366,240
0.4942932,-0.16275024,11.117737,-174.62502862274982,241
0.30274963,-0.014297485,11.105759,-178.87474500357507,242
0.37696838,-0.13641357,11.108154,177.74366567702097,243
0.029815674,-0.42610168,11.484039,172.4846795632996,244
-0.2814331,-0.42370605,11.924576,171.1874353946174,245
-0.058776855,-0.37582397,11.910217,-179.93095179644752,246
0.40090942,-0.43328857,11.627701,-179.387651229108,247
0.47273254,-0.2513275,11.081818,-177.18692329739488,248
0.58047485,-0.095703125,10.310883,179.3326955270461,249
0.6403351,-0.033462524,10.437775,-171.23590241696783,250
0.7815857,0.069488525,10.875916,-175.55788219921183,251
0.72891235,0.16287231,10.909439,179.87159745256008,252
0.5206299,0.014434814,10.6772,174.31603086469843,253
0.592453,0.081466675,10.533554,177.8780154979951,254
0.60202026,0.18920898,10.749023,-178.77589850590664,255
0.63075256,0.3400421,10.567062,175.13121394213945,256
0.53977966,0.3975067,10.346802,-178.35033673947984,257
0.5756836,0.37834167,10.064285,175.3204375029055,258
0.3650055,0.3807373,9.779373,177.22611492285242,259
0.051361084,0.33285522,9.537567,173.95140804604648,260
-0.1736908,0.22750854,9.4561615,161.81996755172833,261
-0.19763184,0.093429565,9.642899,170.87447612684744,262
-0.2024231,0.107803345,9.276596,165.30425195302695,263
-0.25749207,0.1532898,8.941406,168.13178634487213,264
-0.1329956,0.23709106,9.05632,166.41542810833963,265
0.003479004,0.38313293,9.219131,154.94259543492913,266
0.118392944,0.5220032,8.95816,165.60814072957913,267
0.053756714,0.6847992,8.582275,150.447497677982,268
0.26205444,0.98168945,8.4960785,172.9832697123322,269
0.59962463,1.2210999,8.563126,160.42936835747042,270
0.652298,1.3743286,8.52002,-149.08895939168812,271
0.30514526,1.1875916,8.761841,138.91063881129182,272
-0.45141602,0.7638092,8.48172,130.32794604365884,273
-1.2247467,0.7614136,8.239899,126.30297020728369,274
-0.664505,0.940979,8.347641,127.99386549859038,275
0.29556274,1.1205444,8.627762,159.9623063616466,276
0.19979858,1.2402649,8.996475,140.96390295882435,277
-0.4083252,1.1109772,9.278992,135.57564868487134,278
-0.63816833,0.9768982,9.137726,134.47130271872865,279
-0.63098145,0.85957336,8.953369,128.9505154541207,280
-0.29580688,0.8140869,9.132935,139.32419310515775,281
-0.12580872,0.644104,9.657272,134.11807265561228,282
-0.20481873,0.6345215,9.915848,139.37214103313121,283
-0.24552917,0.62016296,9.496857,143.99873359197946,284
0.104034424,0.7326813,8.56073,137.8768896804104,285
0.28599548,0.82606506,8.42186,147.09529547485312,286
0.31950378,0.8284607,8.735504,152.15404776286638,287
0.40090942,1.019989,8.745071,151.0273534177594,288
0.35542297,1.178009,8.792969,154.22247493035636,289
0.096847534,0.9864807,9.190399,141.86169034408752,290
-0.056381226,0.9338074,9.393906,134.01697219551775,291
-0.065963745,1.0295715,9.626144,127.59315196036408,292
0.25486755,1.2474365,10.272583,140.65655810655213,293
1.2197266,1.8388062,9.896683,169.37134273582438,294
1.7680054,1.8172607,8.8983,-159.31353401314377,295
0.59484863,1.1037903,9.240677,165.59868774776785,296
-0.4179077,0.5962219,9.70755,139.81111729108795,297
-0.64775085,0.66804504,9.96373,146.70040125779965,298
-0.7147827,0.7733917,10.466507,140.9724543556652,299
-0.31495667,0.9673157,10.737061,141.18714086165707,300
0.3506317,1.4317932,9.846405,139.1776582267043,301
0.63793945,1.9848633,9.027588,153.8705152824256,302
0.99946594,2.1285095,8.9509735,156.82002319246888,303
1.0258026,2.027954,9.465729,154.79962591522244,304
0.6068115,1.7717743,10.009216,140.29149815579328,305
0.36021423,1.470108,10.272583,134.5701218956404,306
0.21417236,1.0798492,10.162445,153.04766873273581,307
0.025024414,0.83802795,9.851196,146.58008064538072,308
0.027420044,0.90267944,9.937393,146.74026224179585,309
0.42964172,1.1205444,10.215118,148.25798491688604,310
0.4559784,1.1923676,10.239059,163.05139601756827,311
0.120788574,1.1420898,9.891907,146.6519205750709,312
-0.18327332,1.178009,9.343628,137.39978730650665,313
0.034606934,1.2905426,8.979706,134.99065664283808,314
0.47273254,1.3982697,9.307709,151.03642390897718,315
0.60920715,1.5347443,9.580658,148.80125816346884,316
0.379364,1.5155945,9.709946,141.9206621973814,317
0.43922424,1.4892578,9.633331,151.24456709374417,318
0.44639587,1.4988403,9.606995,132.68269474115576,319
0.46076965,1.4174347,9.860779,146.27850047276797,320
0.59724426,1.3791199,10.246246,152.50226446713197,321
0.5469513,1.3575745,10.231873,146.07381336372103,322
0.33387756,1.2833557,9.855988,138.33382933588422,323
0.032211304,1.2043457,9.578262,143.41219792719377,324
0.13993835,1.3144836,9.209549,139.00623413891532,325
0.48950195,1.474884,9.147308,124.08579518004917,326
0.57328796,1.450943,9.650085,149.8494872953907,327
0.40090942,1.391098,10.002029,139.45044232177625,328
0.5158386,1.343216,10.064285,156.85717942155375,329
0.77201843,1.391098,9.7267,137.74849578439247,330
0.6139984,1.506012,9.403488,140.2827964947907,331
0.6259613,1.5443268,9.393906,142.0154379023045,332
0.6977997,1.4006653,9.748245,136.5196764508155,333
0.7337036,1.3647614,10.035553,134.28168300699076,334
0.5565338,1.3767242,10.3420105,138.404808661739,335
0.6116028,1.3743286,10.274979,158.3980974190653,336
0.56611633,1.3623657,9.908661,131.21237357890544,337
0.34584045,1.3312378,9.53038,134.69003269670915,338
0.29556274,1.3168793,9.571075,124.7653170401954,339
0.48231506,1.2666016,10.057098,139.81477827248307,340
0.7600403,1.3503876,10.353989,159.40083749111488,341
0.74328613,1.3599701,10.1241455,153.05214933683135,342
0.52301025,1.3815155,9.700363,145.58598759282037,343
0.4080963,1.371933,9.444183,139.98004152964072,344
0.5158386,1.4246063,9.43222,133.1664907004461,345
0.53738403,1.4389801,9.755432,142.98007917916374,346
0.6690674,1.4389801,10.014008,145.17741933704855,347
0.70736694,1.5395355,9.879929,153.225649802128,348
0.52301025,1.529953,9.74585,136.65293344152244,349
0.31710815,1.3336334,9.669235,130.5794336088987,350
0.25486755,1.2139282,9.8320465,137.01379965613089,351
0.41288757,1.1492767,10.155258,137.8498967728105,352
0.6139984,1.2258911,10.444962,147.9743544814121,353
0.48710632,1.4605255,10.509613,138.63117479121158,354
0.62358093,1.7837372,10.315674,149.05952127636536,355
0.944397,1.7645874,10.143295,139.23408924962692,356
1.1742401,1.6688232,9.788956,157.08047196589982,357
0.88453674,1.640091,9.640503,150.32359804643798,358
0.7097626,1.6209412,9.705154,146.74388224205595,359
0.944397,1.664032,9.731491,172.98494993886803,360
0.8390503,1.6424866,9.731491,146.86785017549167,361
0.85102844,1.5514984,9.693176,165.68048609326792,362
0.9659424,1.4246063,9.559113,168.68482676196808,363
0.7001953,1.2713776,9.616562,178.47562972961455,364
0.4847107,1.209137,9.8320465,149.54080372604116,365
0.5613251,1.2067413,9.994858,149.65169867740548,366
0.7983551,1.2833557,9.839233,164.2635360291921,367
1.1359253,1.5131989,9.738678,-175.45948649402862,368
1.4950562,1.6616364,9.381943,-163.1265964003301,369
1.320282,1.7047272,9.113785,-149.33531065467216,370
1.078476,1.6161499,9.159271,-170.40091179093378,371
0.8414459,1.450943,9.197586,174.44327728893578,372
0.7217407,1.4557343,9.358002,175.33320995665343,373
0.88453674,1.5946045,9.724304,163.31039679089517,374
1.2460632,1.798111,9.994858,-173.37786340106217,375
1.6075897,1.936966,9.889511,-157.91890500727555,376
1.533371,1.8986664,10.0499115,-161.00395119120859,377
1.5166168,1.8005066,9.975693,-143.13690032250724,378
1.5261841,1.8890839,9.642899,-135.08648419689337,379
1.6051941,2.1045685,9.420242,-132.12880738060275,380
1.5740662,2.1404724,9.575867,-117.11893392474447,381
1.3921051,2.1787872,9.74585,-147.80168729919416,382
1.3609924,2.229065,9.879929,-119.08973036823828,383
1.236496,2.0973816,10.332428,-139.47053673831442,384
0.755249,1.9226074,10.423416,-159.59409086349123,385
0.18304443,1.8962708,10.136108,150.84150397044337,386
0.30274963,2.162033,9.908661,152.15937531041897,387
0.80075073,2.4253845,9.858383,-97.17887283162007,388
0.7384949,2.343979,10.258209,-155.93312312874272,389
0.48710632,2.2027283,10.274979,-173.07109228468022,390
0.3506317,2.3032837,9.700363,-179.6991488363956,391
0.6546936,2.6121368,8.931824,-129.8371149895234,392
1.1909943,2.5475006,9.051544,-96.31774307163238,393
1.2077637,2.0997772,9.937393,-125.53535256722263,394
0.40330505,1.6951599,10.533554,-157.96779550135452,395
-0.18566895,1.4964447,10.557495,-168.27543888349584,396
-0.077926636,1.6760101,10.636505,-174.97596374230508,397
0.30274963,2.173996,10.186386,-149.5214059887983,398
0.7959595,2.5642548,9.240677,-124.10235155859728,399
0.8270874,2.537918,8.874359,-110.32066905891236,400
0.300354,2.2434235,9.087448,-142.1801410839502,401
-0.27424622,1.8914795,9.513611,178.58898354908007,402
-0.3867798,1.9896393,9.60939,-174.76868116137354,403
-0.020462036,2.3511658,9.219131,-157.22893295769921,404
0.40090942,2.573822,9.1640625,-110.96682544496306,405
0.8390503,2.6815643,9.37236,-106.07179279135501,406
1.0425568,2.9377441,9.436996,-102.36108761907049,407
1.1598816,3.328003,9.108994,-81.66601741509288,408
1.3945007,3.383072,8.326096,-71.61749091949432,409
0.80075073,2.9401398,8.194412,-90.81836161988325,410
-0.065963745,2.4397583,8.524811,-82.42406596012674,411
-0.030044556,2.4493256,8.34285,-105.39858885619104,412
0.39134216,2.5834045,8.247086,-79.07434311566657,413
0.23092651,2.4708862,8.541565,-72.50900136091022,414
0.065719604,2.3822937,8.75705,-91.98376264701668,415
-0.030044556,2.442154,9.046753,-80.88211660405051,416
-0.24552917,2.513977,9.537567,-73.00038566036845,417
-0.18327332,2.6432648,9.774582,-89.20137580558526,418
0.094451904,2.8252258,9.645294,-63.420813122993785,419
0.113601685,2.8491669,9.750641,-63.757131637725216,420
0.15431213,2.6743927,9.851196,-58.635732854644594,421
0.072906494,2.276947,10.030762,-85.82914748780988,422
-0.14257812,2.004013,10.289337,-98.086413727018,423
-0.22157288,2.071045,10.294128,-85.85395473487537,424
0.051361084,2.3487701,9.468124,-62.899314519484975,425
0.10643005,2.4565125,8.795364,-65.84025737230907,426
-0.049194336,2.094986,9.094635,-79.8501160015966,427
-0.22636414,1.8938751,9.808105,-70.00505401118355,428
-0.15454102,1.8292389,10.20314,-79.66790021491902,429
-0.1617279,2.0111847,10.071472,-63.47509263632788,430
0.032211304,2.3296204,9.43222,-44.113432452687675,431
0.28599548,2.4732666,9.156876,-49.87338562127279,432
0.30514526,2.2913208,9.307709,-55.49504794973265,433
-0.0084991455,2.039917,9.750641,-50.39565603615781,434
-0.24790955,1.7765656,10.052307,-50.81260834913582,435
-0.35325623,1.6233368,9.889511,-40.2671002140542,436
-0.4873352,1.6305084,9.788956,-48.53406065711415,437
-0.3963623,1.8268433,9.992462,-45.97225135983372,438
-0.23355103,2.0614777,9.738678,-46.951157486774534,439
-0.2814331,2.4253845,9.255051,-31.40834144545308,440
-0.1904602,2.573822,9.302933,-31.17506657963505,441
-0.0061035156,2.5642548,9.925415,-41.99850535732825,442
-0.058776855,2.5546722,10.550308,-35.008230213548735,443
0.1638794,2.549881,10.437775,-42.65752640468068,444
0.2788086,2.403839,9.975693,-38.0451372242115,445
-0.061172485,2.1931458,9.6884,-33.7656173129429,446
-0.2191925,2.2099152,9.475311,-28.14654533372576,447
0.25726318,2.4780579,8.924637,-38.11235994602277,448
0.5852661,2.52594,8.7881775,-39.767024498877134,449
0.16149902,2.1907501,9.6884,-43.44266347996282,450
-0.109054565,1.9944305,10.444962,-35.94496675255389,451
-0.099472046,2.2314606,10.303711,-36.62302353712315,452
0.1591034,2.5163727,9.741074,-36.45713873275105,453
0.26205444,2.6791687,9.075485,-35.45782400057024,454
0.053756714,2.6408691,8.670853,-23.40798719136082,455
-0.027648926,2.5786133,8.769028,-35.051940009142236,456
-0.044403076,2.403839,9.415451,-33.66149107904606,457
-0.25030518,1.956131,10.116959,-30.056981687976887,458
-0.5136719,1.6281128,10.150482,-24.53401047038183,459
-0.56874084,1.6257324,9.633331,-28.652971417283652,460
-0.42269897,1.7861328,9.420242,-31.67599606845837,461
-0.1904602,1.9944305,9.733887,-27.691765725576925,462
0.24049377,2.2506104,10.0499115,-50.28766391519074,463
0.46316528,2.4253845,10.531158,-45.41251735735117,464
0.4703369,2.387085,10.737061,-43.54629452514484,465
0.4152832,2.3415985,10.152863,-48.96075623494319,466
0.21417236,2.2601929,9.542343,-37.16418284015784,467
0.31710815,2.118927,9.465729,-38.04002824271234,468
0.23571777,1.9058533,9.755432,-49.267657124919374,469
0.101638794,1.8938751,9.80571,-44.23316225374341,470
0.30274963,2.118927,9.731491,-48.75720293729847,471
0.59724426,2.4062347,9.547134,-48.84090690557698,472
0.7001953,2.5881958,9.21434,-44.22204270577463,473
0.7408905,2.652832,9.168854,-41.84560474256834,474
0.6403351,2.4924316,9.413055,-49.23995046255122,475
0.3362732,2.1572418,9.681213,-43.22227035091943,476
-0.046798706,1.8866882,9.956543,-46.62438074631361,477
-0.106658936,1.7478333,10.030762,-42.71938742799349,478
-0.092300415,1.7550049,9.985275,-45.20975977674476,479
0.039382935,1.9417572,10.02359,-48.387187684296784,480
0.1303711,1.9896393,9.863174,-41.86507761189205,481
-0.082717896,1.9992218,9.654877,-42.933650462256786,482
-0.20002747,2.0064087,9.516006,-38.798595882123124,483
-0.013290405,2.0518951,9.39151,-35.830827461333804,484
0.17346191,2.2482147,9.484894,-40.1735334526142,485
0.3697815,2.1835785,9.642899,-42.313008247850654,486
0.1926117,2.1811829,9.719513,-39.0632691275557,487
0.120788574,2.2889252,9.544739,-44.341707620033254,488
0.24768066,2.2960968,9.396301,-49.61851028220459,489
0.2500763,2.1883698,9.506439,-49.65276368089221,490
0.14712524,2.142868,10.037949,-50.19991989001817,491
0.14712524,2.0207672,10.066681,-47.278514793314905,492
0.22853088,2.2625885,9.429825,-41.783873492849764,493
0.25486755,2.379898,9.07309,-44.53568499246162,494
0.38175964,2.3918762,9.15448,-47.920146179040486,495
0.34584045,2.3032837,9.499252,-38.701733554408584,496
0.23571777,2.0973816,9.547134,-47.192580768272386,497
-0.0013122559,1.9848633,9.7267,-42.26181598002141,498
0.072906494,2.027954,9.88472,-47.13455489617854,499
0.31472778,2.087799,9.810501,-42.47175550454009,500
0.28120422,2.0686493,9.784164,-52.97892578781043,501
-0.049194336,1.9465485,9.872742,-46.500081548703136,502
-0.094680786,1.9896393,9.729095,-41.20425680969331,503
0.19979858,2.197937,9.781769,-48.57473784871617,504
0.513443,2.3463745,9.784164,-44.728494402541905,505
0.5206299,2.3176422,9.482498,-51.94502639276726,506
0.19500732,2.1955414,9.403488,-43.213633576713946,507
-0.027648926,2.0327454,9.563889,-44.987642024935944,508
0.060928345,2.0494995,9.702759,-34.172693172381074,509
0.19740295,2.1835785,10.014008,-38.64887472042186,510
0.4487915,2.2865295,10.234268,-44.78073510440875,511
0.5254059,2.3032837,10.040344,-50.930312999102654,512
0.38894653,2.2554016,9.669235,-40.339715370215195,513
-0.030044556,2.1021729,9.487274,-41.63397816132466,514
-0.24552917,2.0662537,9.300537,-25.485729029331406,515
-0.106658936,2.173996,9.219131,-37.28243390525827,516
0.13755798,2.2123108,9.41066,-44.72813581761048,517
0.22613525,2.253006,9.796127,-43.419263251866354,518
0.2596588,2.1787872,9.889511,-50.814162217172004,519
0.24768066,2.1644135,9.662064,-38.61147601962145,520
0.34823608,2.2314606,9.60939,-39.9457398136051,521
0.48710632,2.3032837,9.654877,-40.372213410286115,522
0.379364,2.403839,9.520798,-36.21433233794627,523
0.26205444,2.3846893,9.341232,-42.26840369747588,524
0.123184204,2.2913208,9.480103,-39.99868744005104,525
0.2788086,2.324829,9.56868,-41.06695634699771,526
0.5325928,2.3727112,9.5351715,-45.227012834588216,527
0.42485046,2.229065,9.599808,-44.64494752861431,528
0.11122131,2.1716003,9.6141815,-40.47150387025059,529
0.12797546,2.1883698,9.384323,-38.65666796626484,530
0.2596588,2.0806274,9.132935,-39.084090959240484,531
0.26205444,2.0662537,9.425034,-49.01176750275943,532
0.26922607,1.9968262,9.848801,-48.18564929245722,533
0.36260986,1.9968262,10.071472,-50.11842207284158,534
0.24768066,2.0255585,10.033157,-48.31708945284495,535
0.26683044,2.087799,9.855988,-49.85764886542508,536
0.45118713,2.2099152,9.640503,-47.38958049940848,537
0.4703369,2.2577972,9.611786,-46.95362660015949,538
0.27401733,2.1835785,9.70755,-41.2852321173984,539
0.18304443,2.0518951,9.96373,-42.14658044343954,540
0.35302734,2.0542908,10.21991,-49.617666753842094,541
0.5637207,2.1883698,9.863174,-47.79564890594408,542
0.5038605,2.2506104,9.506439,-44.11228498090711,543
0.25486755,2.142868,9.580658,-40.866254653331474,544
0.120788574,2.035141,9.717117,-43.42028778024186,545
0.14233398,2.0997772,9.657272,-37.60948726838058,546
0.27641296,2.205124,9.484894,-43.032042752345404,547
0.40330505,2.1907501,9.642899,-35.985398057345776,548
0.29556274,2.0734406,9.8320465,-47.855477947978805,549
0.14472961,1.9848633,9.66684,-43.2534125984401,550
0.060928345,1.9417572,9.369965,-41.05642761039214,551
0.094451904,2.063858,9.415451,-39.426095606455945,552
0.34823608,2.1452637,9.781769,-55.410640471969636,553
0.44161987,2.1572418,10.088226,-54.181278138353626,554
0.36260986,2.1285095,9.927811,-44.68345613515484,555
0.29078674,2.087799,9.398697,-36.68632573035083,556
0.13755798,2.094986,9.171249,-42.398112404909014,557
0.092056274,2.1021729,9.386719,-39.12310841487418,558
0.15431213,2.1883698,9.74585,-40.259382100292086,559
0.16627502,2.2745514,9.901474,-40.38665926038069,560
0.29078674,2.300888,9.693176,-38.30496786552254,561
0.3578186,2.3056793,9.578262,-41.99690709306246,562
0.30993652,2.1883698,9.721909,-45.033752632022704,563
0.115997314,2.0447083,9.587845,-45.801045838098176,564
-0.034835815,2.0064087,9.575867,-37.8631502488711,565
0.072906494,1.9034576,9.693176,-47.1752901443885,566
0.21417236,1.9776764,10.054703,-47.121027706527336,567
0.44639587,2.0901947,10.29892,-53.184589613908685,568
0.6355438,2.197937,9.923019,-46.920961220453904,569
0.43922424,2.2266693,9.149704,-44.13011518973543,570
0.089660645,2.150055,8.948593,-36.15636110736578,571
0.14472961,2.063858,9.283768,-37.420789632180636,572
0.22853088,2.0997772,9.822464,-39.91588164164839,573
0.29795837,2.205124,10.148087,-43.621290002231575,574
0.3650055,2.2194824,10.033157,-37.62159377868443,575
0.31472778,2.2170868,9.6884,-45.00523317714331,576
0.17825317,2.1883698,9.350815,-43.52050714593345,577
0.13276672,2.1476593,9.310104,-38.34414583060174,578
0.1591034,2.2099152,9.487274,-39.99442198691437,579
0.37217712,2.229065,9.448975,-41.417184541973874,580
0.42964172,2.1452637,9.793732,-40.47289381374669,581
0.29795837,1.9656982,10.145691,-45.532598913149165,582
0.058547974,1.9728851,10.212723,-41.26340624790562,583
0.23571777,2.0662537,9.664459,-42.97044127622106,584
0.33866882,2.2075195,9.341232,-46.426820939665575,585
0.32429504,2.2242737,9.484894,-35.61133591726086,586
0.30993652,2.1931458,9.7267,-39.96864485298674,587
0.29556274,2.083023,9.88472,-36.89870021730862,588
0.24768066,1.9489441,9.810501,-41.3096705342487,589
0.25247192,1.901062,9.6740265,-47.50757543241504,590
0.3506317,1.9273987,9.571075,-45.907692411798756,591
0.5038605,2.0375214,9.496857,-53.24903244872775,592
0.6259613,2.0806274,9.573471,-46.20680688612113,593
0.66667175,2.0303497,9.781769,-44.64135826420547,594
0.755249,2.1093597,9.94458,-55.23408349701939,595
1.023407,2.2362518,9.606995,-50.10986384581155,596
1.1167755,2.2984924,9.137726,138.73107313801216,597
1.0377655,2.2266693,9.19519,-50.53493383861812,598
0.8989105,2.118927,9.951752,-55.56961995509085,599
1.1000214,2.1333008,10.392288,-51.03078849688813,600
1.3681641,2.2625885,10.2630005,-62.07734223400896,601
1.4830933,2.2506104,9.681213,-57.57502496710912,602
1.1909943,2.094986,9.180817,-47.974739881076395,603
0.74568176,1.9441528,9.221527,-47.74514307212642,604
0.7001953,1.9226074,9.523193,-47.165061936106405,605
1.0066528,2.0566864,9.652481,-48.50166848497537,606
1.126358,2.138092,9.448975,-49.90655301988237,607
0.9874878,2.1859741,9.29335,-51.79880228792104,608
0.9467926,2.142868,9.302933,-51.64950118285373,609
1.0090332,2.083023,9.384323,-55.824232331876004,610
0.9276428,1.93219,9.571075,-52.76004896076279,611
0.9252472,1.7885284,9.88472,-49.56152259886459,612
0.8965149,1.687973,10.064285,-52.72279369393495,613
0.7624359,1.7957153,9.820068,-47.658952914990024,614
0.73609924,1.9920349,9.317291,-45.27935257419802,615
0.6834259,2.1572418,9.1640625,-45.1472498854608,616
0.5613251,2.059082,9.48967,-43.79640922236153,617
0.47273254,2.0327454,10.002029,-41.511430907236296,618
0.6331482,2.0231628,10.339615,-46.148285825312456,619
0.7408905,2.0231628,10.394684,-48.96078697079446,620
0.53019714,1.9106293,10.126526,-41.71205746882166,621
0.24768066,1.8124695,9.834442,-41.68359607055022,622
0.21177673,1.8890839,9.70755,-35.2866184788347,623
0.34344482,1.9585266,9.590225,-38.2261474825006,624
0.31472778,1.9680939,9.760223,-35.12760484476763,625
0.18304443,1.8986664,10.021194,-39.660043245907225,626
0.120788574,1.8076782,9.86557,-32.52856760141604,627
0.087265015,1.8890839,9.650085,-31.365973782031492,628
0.37457275,1.956131,9.381943,-44.24582542446461,629
0.47991943,2.0973816,9.482498,-40.45742002018202,630
0.4368286,2.1021729,9.896683,-31.771529924379337,631
0.63075256,2.1572418,9.992462,-37.45953046515295,632
0.6259613,2.2506104,9.686005,-40.476059606426986,633
0.45118713,2.2242737,9.271805,-39.26067525494741,634
0.14712524,2.0997772,9.15448,-34.58674607005642,635
-0.073135376,1.8890839,9.350815,-27.990040086631385,636
-0.18327332,1.6855774,9.642899,-23.224907385753212,637
-0.097076416,1.8029022,9.987671,-31.695916315172713,638
0.3985138,2.0806274,10.014008,-37.64716942203154,639
0.652298,2.2003326,9.829651,-34.55562431310326,640
0.6068115,2.205124,9.621353,-25.43518562947331,641
0.513443,2.0686493,9.6740265,-30.876249218541577,642
0.5254059,1.877121,9.841629,-32.44348051983061,643
0.42485046,1.766983,9.939789,-35.372917918997814,644
0.5062561,1.822052,9.915848,-35.82654834781879,645
0.69540405,1.9130249,9.604599,-40.713080831004774,646
0.58766174,1.9058533,9.2981415,-34.50376610182993,647
0.34584045,1.7358551,9.338837,-29.86627597616096,648
0.300354,1.7047272,9.494461,-29.5170279133307,649
0.47512817,1.7789612,9.662064,-34.62304852549504,650
0.6116028,1.8579559,9.860779,-37.610450325053556,651
0.68582153,1.8699341,9.844025,-39.73078693023563,652
0.7025757,1.7693787,9.8320465,-44.939721417719134,653
0.6259613,1.6592407,9.784164,-45.62381950460927,654
0.6403351,1.5275574,9.559113,-42.41575136844057,655
0.4272461,1.2522278,9.683609,-46.59975449926113,656
0.2596588,1.1349182,10.097809,-35.537826006318596,657
0.34106445,1.3168793,9.980484,-42.01968577394445,658
0.3650055,1.6376953,9.448975,-29.684309491388067,659
0.3290863,1.8962708,9.0850525,-23.49985323569749,660
0.513443,2.039917,8.965347,-24.9396980938712,661
0.6690674,2.035141,9.180817,-31.91232061374081,662
0.51104736,1.6951599,9.9110565,-16.264335027126794,663
0.1519165,1.2234955,10.61734,-25.094425784234083,664
-0.20721436,1.0726624,10.425812,-4.135196306558942,665
-0.48493958,1.1037903,10.011612,0.014326038304570764,666
-0.106658936,1.336029,9.729095,-11.729442026754231,667
0.2883911,1.6783905,9.630936,-10.967524179555554,668
0.52301025,2.063858,9.88472,-18.22432952644824,669
0.9276428,2.2960968,10.172028,-20.492507283762535,670
1.0377655,2.3822937,10.162445,-24.480540334464383,671
0.8270874,2.3368073,9.855988,-15.499640708030508,672
0.96354675,2.3583527,9.523193,-13.55614196932829,673
1.0066528,2.2123108,9.329269,-14.252409745772098,674
0.5852661,1.9273987,9.56868,-8.941912052877797,675
0.23092651,1.7382507,9.626144,-4.032816039768682,676
0.2716217,1.8388062,9.11618,-4.76038956138642,677
0.3650055,1.9728851,9.089844,-7.595978026923533,678
0.34584045,1.9130249,9.575867,-7.728596394943086,679
0.13993835,1.9728851,9.958939,-3.0586071619861346,680
-0.049194336,2.0135803,9.851196,-2.4517651313546,681
-0.20960999,2.1309052,9.606995,4.438143797666157,682
-0.106658936,2.1931458,9.367569,0.5236027820208535,683
0.12797546,2.1907501,9.444183,0.6940219782281954,684
0.060928345,2.0303497,9.860779,0.8726764082230157,685
-0.22157288,1.7693787,10.320465,2.429192423364766,686
-0.6046448,1.5131989,10.684387,5.403118900021083,687
-0.7483063,1.422226,10.6388855,4.895365625330096,688
-0.75549316,1.5108032,10.234268,10.563981235465567,689
-0.50408936,1.7621918,9.441788,5.231078387659509,690
-0.79618835,1.8316193,8.972534,4.528791933896451,691
-0.9278717,1.8531799,8.912674,8.589697980400457,692
-0.8201294,2.0518951,9.11618,13.256184820417072,693
-0.5232544,2.2601929,9.132935,6.040864334995751,694
-0.4777527,2.1644135,9.305328,0.3565369952525763,695
-0.58070374,1.9273987,9.709946,4.771361833401222,696
-0.5424042,1.7406464,10.215118,6.138314058978908,697
-0.42269897,1.6592407,10.586227,6.64600116621231,698
-0.12820435,1.845993,10.550308,3.3990054340861757,699
0.115997314,2.0734406,10.454544,1.780050284151402,700
0.28599548,2.0973816,10.320465,-0.5223409579325465,701
0.4272461,2.150055,9.891907,-1.601804438207166,702
0.39372253,2.2745514,9.429825,-0.4300525891256714,703
0.300354,2.2745514,9.262222,1.0364627436943348,704
0.22853088,2.0614777,9.389114,1.398197352822732,705
0.21177673,1.9273987,9.721909,2.2322789233669447,706
0.3506317,2.015976,9.82486,-1.9352685741957631,707
0.79356384,2.1309052,9.475311,-5.890418319468819,708
0.47273254,1.8842926,9.518402,1.101074625695363,709
-0.15693665,1.5634766,9.877533,12.128319097867452,710
-0.45620728,1.470108,10.107376,14.26987453947982,711
-0.34846497,1.8076782,9.6141815,8.068174617455902,712
0.094451904,2.1859741,9.238281,2.932433290891901,713
0.64512634,2.3415985,9.219131,-4.676941298314966,714
0.6355438,2.284134,9.310104,-1.3402349801438287,715
0.23571777,2.126114,9.5351715,1.6177770490246524,716
-0.17129517,1.9345703,9.879929,12.018867877738936,717
-0.26467896,1.8268433,10.088226,7.096176373086911,718
-0.33650208,1.8172607,9.999634,6.537176615940143,719
-0.2527008,1.936966,9.504044,10.050939259922876,720
-0.0061035156,2.126114,9.264618,8.413310906405817,721
0.300354,2.3128662,9.611786,5.168159111912175,722
0.060928345,2.1596375,10.270187,8.012462471943401,723
-0.7004242,1.7382507,10.6388855,11.637899562629489,724
-1.0571594,1.4581299,10.528763,14.903312259522327,725
-0.8488617,1.6257324,9.934998,12.458240286667516,726
-0.3460846,1.9680939,9.482498,9.548038407750362,727
0.26445007,2.2673645,9.216736,3.99548179887857,728
0.53019714,2.4708862,9.125763,0.10728969203983132,729
0.7001953,2.5307312,9.046753,-0.48129819112738126,730
0.5325928,2.3415985,9.147308,-0.6070619307062971,731
0.39611816,2.138092,9.480103,3.037724712372467,732
0.24768066,1.93219,9.750641,-0.9031284864724002,733
0.1638794,1.8292389,9.633331,4.656981351126073,734
0.075302124,1.798111,9.544739,3.3967495506693677,735
0.008270264,1.719101,9.602203,6.3602247706785064,736
0.010650635,1.7071228,9.547134,7.606102928594431,737
-0.068344116,1.8244476,9.741074,5.889625590638275,738
0.23571777,2.0255585,9.894302,5.470265635977832,739
0.69540405,2.2075195,9.839233,-0.84082195339881,740
0.8605957,2.2410278,9.551926,-2.257215303696426,741
0.36260986,2.126114,9.556717,0.9434587258089157,742
-0.077926636,1.8651428,9.901474,6.871833687155965,743
0.13276672,1.9130249,9.98288,6.556640520640563,744
0.5062561,2.1117554,9.729095,1.5893242952113775,745
0.4368286,2.1548462,9.731491,1.5976032315373734,746
0.115997314,1.9968262,9.812897,4.32954592429707,747
0.017837524,1.9920349,9.6740265,3.3785803937034875,748
0.16149902,2.015976,9.712341,5.71041636785595,749
0.31950378,2.0375214,9.781769,3.8477200476954527,750
0.36021423,2.0758362,9.585449,3.801166758973115,751
0.2788086,1.9920349,9.405884,2.535418940431389,752
0.18304443,1.8962708,9.389114,4.149313026912889,753
0.3075409,1.9106293,9.463333,3.960414327019255,754
0.4942932,2.0542908,9.41066,-1.261618008693101,755
0.58047485,2.2506104,9.53038,-1.7534973901444486,756
0.5541382,2.2027283,9.812897,-1.730475063608157,757
0.48710632,2.2937012,9.676422,-0.2742477832667618,758
0.31950378,2.2170868,9.393906,1.3047321904466314,759
0.2596588,2.118927,9.379547,3.0892217773934245,760
0.34344482,2.0494995,9.494461,5.7231999206612745,761
0.45837402,2.0686493,9.681213,2.1012829387186818,762
0.40570068,2.0662537,10.02359,0.7892537050000965,763
0.32429504,1.9848633,10.083435,3.5803042678677017,764
0.21177673,2.0111847,9.80571,3.7116613987683293,765
0.26683044,2.0686493,9.633331,1.9588278176338412,766
0.19021606,2.0064087,10.162445,3.8856088145688057,767
0.30274963,1.8675385,10.406662,3.2271215891886893,768
0.4655609,1.93219,9.788956,0.8023980838926686,769
0.15431213,2.0494995,9.173645,4.596400134508999,770
0.056152344,2.1141357,9.075485,2.400829422506053,771
0.34823608,2.1859741,9.226318,3.9807674369722466,772
0.4775238,2.2745514,9.652481,0.3315740678987813,773
0.44161987,2.2266693,9.949356,0.5887596917733074,774
0.3506317,2.138092,9.822464,-0.24724647133254116,775
0.22373962,2.0686493,9.705154,1.3249348227944713,776
0.1878357,2.0303497,9.669235,4.233143353691041,777
0.3650055,2.1644135,9.56868,1.9201390648539503,778
0.39372253,2.1021729,9.700363,-0.14718726824089556,779
0.28120422,1.9633026,9.721909,0.5492663106926773,780
0.22613525,1.9968262,9.6141815,6.594445617696584,781
0.53977966,2.1763916,9.482498,-0.5888099043358777,782
0.65708923,2.2314606,9.4609375,-0.08373893964746952,783
0.3697815,2.1692047,9.575867,1.4814091205941744,784
0.17825317,2.0734406,9.743454,6.07023884418186,785
0.19500732,2.039917,9.662064,1.6279499754631517,786
0.16627502,2.083023,9.563889,3.703635072719918,787
0.22373962,2.0925903,9.630936,3.2051452420907616,788
0.2931671,2.0518951,9.901474,1.7172925850666207,789
0.14233398,1.9297943,10.215118,4.845709723177281,790
0.029815674,1.9417572,10.138504,5.639299584444131,791
0.2428894,2.1285095,9.6884,7.155416738192548,792
0.45118713,2.221878,9.3220825,3.956440437582777,793
0.28359985,2.1835785,9.295746,6.22540836240668,794
0.14233398,2.1404724,9.542343,6.153836944528232,795
0.29078674,2.1548462,9.733887,2.1896034745458817,796
0.34823608,2.1572418,9.721909,2.0100828378260864,797
0.2716217,2.106964,9.583054,1.0994009091835923,798
0.2428894,2.059082,9.360382,3.0293600785167287,799
0.2596588,1.9872437,9.319687,3.2484110753882076,800
0.26205444,2.0255585,9.43222,6.026421899995759,801
0.1519165,2.0375214,9.662064,3.608989141391051,802
0.24528503,2.0686493,9.621353,1.7026623198644535,803
0.34584045,2.142868,9.829651,4.481554772483466,804
0.38894653,2.1213226,9.820068,3.7733520942387075,805
0.21894836,2.087799,9.606995,3.17560382015681,806
0.13516235,2.1141357,9.326874,5.5360279779671835,807
0.33866882,2.1955414,9.319687,5.597240987082484,808
0.56851196,2.197937,9.846405,1.220272419047781,809
0.4942932,2.1213226,10.574249,2.8830949925354905,810
0.4368286,2.0518951,10.600586,1.1672893609955226,811
0.3075409,2.0782318,9.855988,1.9396638009266665,812
0.1519165,2.0016174,9.346024,4.331519848967204,813
0.08248901,1.9441528,9.338837,5.0161681929723505,814
0.1806488,1.9704895,9.724304,6.564346254684807,815
0.4559784,2.0135803,10.002029,3.334699416493917,816
0.46316528,2.0016174,9.94696,2.3199505912229936,817
0.46316528,2.1309052,9.575867,2.7641476750265417,818
0.6139984,2.2506104,9.183212,-0.6773361462509716,819
0.5852661,2.229065,9.262222,-1.278072254568779,820
0.44639587,2.0782318,9.815292,3.547642730143524,821
0.46076965,1.9728851,10.136108,2.894312297586767,822
0.69540405,2.047104,10.212723,-0.9307631116891545,823
0.8175049,2.1356964,9.867966,-4.998566368594404,824
0.56851196,2.2410278,9.365173,-0.041954133486952504,825
0.42485046,2.3368073,8.960556,2.2362707420499937,826
0.5325928,2.4804535,9.080261,2.0002964574059274,827
0.5493469,2.3200378,9.686005,-0.6379587183036729,828
0.4775238,2.1213226,10.06189,5.346158964324585,829
0.47512817,2.0925903,9.949356,0.4674658841193418,830
0.47991943,2.035141,9.592621,3.0589301018678294,831
0.32429504,1.8747253,9.362778,6.411405939450351,832
0.13993835,1.8507843,9.405884,7.334353607181718,833
0.18544006,2.004013,9.760223,5.04007727016198,834
0.7337036,2.3822937,9.573471,0.38173479040036984,835
0.9467926,2.5642548,9.405884,-4.791157002276389,836
0.6187897,2.3224335,9.45137,2.530290322138356,837
0.18304443,2.0566864,9.415451,10.98457830813943,838
0.15431213,1.9489441,9.48967,12.346890273949738,839
0.4775238,1.9130249,9.724304,7.001766937058056,840
0.513443,1.9656982,9.997253,8.353480156823798,841
0.6690674,2.106964,10.028366,6.184488699089133,842
0.96354675,2.2889252,9.6740265,-0.09093955318814308,843
0.99946594,2.2913208,9.202377,2.5548687578666467,844
0.8797455,2.1404724,9.068298,3.7561814255521186,845
0.731308,1.980072,9.561508,7.0975334462976285,846
0.8270874,1.7909241,10.136108,8.2723477547678,847
0.9156647,1.7454376,10.162445,5.514125268846246,848
0.80075073,1.798111,9.9661255,11.352931263851863,849
0.8989105,1.8483887,9.820068,7.416218547026199,850
0.9970703,1.8124695,9.8320465,4.739210852317503,851
0.84384155,1.8507843,9.987671,9.74966046940726,852
0.7839813,1.956131,10.033157,11.809657475914154,853
0.64512634,2.2242737,9.592621,13.834671961039534,854
0.43922424,2.4301758,8.704376,14.925354987521251,855
0.23332214,2.418213,8.345245,17.200933254801257,856
0.022628784,2.3703156,8.943802,19.356783428572815,857
-0.015686035,2.0135803,10.004425,22.88381627633924,858
-0.061172485,1.936966,10.765778,22.57521296171243,859
0.044174194,2.1907501,10.784943,20.58163783733662,860
0.30514526,2.2027283,10.428207,20.79222452227916,861
-0.0061035156,2.0064087,10.375534,21.513688866571144,862
-0.47058105,1.9465485,10.303711,28.25451525657803,863
-0.5926819,2.162033,10.162445,26.811987841607802,864
-0.28382874,2.387085,9.662064,26.165920248016295,865
-0.018066406,2.6552277,9.178436,20.109357576986916,866
-0.044403076,2.5355225,9.05632,20.860121725270965,867
-0.28622437,2.2984924,9.262222,26.36902616827038,868
-0.46339417,1.9178162,9.398697,29.086015655946216,869
-0.6788788,1.5826263,9.705154,32.315896001229355,870
-0.719574,1.3791199,10.152863,36.452149279562356,871
-0.6214142,1.4677124,10.411438,34.65011315008121,872
-0.28382874,1.7095184,10.346802,33.26736867336881,873
0.092056274,1.9273987,10.083435,29.08549997666388,874
0.25486755,2.0231628,9.863174,27.22014287093484,875
0.42964172,2.2147064,9.709946,26.97925575928683,876
0.79356384,2.4708862,9.39151,21.542300529004326,877
1.1335449,2.6983337,8.886337,17.112962125838784,878
1.1383209,2.6336823,8.778595,16.690854727584703,879
0.9156647,2.2865295,9.049149,24.094060910468382,880
0.38894653,1.9345703,9.635727,31.99142103451873,881
0.25486755,1.8029022,9.994858,32.43915701008599,882
0.4152832,1.9752808,10.021194,34.108649903628454,883
0.82229614,2.3344116,9.611786,28.838452034384517,884
1.0305939,2.4086304,9.106598,24.401774592955796,885
0.8175049,2.1333008,8.824081,28.93167728636602,886
0.30514526,1.9178162,9.061111,37.4238051606992,887
0.24768066,1.9202118,9.573471,40.08410920090581,888
0.42485046,2.0686493,9.736282,38.12658039987474,889
0.4847107,2.2889252,9.319687,38.64140590856445,890
0.53977966,2.434967,8.939011,36.8289844764503,891
0.8797455,2.3918762,9.389114,37.104978760432175,892
0.84384155,2.1309052,10.193573,41.74019101801295,893
0.21417236,2.0111847,10.562271,48.57769532062678,894
0.001083374,2.063858,10.320465,46.92575601325125,895
0.24528503,2.2506104,9.76741,44.45393445828574,896
0.2716217,2.3583527,9.346024,43.29438348817642,897
0.31233215,2.3583527,9.403488,45.62337554231322,898
0.23571777,2.3296204,9.834442,44.85164954346641,899
0.19740295,2.3583527,9.803314,48.82566192334951,900
0.31472778,2.5043945,9.3125,45.230151306511836,901
0.22613525,2.418213,8.982101,47.173715785784815,902
-0.2024231,2.2242737,8.97731,50.48178130649709,903
-0.36763,2.0494995,9.132935,58.05044028428786,904
-0.080322266,2.1835785,9.336441,55.729162928818596,905
0.221344,2.2649841,9.633331,56.44291428199034,906
0.20698547,2.2577972,9.896683,51.98958996200701,907
0.19500732,2.300888,10.083435,53.115775458020806,908
0.4440155,2.332016,10.195969,52.63386463094138,909
0.5828705,2.3918762,10.148087,53.41043323390974,910
0.42485046,2.403839,10.109772,54.81956614648048,911
0.46316528,2.4253845,9.980484,53.49902420253939,912
0.58047485,2.4732666,9.779373,58.40905253647021,913
0.56851196,2.4780579,9.616562,55.625593355339106,914
0.28359985,2.3487701,9.492065,58.47028518237938,915
0.027420044,2.284134,9.338837,64.21368197241638,916
-0.073135376,2.2697601,9.458557,64.35704081290578,917
-0.015686035,2.2889252,9.6141815,62.861577724320654,918
-0.046798706,2.300888,9.681213,61.40568192159741,919
-0.1329956,2.308075,9.676422,64.43954266789036,920
-0.121017456,2.2482147,9.592621,65.62308467745935,921
-0.039627075,2.1548462,9.54953,64.66801249562728,922
0.094451904,2.1333008,9.415451,66.98012715232498,923
0.034606934,2.0901947,9.6884,65.65770690636214,924
-0.058776855,2.0447083,10.217514,70.11764284946204,925
0.29556274,2.138092,10.270187,69.39758381659179,926
0.67385864,2.3152618,9.942184,63.9460478399786,927
0.6906128,2.2721558,9.654877,66.26279336493356,928
0.28120422,2.173996,9.590225,68.06456311703708,929
-0.0013122559,2.197937,9.566284,69.60731843543536,930
-0.097076416,2.1524506,9.736282,73.47745388332633,931
0.041778564,2.2577972,9.64769,70.55678986214801,932
0.070510864,2.4732666,9.3125,66.26978064845449,933
0.032211304,2.5834045,9.166458,67.71037682743689,934
-0.097076416,2.537918,9.211945,69.6330477580388,935
-0.32691956,2.5163727,9.796127,72.33012553673676,936
0.022628784,2.5091858,10.294128,74.5708920373645,937
0.19500732,2.6384735,9.420242,67.90633495472456,938
-0.046798706,2.8323975,8.673248,68.42838680355615,939
-0.36283875,2.52594,8.622971,70.16111017334,940
-0.6286011,2.339203,9.226318,73.8903388186536,941
-0.43466187,2.3990479,9.798523,70.43768502340133,942
-0.070739746,2.6217194,9.906265,69.79661712828226,943
0.13755798,2.707901,9.578262,68.61541104340944,944
0.075302124,2.4756622,9.343628,69.87682403970572,945
-0.18806458,2.2697601,9.252655,73.49484354495318,946
-0.3460846,2.2937012,9.60939,75.81430065500865,947
0.010650635,2.4445496,9.958939,72.67253658020783,948
0.32669067,2.6025543,9.829651,71.02095585776374,949
0.28359985,2.7677612,9.441788,71.34546497542021,950
0.2428894,2.5762177,9.142517,71.65435345044487,951
0.070510864,2.1596375,9.408279,71.94497799962892,952
-0.17848206,1.7454376,10.126526,82.99753547303018,953
0.072906494,1.9226074,10.636505,81.17165515315652,954
0.16867065,2.0518951,10.45694,76.77659917698257,955
0.39372253,2.2889252,9.48967,71.95018943396563,956
0.42245483,2.4565125,8.7091675,70.8775150550043,957
0.33387756,2.4996033,8.776199,70.52627257693639,958
0.5541382,2.5834045,9.448975,68.63946696966622,959
0.74568176,2.5043945,10.248642,69.55227394091423,960
0.7049713,2.379898,10.4210205,71.42393701879449,961
0.5062561,2.2123108,10.097809,72.7405789247195,962
0.26205444,2.1141357,9.812897,74.39987776092572,963
0.1303711,2.2027283,9.736282,73.29064820952648,964
0.29556274,2.3846893,9.475311,73.64518283877433,965
0.30274963,2.4948273,9.317291,175.2165093444946,966
0.24528503,2.4636993,9.264618,72.9771630171904,967
0.032211304,2.411026,9.422638,75.51833489789365,968
-0.099472046,2.3607483,9.551926,78.36589540438533,969
-0.0061035156,2.3463745,9.283768,75.31010292066748,970
-0.15693665,2.355957,9.176041,73.44360346579975,971
-0.2239685,2.2793427,9.4609375,78.08709391265458,972
0.0154418945,2.3296204,9.484894,73.08530540231922,973
0.1806488,2.3727112,9.604599,74.24177254201827,974
-0.025253296,2.1117554,9.98288,80.7421113864436,975
-0.26707458,2.004013,9.98288,80.19521813960067,976
-0.26228333,2.1309052,9.748245,77.05277104588286,977
0.089660645,2.2601929,9.712341,76.78593604557798,978
0.32669067,2.3775024,9.611786,74.05614166075566,979
0.2500763,2.4373627,9.583054,74.34313937949042,980
0.14472961,2.3655396,9.925415,75.93359673905209,981
0.13276672,2.2434235,10.088226,77.97243552705757,982
0.053756714,2.2123108,9.939789,78.11149134836987,983
0.13516235,2.2937012,9.690796,78.27388592607609,984
0.2381134,2.2793427,9.743454,74.96560866949955,985
0.24528503,2.2338562,9.772186,75.46421930909965,986
0.14952087,2.1476593,9.544739,81.11381028107569,987
0.032211304,2.1093597,9.374756,78.16678172970111,988
0.104034424,2.162033,9.559113,75.48417712185442,989
0.3865509,2.2649841,9.738678,73.93205761410404,990
0.40090942,2.2673645,9.784164,77.11032905001856,991
0.48231506,2.2697601,9.523193,72.92597074936116,992
0.47991943,2.2984924,9.190399,74.55923973464046,993
0.23332214,2.2577972,9.259827,78.14608625651597,994
0.23092651,2.2266693,9.482498,76.66368931981309,995
0.30514526,2.229065,9.654877,75.5720543357158,996
0.37696838,2.1596375,9.736282,80.06928311168397,997
0.221344,1.9633026,9.800919,79.38892113826984,998
0.118392944,1.8579559,9.657272,80.12221707775157,999
0.21177673,1.8986664,9.654877,78.87962125261866,1000
0.19500732,1.8435974,9.927811,79.74370848451699,1001
0.115997314,1.8699341,10.114563,82.59119385892778,1002
0.19500732,2.0183716,9.894302,77.64110988060942,1003
0.15670776,2.1404724,9.633331,77.03327768599165,1004
0.28120422,2.3415985,9.288559,74.37128658906005,1005
0.50146484,2.4828491,9.343628,73.3342862881337,1006
0.4559784,2.332016,9.719513,75.4012927762763,1007
0.22613525,2.2266693,10.176819,77.7695106068165,1008
0.23092651,2.1524506,10.109772,77.7847692494223,1009
0.32669067,2.1476593,9.657272,77.00428353296495,1010
0.24528503,2.2099152,9.307709,79.00007846882102,1011
0.10643005,2.1476593,9.408279,78.98829639250275,1012
0.010650635,2.039917,9.671631,76.76203038348294,1013
0.051361084,2.0088043,9.822464,79.4866201641577,1014
0.058547974,2.0494995,9.841629,76.86689427781013,1015
0.1303711,2.1045685,9.721909,79.38336136428545,1016
0.2428894,2.1117554,9.501648,78.74418543156648,1017
0.300354,2.1692047,9.401093,79.02449639510381,1018
0.37696838,2.162033,9.559113,77.47475379318459,1019
0.45837402,2.1572418,9.592621,76.86407340968293,1020
0.30514526,2.1811829,9.70755,77.46879103803917,1021
0.22853088,2.0854187,9.8320465,80.06214556400131,1022
0.26922607,2.083023,9.571075,82.49049637999428,1023
0.23092651,2.3703156,9.027588,73.51434373503358,1024
0.1926117,2.2984924,8.927032,74.038116791536,1025
0.46076965,2.3152618,9.396301,76.01211659375055,1026
0.45358276,2.2099152,9.899078,76.06362305028162,1027
0.32429504,2.118927,10.155258,75.69467672188505,1028
0.31950378,1.9920349,10.136108,76.88166797698487,1029
0.33148193,1.925003,9.980484,79.06763586990161,1030
0.26445007,1.9872437,9.791351,78.99823431774512,1031
0.24768066,1.9656982,9.5399475,75.36969632117584,1032
0.12557983,1.9585266,9.422638,77.32080132929251,1033
0.1878357,1.9273987,9.714737,79.27793056425713,1034
0.31233215,1.936966,9.975693,77.27156932575505,1035
0.2883911,2.0255585,9.810501,75.63488524589074,1036
0.25247192,2.0088043,9.47052,75.36073511298478,1037
0.14952087,2.0183716,9.338837,78.43831590015498,1038
0.17106628,2.0375214,9.427429,74.75792993759613,1039
0.22613525,2.047104,9.64769,73.80707881267115,1040
0.3362732,2.0854187,9.772186,74.28036994101801,1041
0.4200592,2.0686493,9.889511,74.81839760231826,1042
0.37217712,2.0088043,9.741074,73.16745891765613,1043
0.19021606,2.047104,9.202377,77.99860881195706,1044
0.18304443,2.0231628,8.986893,73.8409360603869,1045
0.26205444,1.8914795,9.3125,77.08726350119143,1046
0.1303711,1.7406464,9.800919,80.72205795104044,1047
0.115997314,1.6472778,10.011612,77.18605535734649,1048
0.27641296,1.8483887,9.839233,76.4434567002152,1049
0.44161987,1.9393616,9.616562,80.138063116626,1050
0.26205444,1.8555756,9.712341,74.68886989489813,1051
0.020233154,1.719101,9.781769,80.93295370204292,1052
0.0154418945,1.6999512,9.700363,78.47819054452951,1053
0.221344,1.8052979,9.5950165,75.55555942887023,1054
0.51104736,1.956131,9.6884,75.17446902412937,1055
0.7193451,1.8699341,9.664459,73.3443744775378,1056
0.5158386,1.7885284,9.446579,74.92376693064404,1057
0.26445007,1.7286835,9.41066,76.8498666162093,1058
0.38894653,1.6592407,9.66684,78.48524612994213,1059
0.46076965,1.6472778,9.899078,78.48674194137037,1060
0.3650055,1.687973,9.882324,80.43971842131963,1061
0.39134216,1.8148651,9.676422,76.50668376136201,1062
0.41767883,1.7645874,9.51123,76.52387534750292,1063
0.2788086,1.7310638,9.657272,77.31862249894728,1064
0.31233215,1.5993958,10.081039,80.49931865201715,1065
0.4487915,1.4150391,10.322861,82.37313323948595,1066
0.41049194,1.5084076,10.1289215,80.84386754469844,1067
0.4559784,1.7047272,9.700363,75.55710988181181,1068
0.37457275,1.7310638,9.566284,75.29696163670437,1069
0.2931671,1.7645874,9.425034,76.19901789019879,1070
0.29556274,1.7550049,9.566284,78.45535722213415,1071
0.53019714,1.8076782,9.760223,75.29401099498293,1072
0.61639404,1.7957153,10.040344,73.99581059981693,1073
0.51104736,1.7334595,10.272583,77.37626929554219,1074
0.38175964,1.6209412,10.143295,77.08322685939196,1075
0.34584045,1.6017761,9.8320465,77.69482248824241,1076
0.32669067,1.6017761,9.853592,77.72137826373542,1077
0.48710632,1.5946045,9.956543,77.81983544062115,1078
0.5493469,1.5371399,9.882324,76.47292213629463,1079
0.5709076,1.5323486,10.011612,74.44399395277483,1080
0.61639404,1.5108032,10.212723,78.02011024746426,1081
0.6068115,1.585022,10.088226,76.08362867436058,1082
0.73609924,1.7095184,9.86557,80.02919673144517,1083
0.6618805,1.5898132,9.626144,82.98594464200868,1084
0.300354,1.3791199,9.592621,79.62062847567336,1085
0.17106628,1.312088,9.520798,82.50669758870556,1086
0.29556274,1.2977142,9.640503,77.64402637138502,1087
0.4200592,1.2642059,9.927811,81.70038009680721,1088
0.4847107,1.4485474,9.915848,77.7843594380721,1089
0.56611633,1.6161499,9.66684,75.79731397454282,1090
0.5062561,1.6281128,9.623749,78.801695624378,1091
0.8270874,1.8244476,9.5399475,76.07275501320193,1092
0.38415527,1.450943,9.094635,79.79321369562123,1093
0.010650635,1.2737732,8.955765,80.4990112935045,1094
0.34584045,1.4485474,9.999634,79.10058470245775,1095
0.74328613,1.2210999,11.024353,79.46077472833838,1096
0.7384949,1.2833557,10.99324,81.73190825001599,1097
0.5445709,1.4581299,10.380325,81.80876153855698,1098
0.7097626,1.6472778,9.709946,83.58077215644674,1099
0.67385864,1.640091,9.547134,77.82254702572165,1100
0.6139984,1.7143097,9.650085,78.21936735612104,1101
0.58766174,1.640091,9.822464,79.07356447410118,1102
0.6331482,1.5514984,9.853592,75.83072725996253,1103
0.56851196,1.549118,9.781769,84.96626919939466,1104
0.6355438,1.5634766,9.499252,80.74780776421139,1105
0.6259613,1.5898132,9.302933,84.97885723803499,1106
0.34106445,1.4413757,9.403488,85.1664688741569,1107
0.2500763,1.3934937,9.599808,81.01866574593741,1108
0.32669067,1.446167,9.954147,80.63697428454958,1109
0.53019714,1.4389801,10.090622,83.48578471565938,1110
0.41767883,1.4844666,9.872742,85.55725131733001,1111
0.35302734,1.608963,9.51123,77.44509028161923,1112
0.4990692,1.7119141,9.365173,77.4009331086351,1113
0.6546936,1.7765656,9.585449,78.0801407800795,1114
0.5852661,1.6831818,10.095413,78.35664732824912,1115
0.5254059,1.5706635,10.143295,84.00352671512468,1116
0.44161987,1.6736145,9.954147,81.37271543175419,1117
0.5541382,1.6688232,9.870346,82.3727848998383,1118
0.5852661,1.6472778,9.798523,81.22076421328892,1119
0.4775238,1.5586853,9.705154,85.9410464769822,1120
0.34584045,1.474884,9.8320465,98.21784705721656,1121
0.24768066,1.391098,9.8320465,103.9988167178778,1122
0.34823608,1.5658722,9.803314,93.55499302406474,1123
0.379364,1.4916534,10.145691,91.68009926670707,1124
0.25726318,1.4341888,10.330048,91.94554773861044,1125
0.3075409,1.5682678,9.899078,82.72322141558413,1126
0.41767883,1.6712189,9.398697,83.90282240600202,1127
0.5349884,1.8172607,9.346024,81.11462307358691,1128
0.5613251,1.8052979,9.580658,80.06019896008786,1129
0.6116028,1.8148651,9.683609,86.77412465004865,1130
0.7384949,1.8005066,9.537567,77.46200183000418,1131
0.7815857,1.8316193,9.39151,75.88797107539641,1132
0.5900574,1.7645874,9.425034,76.4058974899693,1133
0.53977966,1.7645874,9.525589,76.73323430594216,1134
0.5445709,1.7286835,9.640503,81.5932622400539,1135
0.5852661,1.6568451,9.702759,76.33778684356594,1136
0.47512817,1.6281128,9.755432,75.16871117465904,1137
0.57328796,1.6712189,9.6884,80.74616851881058,1138
0.64990234,1.7095184,9.760223,80.67402806079691,1139
0.68821716,1.7262878,9.846405,82.34767712444932,1140
0.7097626,1.7167053,9.899078,89.76100052504108,1141
0.65708923,1.7597961,9.889511,78.33718811930376,1142
0.7696228,1.822052,9.729095,72.03267762857188,1143
0.810318,1.8005066,10.265396,74.97805327416731,1144
1.5142212,1.8005066,9.748245,74.10624792850687,1145
-0.5663452,2.2003326,8.486511,77.10282267212072,1146
-0.109054565,1.7621918,9.130539,79.25095814722475,1147
1.4902802,1.4078522,9.992462,77.08536470860217,1148
0.7600403,1.6712189,10.535934,79.82722120749872,1149
0.28359985,1.6233368,10.365952,80.11764768119684,1150
0.46316528,1.3623657,9.992462,80.88741683084645,1151
0.56851196,1.4964447,9.499252,75.52574565314312,1152
0.33148193,1.6592407,9.204773,82.9213652034062,1153
0.3290863,1.7286835,9.286163,83.3866786708025,1154
0.4559784,1.6448822,9.633331,80.07386616861706,1155
0.56611633,1.664032,9.985275,78.86675317622236,1156
0.5493469,1.6161499,10.21991,80.54286110797598,1157
0.4559784,1.5108032,10.12175,80.0735383195369,1158
0.32429504,1.450943,9.788956,80.12640398371279,1159
0.33387756,1.4796753,9.501648,78.18191059871269,1160
0.4559784,1.5514984,9.604599,82.56660517791575,1161
0.5828705,1.5778351,10.02597,83.69575156093474,1162
0.59724426,1.5514984,10.179199,77.97121975338531,1163
0.57328796,1.6376953,9.90387,72.57325295043253,1164
0.6211853,1.7406464,9.54953,78.46992601563379,1165
0.59724426,1.6736145,9.420242,74.4960946357637,1166
0.6906128,1.6951599,9.415451,76.5115605164294,1167
0.5541382,1.6352997,9.70755,79.31816720865767,1168
0.40570068,1.506012,9.975693,80.24062523720292,1169
0.32429504,1.4581299,9.923019,83.3968556526658,1170
0.4559784,1.5323486,9.621353,82.67362741202066,1171
0.5613251,1.5658722,9.561508,82.88862127652516,1172
0.41049194,1.4844666,9.76741,86.33239582585642,1173
0.31233215,1.3839111,9.920639,84.3017191139091,1174
0.4703369,1.4317932,9.970917,78.88883517780901,1175
0.74328613,1.5562897,9.925415,79.46693555896972,1176
0.9037018,1.5993958,9.882324,80.79184199379046,1177
0.71694946,1.5251617,9.879929,81.8903891293278,1178
0.65948486,1.5610809,9.671631,82.46381766109621,1179
0.7696228,1.5754547,9.642899,82.48650071932983,1180
1.0162201,1.6257324,9.834442,81.15572032182288,1181
0.8821411,1.5179901,10.100204,90.07602934012958,1182
0.8605957,1.5323486,10.093018,80.4332980434998,1183
0.7768097,1.4317932,9.999634,88.87592412182332,1184
0.7624359,1.5778351,9.82486,81.91405573480189,1185
0.810318,1.6448822,9.686005,81.03565242640323,1186
0.7217407,1.6736145,9.563889,82.60758631293582,1187
0.5709076,1.7526245,9.508835,79.57817884998173,1188
0.5158386,1.687973,9.5399475,82.79795734548242,1189
0.44639587,1.5634766,9.657272,80.60390250858839,1190
0.2788086,1.4293976,9.705154,83.57072494817766,1191
0.1638794,1.336029,9.798523,82.28790613902254,1192
0.25486755,1.4102478,9.860779,81.91441773482791,1193
0.24528503,1.4078522,9.80571,87.44543662281252,1194
0.30514526,1.5658722,9.518402,85.25984439030015,1195
0.4847107,1.7167053,9.367569,85.81793914738189,1196
0.5828705,1.7526245,9.781769,82.76156609758458,1197
1.047348,1.9728851,10.126526,77.49329092659201,1198
0.7624359,1.7645874,9.238281,81.92488158463637,1199
0.089660645,1.5227814,8.6540985,81.75135379858301,1200
0.25486755,1.8100739,8.972534,75.07348467725072,1201
0.48710632,1.6951599,10.600586,77.88561016232838,1202
0.92285156,1.5251617,11.230255,88.35995114135305,1203
0.7097626,1.5036163,10.497635,82.86304221808346,1204
0.34344482,1.5730591,9.35321,85.8209649211842,1205
0.020233154,1.4485474,9.0252075,85.19223917789536,1206
0.013046265,1.391098,9.365173,86.11388441392937,1207
0.28359985,1.5155945,9.934998,87.81795514014502,1208
0.671463,1.5634766,10.195969,87.4087721673479,1209
0.7097626,1.6017761,10.066681,88.0212898717363,1210
0.5349884,1.5371399,9.798523,94.91483587649009,1211
0.4440155,1.4892578,9.587845,89.0403540959022,1212
0.42485046,1.5898132,9.563889,88.41182642809929,1213
0.62835693,1.6448822,9.606995,83.60191842211711,1214
0.7696228,1.6736145,9.719513,84.91106761052262,1215
0.71455383,1.5778351,9.872742,89.96261404896151,1216
0.6355438,1.6065674,9.877533,82.55839529053338,1217
0.62358093,1.5946045,9.695572,82.04300970633173,1218
0.59962463,1.5203857,9.587845,82.6440117117795,1219
0.53977966,1.5084076,9.616562,82.58939751917607,1220
0.5709076,1.4365845,9.817688,89.02967168004031,1221
0.64512634,1.343216,10.033157,88.34960340476047,1222
0.62835693,1.3168793,10.021194,90.81799961985723,1223
0.57328796,1.3503876,9.76741,85.33720994302888,1224
0.5900574,1.4916534,9.475311,83.06423227027535,1225
0.5541382,1.5946045,9.302933,90.43203246004899,1226
0.55892944,1.5730591,9.329269,94.36088021404538,1227
0.5421753,1.4174347,9.563889,95.53570007204425,1228
0.513443,1.3599701,9.927811,93.01915785348807,1229
0.5900574,1.3743286,10.20076,93.25517504025787,1230
0.5565338,1.233078,10.318069,107.11345128129531,1231
0.59484863,1.2857513,10.133713,108.97193209407745,1232
0.59724426,1.3264465,9.994858,96.63646018887268,1233
0.7672272,1.3887024,9.939789,90.0641584713521,1234
0.750473,1.3743286,9.975693,78.56145738070113,1235
0.7025757,1.4246063,9.949356,81.20625006130264,1236
0.65708923,1.3647614,9.839233,83.12021250071278,1237
0.62358093,1.3527832,9.686005,78.15417320049328,1238
0.5900574,1.3623657,9.578262,78.54522202104401,1239
0.6068115,1.3192749,9.566284,80.90433520942057,1240
0.58047485,1.3527832,9.604599,77.09497478476437,1241
0.68821716,1.4581299,9.721909,80.47924472604649,1242
0.9659424,1.4605255,9.74585,74.5418295824461,1243
0.8294678,1.3575745,9.709946,79.51512937375334,1244
0.4703369,1.288147,9.686005,83.71610552466137,1245
0.4655609,1.3096924,9.700363,79.00649884664082,1246
0.7983551,1.4365845,9.702759,79.1236229305282,1247
0.85580444,1.4964447,9.70755,80.43842751556649,1248
0.6618805,1.3982697,9.822464,83.26023820888722,1249
0.5828705,1.3025055,9.949356,80.38500860606781,1250
0.5349884,1.2234955,10.059494,84.03457675509156,1251
0.59484863,1.2905426,9.987671,86.83248178631725,1252
0.5637207,1.2785645,9.853592,79.75760108928878,1253
0.50865173,1.2857513,9.80571,78.27876268114348,1254
0.56611633,1.3168793,9.640503,79.03383326369922,1255
0.5254059,1.3982697,9.604599,78.0928722526924,1256
0.50146484,1.367157,9.820068,79.98218453938797,1257
0.810318,1.3192749,9.949356,84.31775639808029,1258
0.55892944,1.4150391,9.413055,81.18697526746486,1259
0.41767883,1.4246063,9.128159,82.79970587390993,1260
0.6546936,1.2713776,9.51123,79.02690062169165,1261
0.81510925,1.1277313,10.02597,78.44649163659147,1262
0.47273254,1.2546234,10.315674,84.50805229854602,1263
0.7696228,1.3288422,10.133713,82.60469031272773,1264
0.9539795,1.4174347,9.999634,76.26009344175704,1265
0.92045593,1.3815155,9.7267,77.78216694734853,1266
0.62835693,1.336029,9.750641,79.76574267477945,1267
0.40570068,1.2498322,9.906265,77.63379474800834,1268
0.41767883,1.1971588,9.870346,81.56983469120075,1269
0.5062561,1.2354736,9.755432,87.89826450440603,1270
0.4272461,1.1828003,9.867966,84.493387882398,1271
0.221344,1.0583038,10.167236,87.57258742440149,1272
0.2428894,1.0319672,10.21991,81.64957714976066,1273
0.35302734,1.1325226,9.958939,84.03776645343396,1274
0.4847107,1.2187042,9.652481,82.58015627322905,1275
0.41288757,1.2258911,9.6141815,82.12558669339718,1276
0.3865509,1.2713776,9.611786,80.31948660135988,1277
0.5445709,1.343216,9.635727,83.36687795239862,1278
0.56611633,1.336029,9.815292,81.37454592245176,1279
0.5158386,1.3408203,9.923019,80.62599134036421,1280
0.5349884,1.3216553,9.738678,77.11564293719283,1281
0.513443,1.2977142,9.695572,77.78814336287229,1282
