7.2323008,0
13.826607,1
19.494587,2
24.53222,3
28.967405,4
33.026085,5
36.850243,6
40.050243,7
42.993828,8
45.670036,9
47.881317,10
49.766857,11
51.50958,12
53.21502,13
54.652298,14
55.90342,15
57.381092,16
58.67551,17
60.020374,18
61.413,19
62.814198,20
63.79215,21
64.69043,22
65.22986,23
65.637405,24
65.89105,25
66.23928,26
66.501915,27
66.80331,28
66.92666,29
67.18386,30
67.37824,31
67.46024,32
67.63956,33
67.863785,34
68.03711,35
68.198845,36
104.04442,37
136.42389,38
165.57915,39
191.89038,40
215.3226,41
236.54819,42
255.66075,43
272.83975,44
288.34073,45
302.2846,46
315.04202,47
326.3827,48
336.54962,49
345.78522,50
353.97412,51
1.4822693,52
8.324956,53
14.306136,54
19.753746,55
24.63707,56
29.04293,57
33.032738,58
36.64469,59
40.20562,60
43.22229,61
46.021454,62
48.41232,63
50.36231,64
52.161617,65
53.94535,66
55.45386,67
56.80471,68
57.94445,69
59.074512,70
60.0283,71
60.96896,72
61.82277,73
62.535786,74
63.043304,75
63.4556,76
63.76198,77
64.22884,78
64.63632,79
64.909775,80
65.18853,81
65.39319,82
65.69333,83
65.991936,84
66.34482,85
66.706436,86
67.02743,87
67.17282,88
67.20267,89
67.43122,90
67.98476,91
68.80162,92
70.116684,93
71.69375,94
73.333626,95
75.18509,96
77.486176,97
79.55904,98
81.86706,99
84.29656,100
86.77224,101
89.39927,102
92.0114,103
94.89498,104
97.840515,105
100.65214,106
103.783,107
107.26102,108
110.813835,109
114.53049,110
118.09998,111
121.24758,112
124.856125,113
127.606476,114
130.50313,115
133.81685,116
136.48026,117
138.91122,118
140.78761,119
142.45319,120
144.3439,121
146.14302,122
147.74579,123
149.11786,124
150.50311,125
151.40681,126
152.06909,127
153.1235,128
153.73221,129
154.45015,130
155.22195,131
155.68582,132
156.08325,133
156.50095,134
156.7816,135
157.15369,136
157.66591,137
157.98532,138
158.30356,139
158.45082,140
158.54564,141
158.86603,142
159.10295,143
159.42363,144
159.44127,145
159.56049,146
195.44255,147
228.16307,148
257.53348,149
284.1211,150
307.65076,151
328.93222,152
348.07123,153
5.385071,154
20.776878,155
34.861237,156
47.348278,157
58.76578,158
68.83896,159
77.92797,160
86.137375,161
93.70825,162
100.511696,163
106.52225,164
112.08548,165
117.09956,166
121.32596,167
125.30208,168
128.96976,169
132.23216,170
134.99216,171
137.70673,172
140.04248,173
142.21033,174
143.90579,175
145.49933,176
147.1275,177
148.5544,178
149.87671,179
150.99347,180
152.12347,181
153.04643,182
154.00243,183
154.67392,184
155.37892,185
155.72414,186
156.33247,187
157.04077,188
157.78699,189
158.15112,190
158.44177,191
158.86967,192
159.1138,193
159.324,194
195.27441,195
227.80086,196
257.2345,197
283.5619,198
307.21738,199
328.7533,200
348.0738,201
5.2958984,202
20.847944,203
35.07657,204
47.752857,205
59.172344,206
69.53789,207
78.813705,208
87.14979,209
94.90907,210
101.6893,211
107.72149,212
113.03305,213
117.92567,214
122.65899,215
126.83126,216
130.58057,217
134.05856,218
137.43484,219
141.05014,220
144.25555,221
147.41635,222
150.95241,223
154.53625,224
158.17114,225
161.99486,226
165.60515,227
169.90785,228
173.04707,229
177.31952,230
181.25143,231
185.67105,232
189.99023,233
194.53197,234
199.09528,235
203.28957,236
207.26088,237
211.4359,238
215.34618,239
219.1093,240
223.05199,241
226.9895,242
230.53273,243
233.68419,244
236.55132,245
239.1211,246
241.54086,247
243.63992,248
245.88766,249
248.01294,250
249.53842,251
250.9359,252
252.26259,253
253.48753,254
254.6711,255
255.75098,256
256.4671,257
257.3955,258
257.98013,259
258.19403,260
257.9939,261
257.58392,262
257.41293,263
257.77017,264
258.0582,265
258.59158,266
259.07663,267
259.83447,268
260.178,269
260.36215,270
260.45572,271
260.57925,272
261.04205,273
261.16232,274
261.29535,275
261.41187,276
261.50012,277
261.68625,278
261.9431,279
262.06595,280
262.22305,281
262.33926,282
262.60522,283
262.2356,284
262.06567,285
262.2476,286
262.46344,287
262.70865,288
263.07666,289
262.94705,290
262.9994,291
262.9718,292
263.03418,293
263.14072,294
263.3679,295
263.4597,296
263.3052,297
263.3718,298
263.57584,299
263.6769,300
263.83997,301
263.9471,302
263.9062,303
263.91064,304
264.0497,305
264.28726,306
264.17288,307
264.21606,308
264.12225,309
263.87585,310
263.8518,311
263.74045,312
263.7398,313
263.9144,314
263.89862,315
263.8546,316
264.02945,317
264.04672,318
264.0427,319
264.0934,320
264.02655,321
263.80615,322
263.3609,323
263.24933,324
263.28967,325
263.2953,326
263.41013,327
263.41766,328
263.3934,329
263.41412,330
263.44165,331
263.4672,332
263.7512,333
263.72287,334
263.78226,335
263.60925,336
263.88553,337
263.88565,338
264.36557,339
264.8137,340
265.6575,341
266.68314,342
267.9803,343
269.20456,344
271.03848,345
272.93948,346
275.3469,347
278.09375,348
281.37015,349
284.6679,350
288.3996,351
291.69354,352
295.46158,353
299.28888,354
302.80835,355
306.11853,356
309.82944,357
313.16617,358
316.70676,359
320.11383,360
323.23923,361
326.24628,362
329.06125,363
331.14948,364
333.30835,365
335.5019,366
336.98795,367
338.416,368
339.77908,369
341.03168,370
342.06348,371
342.95825,372
343.9524,373
344.85516,374
345.55692,375
346.18268,376
346.67096,377
347.14764,378
347.66882,379
348.1062,380
348.6162,381
349.0399,382
349.43918,383
349.88904,384
350.16904,385
350.3718,386
350.61917,387
350.84726,388
351.04993,389
351.19617,390
351.56494,391
351.6935,392
351.9518,393
352.12805,394
352.26807,395
352.32007,396
352.47858,397
352.61423,398
352.62503,399
352.58273,400
352.44547,401
352.47168,402
352.53683,403
352.50116,404
352.6292,405
352.69427,406
352.6737,407
352.67947,408
352.54724,409
352.80255,410
352.71243,411
352.73288,412
352.85336,413
352.8709,414
352.6954,415
352.7425,416
352.798,417
352.79147,418
352.8299,419
352.8134,420
352.91968,421
352.94293,422
352.86066,423
352.853,424
352.81323,425
352.82523,426
352.85715,427
352.7558,428
352.7854,429
352.75912,430
352.64737,431
352.64386,432
352.54187,433
352.50882,434
352.5062,435
352.3872,436
352.60565,437
352.59888,438
352.67352,439
352.6571,440
352.77603,441
352.78183,442
352.8845,443
352.83423,444
352.90503,445
352.9387,446
352.82095,447
352.9112,448
353.07147,449
353.22382,450
353.3982,451
353.44827,452
353.39563,453
353.09686,454
353.052,455
352.94397,456
352.81757,457
352.75604,458
352.83313,459
352.85907,460
353.04495,461
353.089,462
353.06854,463
353.15717,464
353.1496,465
353.23434,466
353.23584,467
353.27588,468
353.12723,469
353.07538,470
353.11383,471
353.1826,472
353.09128,473
353.03656,474
353.0849,475
353.0766,476
352.99213,477
353.0393,478
352.98914,479
353.06766,480
353.31546,481
353.29016,482
353.90976,483
354.98846,484
356.2136,485
357.17172,486
359.1015,487
0.9378662,488
3.0805004,489
6.063106,490
8.834912,491
11.881306,492
15.34484,493
18.83447,494
22.32593,495
25.842905,496
29.062847,497
32.298874,498
35.456238,499
38.4906,500
41.292538,501
44.00672,502
46.53695,503
48.926067,504
51.027546,505
52.906044,506
54.711323,507
56.388294,508
57.919773,509
59.38317,510
60.674576,511
61.628845,512
62.516727,513
63.315075,514
64.0356,515
64.58747,516
65.21809,517
65.62781,518
65.95272,519
66.06551,520
66.47577,521
66.68941,522
66.81512,523
67.01831,524
67.23236,525
67.35119,526
67.5876,527
67.75918,528
67.916626,529
103.87021,530
136.39575,531
165.72388,532
192.0777,533
215.89565,534
237.22604,535
256.47168,536
273.85577,537
289.1692,538
303.0784,539
315.60504,540
326.99182,541
337.14752,542
346.5326,543
354.85535,544
2.3890076,545
9.065172,546
15.210781,547
20.631166,548
25.59689,549
30.166513,550
34.2587,551
37.73147,552
40.90912,553
43.77632,554
46.248917,555
48.51383,556
50.606125,557
52.522858,558
54.208252,559
55.771557,560
57.15252,561
58.239536,562
59.284836,563
60.324387,564
61.177334,565
61.925148,566
62.692863,567
63.313854,568
63.903812,569
64.42684,570
64.971306,571
65.340126,572
65.58818,573
65.9031,574
66.196205,575
66.49021,576
66.80123,577
67.04608,578
67.22571,579
67.3881,580
67.4944,581
67.666084,582
67.78708,583
68.01006,584
68.132034,585
68.27701,586
104.27045,587
136.88052,588
166.14114,589
192.47888,590
216.18047,591
237.60555,592
256.75827,593
274.01816,594
289.60645,595
303.64307,596
316.0975,597
327.38336,598
337.64087,599
346.99893,600
355.35394,601
2.7581482,602
9.521909,603
15.550482,604
21.018915,605
25.761652,606
30.125376,607
34.338013,608
37.985546,609
41.25882,610
44.573235,611
47.449093,612
49.71423,613
51.797806,614
53.627995,615
55.404972,616
57.46342,617
59.72756,618
61.44136,619
62.783855,620
63.595924,621
64.03334,622
64.65293,623
64.93175,624
65.16228,625
65.573166,626
65.610985,627
66.00473,628
66.241264,629
66.48061,630
66.840225,631
67.06328,632
67.32819,633
