0.044174194,0.77578735,9.934998,0.0,0
-0.17608643,0.88113403,9.453766,-123.05651299288493,1
-0.1904602,0.9266205,9.94696,-123.05651299288493,2
0.3218994,1.1181488,10.363556,66.17641879268959,3
0.39372253,1.2474365,9.877533,64.5235813154382,4
-0.121017456,1.1420898,9.597412,67.31520940281663,5
-0.27903748,0.9768982,9.827255,70.70718379748251,6
0.10882568,1.1277313,10.1409,72.73099616931398,7
0.750473,1.3599701,10.380325,73.25880586761589,8
0.8701782,1.3288422,10.382706,69.81246999734587,9
0.46795654,1.098999,9.94458,72.61794287817193,10
0.036987305,0.9673157,9.616562,71.55414774513162,11
-0.073135376,0.91703796,9.532776,75.10616713242923,12
0.31472778,1.1612549,9.389114,73.84207670197829,13
0.7624359,1.3863068,9.604599,68.79603539601042,14
0.6355438,1.1947632,9.879929,69.02777688435978,15
0.300354,0.99365234,10.277374,70.39744837900078,16
-0.12820435,0.85240173,10.308487,71.38937626159422,17
-0.39875793,0.5962219,9.920639,79.60612798406541,18
-0.44424438,0.31370544,9.295746,78.60624976127808,19
-0.37002563,0.23469543,9.544739,77.01886598684293,20
-0.121017456,0.23709106,10.452148,75.15819268333722,21
0.513443,0.24665833,10.397079,74.67495679955881,22
0.3865509,0.48129272,9.602203,75.81389767384762,23
-0.0061035156,0.6129761,9.365173,74.16899687641178,24
-0.1401825,0.73747253,10.289337,73.59225570289591,25
-0.35565186,0.88830566,11.24942,69.39142298596043,26
-0.025253296,0.9002838,10.294128,68.61666096802755,27
0.089660645,1.3455963,8.965347,63.93066625396773,28
-0.070739746,1.5323486,9.0060425,63.98764369202397,29
-0.42269897,1.2713776,8.771408,67.47226277259192,30
-0.24790955,1.0822449,8.7379,68.13180632941585,31
0.49189758,1.3096924,9.700363,66.45999458665017,32
0.50146484,1.1899872,10.6388855,66.24268528801704,33
0.099243164,1.4796753,10.411438,66.01720025294742,34
-0.24552917,1.2737732,9.403488,68.22507939272154,35
0.38894653,1.2187042,9.063507,66.0656945960545,36
0.52301025,1.4820709,9.827255,65.26562672724673,37
-0.049194336,1.178009,9.80571,69.39789117510443,38
-0.039627075,1.075058,9.650085,71.26326364875911,39
0.41288757,1.1133728,9.985275,89.85990166422286,40
0.45837402,1.2043457,9.798523,65.568634409396,41
0.27401733,1.2857513,10.052307,64.68228759099262,42
0.013046265,1.2666016,10.327652,64.86677783066382,43
0.060928345,1.1971588,10.095413,69.62980341818304,44
0.3218994,1.2474365,9.934998,69.56286073412775,45
0.30993652,1.3551788,9.578262,63.31200820951548,46
0.24528503,1.4150391,9.480103,63.38479070531114,47
-0.0013122559,1.2761688,9.750641,67.74179569761895,48
-0.2311554,1.0870361,10.157654,69.88795041786368,49
-0.22636414,1.0822449,10.133713,70.39660826573287,50
0.10643005,1.2019501,9.822464,66.65934048776616,51
0.17346191,1.3647614,9.484894,65.3813164714084,52
0.1591034,1.4054565,9.566284,65.62934796092824,53
0.20219421,1.4174347,9.980484,66.03659799019024,54
-0.13059998,1.3288422,9.877533,69.45413095273032,55
0.099243164,1.3455963,9.597412,65.81371525719439,56
0.3865509,1.367157,9.477707,64.82340612943425,57
0.5565338,1.4725037,9.858383,63.12920502656927,58
0.50146484,1.4054565,9.920639,66.16237592375603,59
0.24049377,1.3623657,9.820068,67.7804135871862,60
0.017837524,1.2737732,9.927811,68.359039892913,61
0.26683044,1.336029,9.791351,64.62037875635562,62
0.5900574,1.4389801,9.738678,64.61421792572426,63
0.4942932,1.506012,9.889511,64.14193766537457,64
0.46076965,1.5012207,9.621353,60.58097073026423,65
0.3075409,1.3695526,9.616562,67.37433835046144,66
0.24049377,1.3216553,9.851196,63.96844403026707,67
0.33148193,1.3551788,9.657272,67.86445223473405,68
0.32669067,1.3384247,9.623749,69.08971303975346,69
0.23571777,1.2737732,9.633331,66.95437733915404,70
0.08248901,1.2282867,9.700363,69.0700011138088,71
-0.049194336,1.336029,9.894302,69.92091974098733,72
0.21894836,1.2977142,9.901474,71.37397418501584,73
0.39372253,1.3001099,10.102585,68.77982052692082,74
0.22373962,1.2498322,10.119354,67.98469771507212,75
0.065719604,1.2306824,9.973297,70.9892569498257,76
0.2093811,1.3240509,9.858383,70.23210998976228,77
0.30993652,1.343216,9.772186,62.69102790074543,78
0.21655273,1.2953186,9.690796,67.16973320368453,79
0.13276672,1.2737732,9.729095,68.18820320139265,80
0.12557983,1.2210999,9.671631,67.07634402716295,81
0.046569824,1.2043457,9.575867,68.2146360334806,82
0.115997314,1.2594147,9.719513,66.38825027960836,83
0.37217712,1.2306824,9.923019,64.04953886628263,84
0.32429504,1.2139282,10.20314,70.615966621117,85
0.4775238,1.2139282,9.8871155,66.14389343186198,86
0.40090942,1.2737732,9.650085,68.02812405781506,87
0.1303711,1.2498322,9.798523,68.45262031473135,88
0.027420044,1.1851959,9.839233,69.00894605281806,89
0.1638794,1.1756134,9.853592,68.03692134146604,90
0.40570068,1.1636505,9.798523,68.76480094093596,91
0.33387756,1.2115326,9.934998,68.05978198461807,92
0.2093811,1.2713776,9.82486,65.6721117753217,93
0.16867065,1.343216,9.542343,67.08804414121118,94
0.20698547,1.2833557,9.56868,67.05342874249756,95
0.300354,1.2306824,9.853592,66.70247313237479,96
0.26683044,1.1420898,9.784164,67.68314486321606,97
0.14472961,1.098999,9.793732,68.14758406639858,98
0.26205444,1.1253357,10.176819,67.8857146136203,99
0.31710815,1.1684265,10.241455,68.63362715792586,100
0.38415527,1.1660461,10.102585,67.4627209983214,101
0.37696838,1.1804047,9.96373,66.48241809769533,102
0.23092651,1.1828003,9.872742,67.61883863218038,103
0.25247192,1.1468811,9.659668,67.61332666952019,104
0.2716217,1.1660461,9.719513,68.39476178227217,105
0.33866882,1.1612549,9.870346,67.29087343880389,106
0.4200592,1.2474365,9.652481,67.14011067325418,107
0.39611816,1.209137,9.60939,67.02815704256851,108
0.27641296,1.2474365,9.951752,66.7129028312374,109
0.14952087,1.2187042,9.714737,66.03557346181475,110
0.21417236,1.1397095,9.765015,68.56712160597745,111
0.120788574,1.0942078,9.812897,68.47746171274268,112
0.2093811,1.1133728,9.846405,69.19523263224099,113
0.28120422,1.1492767,9.66684,68.49466695926195,114
0.31710815,1.0846405,9.621353,69.47313936919046,115
0.20219421,1.0774536,9.896683,68.55170586902072,116
0.099243164,1.0918121,10.169632,67.50711722792649,117
0.13516235,1.1109772,10.088226,68.54977975567478,118
0.26205444,1.1205444,9.987671,72.66555612687608,119
0.24528503,1.1732178,10.009216,70.2454288586438,120
0.3075409,1.209137,9.891907,68.37725600742944,121
0.2716217,1.2594147,9.987671,67.60080693277155,122
0.25486755,1.1875916,9.793732,65.50817357486305,123
0.19979858,1.178009,9.640503,65.51409534887344,124
0.12557983,1.2115326,9.810501,65.0424161451707,125
0.37217712,1.2689819,9.820068,68.29502736001164,126
0.45358276,1.1995544,9.513611,67.5191178702982,127
0.21177673,1.1061859,9.566284,68.87244472225535,128
0.25247192,1.0942078,9.851196,66.16217101808094,129
0.2788086,1.1037903,9.721909,68.0387723227311,130
0.2428894,1.0822449,9.686005,68.4370748041804,131
0.2596588,1.0822449,10.004425,70.13292881282453,132
0.21177673,1.1564636,10.009216,67.51922715332492,133
0.24768066,1.209137,9.800919,65.7518747244491,134
0.16149902,1.1804047,9.791351,68.70692874809843,135
0.20219421,1.0918121,9.970917,70.00480129418426,136
0.39134216,1.0822449,10.059494,68.34850091102368,137
0.50865173,1.0894318,10.009216,69.66827104358856,138
0.30514526,1.0966034,10.10498,70.8605010537818,139
0.1519165,1.1349182,10.04274,70.76741923577286,140
0.18304443,1.1157532,9.719513,69.97443427313438,141
0.27641296,1.1325226,9.341232,67.53697881497779,142
0.1591034,1.1373138,9.23349,67.53960160761906,143
0.16149902,1.0559082,9.6141815,69.86823166172985,144
0.32669067,1.0463257,10.164841,68.38863510258668,145
0.13276672,1.0894318,9.9661255,68.31028600261746,146
0.075302124,1.1157532,9.736282,71.22585470267495,147
0.027420044,1.1037903,9.743454,69.16270727141338,148
0.056152344,1.0846405,9.987671,71.55471465083272,149
0.056152344,1.0774536,10.0499115,70.68430949395214,150
-0.046798706,1.1229401,9.755432,70.20879855412502,151
0.115997314,1.1828003,9.60939,68.18597655972323,152
0.24528503,1.1181488,9.705154,70.77759621763619,153
0.1519165,1.0678711,9.769791,68.03720137922201,154
0.15670776,1.0271759,9.992462,68.49909975203329,155
0.120788574,1.0583038,10.1241455,66.39559956315529,156
0.077697754,1.1205444,9.779373,67.62939810463722,157
0.19979858,1.1636505,9.731491,66.04069610369226,158
0.072906494,1.0846405,9.934998,68.87286819398389,159
0.35302734,1.1133728,10.097809,67.26806060697604,160
0.46076965,1.075058,10.057098,68.04743300259868,161
0.26205444,0.9697113,10.018799,65.99524802495499,162
0.029815674,1.0128174,10.037949,72.17549688411684,163
0.11122131,1.0846405,9.815292,68.7504165625439,164
0.2883911,1.1085815,9.604599,67.08954678282859,165
0.34823608,1.1277313,9.573471,69.1331393824964,166
0.31472778,1.1229401,9.702759,69.60491420884752,167
0.28120422,1.1253357,9.736282,65.65834894414411,168
0.25247192,1.1181488,9.875137,67.07609131016366,169
0.13516235,1.1181488,9.870346,69.85496060417252,170
0.25247192,1.1612549,9.8871155,67.74790871692612,171
0.30514526,1.1373138,9.844025,68.71485859772483,172
0.2716217,1.0271759,9.949356,71.19102073790788,173
0.2428894,1.0702667,9.6740265,66.708347095061,174
0.22613525,1.1660461,9.472916,66.94698024428291,175
0.25247192,1.1708221,9.606995,66.48122964477975,176
0.29078674,1.1085815,10.083435,68.01497594366279,177
0.40570068,1.0846405,10.205536,69.7537440308621,178
0.28599548,1.0678711,9.717117,67.34597257483837,179
0.19740295,1.1037903,9.578262,67.93931793822655,180
0.25486755,1.1037903,9.60939,67.92915461674157,181
0.36260986,1.0966034,9.858383,70.72808417634276,182
0.24049377,1.0319672,10.181595,72.69821809148709,183
0.080093384,1.0774536,10.097809,68.76247184642898,184
0.13516235,1.154068,9.750641,67.43689605306959,185
0.058547974,1.1349182,9.765015,66.68440045183094,186
0.060928345,1.0870361,9.88472,69.25130848532679,187
0.113601685,1.019989,10.016403,67.83355928911807,188
0.16149902,1.0678711,9.9661255,68.08488292981787,189
0.14233398,1.0726624,9.851196,69.41447487440922,190
0.101638794,1.051117,9.762619,67.44503763856024,191
0.18544006,1.0415344,9.695572,70.29473599426213,192
0.18544006,1.0128174,9.56868,66.81077944204368,193
0.056152344,1.0654755,9.650085,68.05722749386848,194
-0.010894775,1.0918121,9.671631,67.3587655191538,195
-0.068344116,1.0630951,9.597412,68.71658663558483,196
-0.080322266,1.0535126,10.018799,69.12650726881232,197
-0.022857666,0.9792938,10.078644,68.84635339962591,198
-0.092300415,0.9673157,10.136108,71.55291148089184,199
-0.15933228,0.9553528,10.595795,73.14174325543104,200
-0.19285583,0.940979,10.428207,69.1953214247002,201
-0.20002747,1.0271759,9.918243,71.81113361265334,202
-0.1904602,1.0128174,9.53038,71.11356639271995,203
-0.2191925,0.9864807,9.341232,73.92739942509009,204
-0.16412354,0.99365234,9.43222,69.38559000440924,205
-0.17129517,0.9840851,9.640503,68.64489013986721,206
-0.14257812,1.0056305,9.918243,67.86863231050609,207
0.039382935,1.0391388,9.844025,66.55920991453378,208
0.18544006,1.0463257,9.798523,68.24473667715284,209
-0.010894775,1.0056305,9.96373,67.01402538117576,210
0.065719604,1.0032349,9.956543,66.76020872142891,211
0.1806488,1.0151978,10.234268,66.88979107036239,212
0.28599548,1.0008392,10.5000305,66.31716167072686,213
0.25247192,1.0343628,10.030762,66.05792184077903,214
0.300354,1.0870361,9.51123,64.08929739744127,215
0.18304443,1.1971588,9.307709,67.89351468965245,216
0.13516235,1.233078,9.504044,61.92313705311758,217
0.1806488,1.1277313,9.858383,64.4219276100209,218
0.23332214,1.0535126,10.102585,63.16211970817955,219
0.31472778,1.1229401,9.932602,60.26237655642898,220
0.24768066,1.1636505,9.681213,62.533182229026444,221
0.14472961,1.1444855,9.741074,65.07622558156227,222
0.1638794,1.0678711,9.975693,60.28394629382788,223
0.17585754,1.075058,10.181595,64.07735139658293,224
-0.018066406,1.0822449,9.978088,61.347365766463845,225
-0.15693665,1.098999,9.616562,61.63090057928942,226
-0.13059998,1.1373138,9.314896,60.54358227474758,227
-0.061172485,1.1181488,9.6884,62.09829042419339,228
0.053756714,1.0918121,9.937393,62.6293786132969,229
0.034606934,1.0606995,10.0499115,63.35873353362754,230
-0.092300415,1.0678711,10.02597,62.515109548482585,231
-0.2024231,1.1444855,9.934998,63.25847318680093,232
-0.094680786,1.2115326,9.721909,61.52856385495512,233
0.022628784,1.209137,9.583054,56.44629181053491,234
0.010650635,1.1636505,9.638123,57.71924441143394,235
0.013046265,1.1564636,9.815292,60.36085422388223,236
0.087265015,1.1229401,10.057098,57.48546069652275,237
0.068115234,1.0894318,10.131317,56.694384771757285,238
0.19740295,1.1564636,9.78656,56.59787761387959,239
0.28120422,1.2354736,9.635727,53.08082538003785,240
0.32429504,1.3025055,9.448975,53.12112691123551,241
0.46076965,1.3743286,9.475311,52.71476822166019,242
0.4272461,1.4102478,9.4609375,48.122411986026655,243
0.2500763,1.288147,9.422638,49.96067543886555,244
0.065719604,1.019989,9.9110565,50.385052167471365,245
-0.030044556,0.861969,10.586227,46.70058858197803,246
-0.101867676,0.9218292,10.6772,48.67619689374212,247
0.005874634,1.1061859,9.635727,50.21418815519433,248
-0.030044556,1.2019501,9.113785,44.420719248351965,249
-0.025253296,1.1923676,9.264618,44.46785096871964,250
0.11122131,1.1013947,9.527985,42.13331621607137,251
0.27401733,0.9505615,9.652481,39.304525069418894,252
0.49667358,0.7207184,10.016403,39.55091731353793,253
0.58766174,0.64889526,10.490448,37.84806919118371,254
0.52301025,0.5866394,10.746628,36.724742129337564,255
0.46076965,0.5435486,10.251038,34.51812998965447,256
0.3506317,0.5435486,9.74585,32.093194268246506,257
0.25247192,0.54115295,9.525589,30.049717781794577,258
0.25726318,0.5866394,9.338837,29.692099322136468,259
0.29556274,0.49806213,8.87915,27.185894594889103,260
0.56851196,0.15568542,8.903091,28.576230826863974,261
0.76483154,0.016815186,9.621353,25.419138100018365,262
0.71694946,-0.090911865,10.349197,25.36590531317458,263
0.5709076,-0.016693115,10.892685,21.929201717181577,264
0.47273254,0.22990417,10.85437,24.796199234503817,265
0.5349884,0.42144775,10.152863,19.87069710700833,266
0.5062561,0.5172119,9.839233,16.323995021979563,267
0.33148193,0.38313293,9.812897,17.566474733896584,268
0.38894653,0.29216003,9.8871155,17.327172226136017,269
0.45118713,0.23469543,9.863174,16.01008123527307,270
0.38894653,0.22271729,10.06189,17.38801555126249,271
0.029815674,0.23709106,10.20076,20.531061994079966,272
-0.13778687,0.25863647,10.035553,18.993845959098557,273
-0.073135376,0.33285522,9.82486,16.995170390960038,274
-0.015686035,0.41186523,9.997253,10.4446680759492,275
0.17106628,0.5555115,9.932602,11.466612932397556,276
0.4152832,0.5938263,9.80571,9.644309070328045,277
0.5541382,0.6034088,10.195969,4.866380010039855,278
0.5900574,0.47650146,10.708328,3.15274893997689,279
0.5709076,0.510025,10.959717,6.441393885001292,280
0.4152832,0.63212585,10.521576,7.829589279558187,281
0.099243164,0.7207184,9.867966,9.306247149810972,282
-0.087509155,0.7901459,9.379547,8.475323047654008,283
-0.13778687,0.8476105,9.3125,9.29659011609822,284
-0.1904602,0.7901459,9.389114,6.829330700611445,285
-0.24552917,0.7446594,9.669235,8.612733647149971,286
-0.27424622,0.7015686,9.717117,7.679209858375662,287
-0.23834229,0.6943817,9.817688,5.490325474683336,288
-0.14257812,0.62734985,10.148087,6.600429717183162,289
0.010650635,0.63931274,10.215118,3.3071291444657493,290
-0.051589966,0.6943817,9.913452,3.1043160685723294,291
-0.20481873,0.7063446,9.863174,2.176351840338999,292
-0.26467896,0.7901459,9.788956,4.283227423327451,293
-0.20960999,0.8691559,9.35321,5.622228380387329,294
-0.1449585,0.9338074,9.128159,-1.4235052314100392,295
-0.0037078857,0.81648254,9.240677,2.5900403901108042,296
0.14712524,0.6728363,9.645294,-2.5670606455351197,297
0.3865509,0.510025,10.011612,-8.02991189772549,298
0.4559784,0.49087524,10.100204,-8.38854464047535,299
0.70736694,0.66804504,10.009216,-10.64732405749171,300
0.652298,0.7494507,9.894302,-11.696977283855514,301
0.23092651,0.6417084,10.353989,-5.669124032341814,302
0.30993652,0.7326813,10.562271,-3.775872007155619,303
0.80792236,0.9505615,10.02359,-12.437445775739413,304
0.86299133,1.1636505,9.781769,-15.538362757982602,305
0.82229614,1.2666016,9.733887,-12.22657734549361,306
0.9874878,1.1899872,9.60939,-13.82734999824928,307
1.0736847,1.0223846,9.381943,-13.577066253850624,308
1.1526947,0.7279053,9.448975,-15.178645722702004,309
0.89172363,0.5722809,9.894302,-17.92596466538728,310
0.9587555,0.5842438,10.047531,-13.119942183269181,311
1.0066528,0.7638092,9.822464,-13.693638799962525,312
0.97073364,0.93618774,9.791351,-13.395022075675922,313
0.8749695,0.9481659,9.705154,-13.884805549547428,314
0.8390503,0.9266205,9.958939,-12.812684415908866,315
0.85102844,0.97450256,10.437775,-12.80587983994824,316
0.84384155,1.0080261,10.270187,-12.812136293227972,317
0.7815857,1.0104218,10.059494,-11.849867653331664,318
0.5278015,0.9912567,9.927811,-7.083029112708283,319
0.3578186,0.8978882,9.791351,-10.727491695327442,320
0.065719604,0.6943817,9.664459,-9.101258658666902,321
0.101638794,0.5962219,9.709946,-9.729458477389654,322
0.29795837,0.5172119,9.78656,-9.97691537724557,323
0.5613251,0.63931274,10.260605,-17.288653374311732,324
0.9874878,0.85957336,10.286942,-13.642759867061454,325
1.0353699,0.996048,10.047531,-17.01682892081815,326
1.157486,1.1492767,9.894302,-17.91810653274718,327
0.944397,1.0559082,9.762619,-23.83717578823691,328
0.8414459,0.9338074,9.640503,-17.94019365697571,329
0.731308,0.802124,9.518402,-19.46613475718472,330
0.44639587,0.70874023,9.7267,-14.665753157547407,331
0.13755798,0.6800232,9.769791,-9.101398677544887,332
-0.0013122559,0.8069153,9.587845,-9.629654899463782,333
0.15431213,0.9218292,9.386719,-6.050765547971331,334
0.3865509,0.99365234,9.211945,-13.115430843322388,335
0.6187897,0.88591003,9.401093,-15.859569479175377,336
0.41049194,0.8428192,10.011612,-9.115805254051736,337
0.2596588,0.88591003,10.21991,-13.602521515113617,338
0.2381134,0.93141174,9.654877,-8.699527422254262,339
0.3290863,0.8691559,9.207153,-10.286962423108191,340
0.21894836,0.7805786,9.719513,-11.026509693227784,341
0.221344,0.66085815,10.1839905,-11.956861712906267,342
0.1591034,0.6369171,10.591003,-8.835389276355924,343
0.24528503,0.73986816,10.732269,-9.63091506936565,344
0.3865509,0.9074707,10.418625,-12.475036575610224,345
0.23092651,0.9673157,10.057098,-7.984739587875965,346
0.1303711,1.0367584,10.069077,-9.95157366787753,347
0.001083374,1.0630951,9.743454,-5.903265051523967,348
-0.118621826,0.9888611,9.47052,-8.874506623506234,349
-0.113845825,0.92422485,9.54953,-4.45321717139073,350
-0.058776855,0.84521484,9.697968,-7.009960175854309,351
-0.0037078857,0.7638092,9.729095,-6.667807825798045,352
0.16149902,0.6536865,9.994858,-8.662816863012736,353
0.35302734,0.6800232,10.2630005,-8.226254223153969,354
-0.010894775,0.7901459,10.380325,-7.370595444691452,355
-0.097076416,0.93141174,9.798523,-4.372751139665632,356
0.041778564,0.9888611,9.492065,-5.406556619607715,357
0.099243164,1.019989,9.731491,-13.843894423966344,358
0.058547974,1.019989,9.776978,-6.453253654721373,359
-0.0037078857,0.99365234,9.765015,-6.082578861577958,360
0.065719604,0.93141174,9.7530365,-6.254676149887008,361
0.14233398,0.91703796,9.879929,-5.412436131822626,362
0.18544006,0.9385834,9.827255,-10.04109439600795,363
0.14233398,0.93141174,9.896683,-10.123405859469418,364
0.12557983,0.9122467,9.9110565,-12.084304505082244,365
0.094451904,0.861969,9.755432,-4.716474860117823,366
-0.053985596,0.7805786,9.86557,-4.209450281233913,367
-0.027648926,0.7997284,10.114563,-12.236524662246087,368
0.23092651,0.91464233,10.133713,-10.93485111588715,369
0.379364,1.1133728,9.925415,-10.199588081924448,370
0.17106628,1.1564636,9.855988,-9.182150296554655,371
0.096847534,1.0822449,9.80571,-10.327117105238695,372
0.21894836,1.0870361,9.6740265,-11.42244295280873,373
0.25486755,1.0822449,9.796127,-11.49854748186195,374
0.31710815,1.0367584,9.872742,-9.79464494905461,375
0.30993652,1.0487213,9.76741,-13.613372124383828,376
0.31710815,0.9984436,9.585449,-11.148284282166294,377
0.19740295,0.94337463,9.621353,-6.009318679427224,378
0.22613525,0.940979,9.82486,-11.0423130434199,379
0.28120422,1.0175934,9.954147,-12.135267961574293,380
0.1519165,1.04393,9.774582,-5.318818570850669,381
-0.030044556,0.94337463,9.779373,-11.565502972521939,382
0.003479004,0.9553528,9.901474,-10.080135757303742,383
0.25486755,1.0774536,9.709946,-8.305701276032266,384
0.2381134,1.1037903,9.556717,-13.667807878295184,385
-0.0013122559,1.0535126,9.776978,-6.613868114375162,386
-0.085113525,0.90267944,9.875137,-4.669903215262091,387
0.12557983,0.861969,10.076248,-13.098713955328781,388
0.26205444,0.94337463,10.107376,-12.530988631517323,389
0.32669067,1.0319672,9.958939,-11.794874385229306,390
0.19979858,1.051117,9.863174,-7.5396503106120845,391
0.10643005,1.0463257,9.889511,-8.928518905689048,392
0.051361084,0.996048,9.798523,-7.045051980262543,393
0.11122131,0.91703796,9.800919,-7.509846780168734,394
0.17825317,0.99365234,10.047531,-8.11893572959379,395
0.23571777,1.04393,10.073868,-9.28827179946279,396
0.26922607,1.051117,9.808105,-6.64314828157336,397
0.21417236,0.98168945,9.62854,-9.606818161973845,398
0.21417236,0.90267944,9.975693,-8.129311640716686,399
0.40330505,0.8476105,10.150482,-7.929982815073619,400
0.36740112,0.7805786,10.150482,-16.620204958357384,401
-0.113845825,0.9290161,9.956543,-5.135844633175198,402
-0.16412354,1.0966034,9.927811,-7.849672597038963,403
-0.101867676,1.2354736,9.714737,-4.875596069664318,404
0.017837524,1.2498322,9.219131,-9.456472891737171,405
0.060928345,1.2354736,9.472916,-8.543955349755235,406
0.17346191,1.2306824,9.8871155,-6.960335863326406,407
0.20458984,1.2594147,9.973297,-6.916363959223509,408
0.2716217,1.1923676,9.817688,-11.146612593366934,409
0.24768066,1.0846405,9.906265,-14.772445835024882,410
0.23092651,1.0918121,10.097809,-11.867189866840462,411
0.19979858,1.098999,9.961334,-10.636732141636312,412
0.3362732,1.0870361,9.8320465,-13.347098907138173,413
0.32429504,1.1349182,9.743454,-12.077915716887343,414
0.1806488,1.1684265,9.527985,-7.409454952200593,415
0.075302124,1.2115326,9.5950165,-1.56421299800612,416
0.005874634,1.2713776,9.60939,-3.6721346671546424,417
0.08488464,1.2953186,9.772186,-7.662525413780614,418
0.1638794,1.2546234,9.872742,55.46384081541486,419
-0.049194336,1.1373138,10.37793,-11.44874088866057,420
0.075302124,1.1851959,10.511993,-3.941476346884925,421
0.23092651,1.2522278,9.482498,-7.119362730884989,422
0.4080963,1.2929382,9.5399475,-11.747867315813986,423
0.37217712,1.2474365,9.678818,-8.832604266721852,424
0.26445007,1.2378693,9.719513,-6.880010277366116,425
0.27401733,1.2306824,9.645294,-12.817808765333668,426
0.24049377,1.2306824,9.592621,-7.581455337200794,427
0.2500763,1.2234955,9.683609,-9.656167132500833,428
0.28120422,1.2019501,10.016403,-10.197101039292917,429
0.27401733,1.1899872,10.047531,-10.807144507654485,430
0.032211304,1.2450409,9.776978,-6.571261821219445,431
0.032211304,1.2905426,9.8320465,-8.550961416296376,432
0.12557983,1.2522278,9.580658,-5.4538898305559025,433
0.34106445,1.2139282,9.765015,-10.617131206265668,434
0.31233215,1.312088,10.1289215,-10.01214037034262,435
0.1926117,1.2187042,10.181595,-11.645254822591946,436
0.017837524,1.1373138,10.267792,-5.735178791805008,437
0.1638794,1.1492767,9.978088,-11.912269969136194,438
0.10643005,1.2115326,9.571075,-7.397471385301806,439
0.15431213,1.2618103,9.525589,-9.286949304084747,440
0.1519165,1.2761688,9.573471,-4.9320693543824525,441
0.087265015,1.2618103,9.700363,-8.160131161799077,442
0.104034424,1.1851959,9.879929,-9.604128774988151,443
0.26922607,1.2115326,10.093018,-12.212497764293275,444
0.36740112,1.2402649,9.793732,-11.363822000483449,445
0.37457275,1.2258911,9.815292,-9.990272665941177,446
0.25486755,1.2163239,9.851196,-7.5790724549541055,447
0.2596588,1.2689819,9.681213,-9.049710367227169,448
0.3075409,1.2426605,9.554321,-13.184186088828676,449
0.30993652,1.2043457,9.731491,-10.442368009746199,450
0.16627502,1.130127,9.817688,-7.90370024714741,451
0.087265015,1.1181488,9.992462,-9.225839601580642,452
0.15670776,1.2234955,9.547134,-5.152389485779085,453
0.379364,1.2809601,9.48967,-12.850635508258396,454
0.36740112,1.2498322,10.037949,-12.442915903490947,455
0.37696838,1.1851959,10.222305,-8.996218886968569,456
0.30514526,1.1995544,10.20076,-12.16076078887772,457
0.19979858,1.2258911,10.02597,-8.264861867437467,458
0.28359985,1.2522278,9.839233,-14.333360294041443,459
0.26922607,1.2163239,9.5950165,-10.263440105380313,460
0.099243164,1.1349182,9.5950165,-3.9357466719449308,461
0.08248901,1.1085815,9.872742,-6.737393366175311,462
0.089660645,1.1157532,9.700363,-8.776759786294182,463
0.123184204,1.2498322,9.573471,-6.966586340190613,464
0.16149902,1.3455963,9.755432,-9.20845677014296,465
0.2428894,1.3336334,9.80571,-5.861600043813243,466
0.221344,1.2139282,9.980484,-7.660985206122776,467
0.1638794,1.1325226,10.078644,-8.531384386587828,468
0.25726318,1.209137,9.987671,-8.142820901121326,469
0.2883911,1.2929382,9.781769,-11.889752542989953,470
0.22853088,1.2546234,9.697968,-11.302783161191984,471
0.120788574,1.1708221,9.958939,-7.92558673456907,472
0.12557983,1.1325226,9.860779,-6.268538872581194,473
0.23571777,1.178009,9.62854,-11.498419415815013,474
0.2716217,1.2115326,9.827255,-9.753330842312495,475
0.22613525,1.2426605,9.803314,-10.417687121180357,476
0.22613525,1.2115326,9.765015,-10.667393714594146,477
0.14712524,1.1564636,9.78656,-10.493804456838271,478
0.1878357,1.1325226,9.867966,-7.654797054734744,479
0.15670776,1.178009,9.94458,-10.697204929000312,480
0.17346191,1.2067413,9.721909,-10.535824634385836,481
0.26683044,1.1588593,9.621353,-10.957691268471674,482
0.2596588,1.1277313,9.812897,-9.669077043805803,483
0.2500763,1.1732178,9.611786,-10.026372777025633,484
0.35302734,1.2618103,9.204773,-11.774192572422509,485
0.38894653,1.288147,9.269409,-13.495527455539014,486
0.1519165,1.1181488,10.179199,-10.969701302353496,487
-0.032440186,0.96014404,10.938171,-7.721350418007348,488
-0.025253296,0.9505615,10.435379,-6.364643049297859,489
0.1806488,1.0008392,10.179199,-10.15978259321526,490
0.1591034,1.0319672,10.325256,-9.995580576699922,491
0.2093811,1.0774536,10.078644,-12.167904312975907,492
0.3218994,1.1492767,9.48967,-15.2580927755803,493
0.3290863,1.1923676,9.267014,-8.345800462875765,494
0.20698547,1.1684265,9.37236,-9.846891627336976,495
0.19021606,1.1181488,9.738678,-10.682593446818363,496
0.19021606,1.0487213,9.681213,-8.628659086973503,497
0.29078674,0.9840851,9.961334,-10.315282948728003,498
0.31233215,0.99365234,9.836838,-10.724916714010346,499
0.31950378,1.0654755,9.66684,-13.542531109859748,500
0.41288757,1.178009,9.6740265,-11.98127622409448,501
0.6116028,1.257019,9.733887,-14.451519151588078,502
0.39611816,1.2163239,9.784164,-12.995119622413553,503
0.080093384,1.04393,10.239059,-8.61398442554173,504
-0.099472046,0.9673157,10.320465,-5.38547524073447,505
0.101638794,1.0966034,9.961334,-11.310274171164195,506
0.16867065,1.2067413,9.956543,-9.61198946894919,507
0.22373962,1.1732178,9.853592,-11.277035909341974,508
0.17585754,1.1253357,9.779373,-8.256243022478557,509
0.2500763,1.0894318,9.796127,-12.134287829428397,510
0.30274963,1.0726624,9.721909,-12.137954787239048,511
0.14952087,1.0295715,9.956543,-4.751991416915066,512
0.077697754,1.0415344,10.011612,-7.6992820767990375,513
0.104034424,1.0415344,9.860779,-5.517562988432878,514
0.113601685,1.0463257,9.697968,-14.324479340573134,515
0.13276672,1.0726624,9.62854,-10.957697244887198,516
0.24528503,1.1899872,9.872742,-9.781469514145655,517
0.34344482,1.1684265,10.033157,-7.739308692882604,518
0.3075409,1.1828003,9.961334,-12.250438611359048,519
0.23571777,1.1444855,9.913452,-10.751089998909835,520
0.16627502,1.1875916,9.899078,-12.442226054384776,521
0.21655273,1.1660461,9.743454,-10.296552862476535,522
0.15670776,1.1325226,9.702759,-4.657679737968707,523
0.1519165,1.0942078,9.7267,-8.169098346405656,524
0.17106628,1.0726624,9.796127,-9.319818735691786,525
0.24768066,1.0726624,9.896683,-13.580242291814681,526
0.1926117,1.1612549,9.882324,-9.42960975773151,527
0.19500732,1.2546234,9.796127,-9.405578590910466,528
0.20219421,1.2019501,9.690796,-7.358875693849357,529
0.23332214,1.1444855,9.8320465,-7.885869184545445,530
0.2093811,1.1157532,9.860779,-9.97350113643421,531
0.19021606,1.1492767,9.951752,-12.367162275406335,532
0.22373962,1.130127,9.968521,-15.783151615193983,533
0.25486755,1.1995544,9.879929,-9.579759513803193,534
0.20219421,1.1947632,9.791351,-9.032978965081577,535
0.10882568,1.1420898,9.779373,-8.127890961369324,536
0.19500732,1.0798492,9.800919,-5.515837511893803,537
0.2500763,1.0966034,9.9110565,-10.520028114382889,538
0.1638794,1.1708221,9.659668,-13.544308666591244,539
0.24528503,1.1875916,9.755432,-8.004139032666094,540
0.24049377,1.1756134,9.8871155,-7.074919970616185,541
0.29795837,1.1684265,9.822464,-8.933780712670897,542
0.23092651,1.1875916,9.690796,-6.1177799490129114,543
0.28599548,1.1947632,9.788956,-14.170250254019662,544
0.27641296,1.209137,9.8320465,-10.334448459539058,545
0.16867065,1.1492767,9.683609,-9.164312403763521,546
0.25726318,1.051117,9.654877,-8.824355105751769,547
0.28359985,1.0702667,9.927811,-11.009198578776386,548
0.24768066,1.0630951,9.791351,-8.301981384255548,549
0.077697754,1.0918121,9.7267,-10.533995851235565,550
0.14233398,1.1420898,9.877533,-2.773260001152985,551
0.27401733,1.1349182,9.781769,-8.3697650353524,552
0.33148193,1.154068,10.016403,-9.899309060348592,553
0.34823608,1.1684265,10.064285,-9.096315309255106,554
0.3650055,1.1157532,9.968521,-14.239334202379755,555
0.221344,1.154068,10.109772,-7.3883932101212135,556
0.18544006,1.1444855,10.1289215,-7.667998956626732,557
0.16627502,1.178009,9.839233,-7.14156895653717,558
0.22373962,1.1684265,9.48967,-8.808995717855703,559
0.21417236,1.1420898,9.709946,-6.548211640317945,560
0.075302124,1.0966034,9.839233,-2.994016624326263,561
0.036987305,1.0870361,9.733887,-6.056270253555538,562
0.025024414,1.0918121,9.606995,-6.39219048288099,563
-0.068344116,1.0630951,9.822464,-5.194350326058235,564
-0.056381226,1.0798492,9.86557,-2.0628496777024314,565
-0.039627075,1.1684265,9.705154,-5.180021869840017,566
-0.2239685,1.1349182,9.645294,-0.9356761521365092,567
-0.29818726,1.1181488,9.836838,-2.362341519976443,568
-0.31256104,1.0295715,9.815292,0.17890977501611566,569
-0.2311554,1.0463257,9.808105,0.08593838729223924,570
-0.2239685,1.0798492,9.750641,-5.829900282101567,571
-0.32452393,1.0008392,9.932602,-2.2851830073569244,572
-0.32214355,0.9697113,10.002029,-1.3587976200389251,573
-0.2718506,0.94337463,9.853592,-3.473844243708829,574
-0.3293152,0.9768982,9.96373,-1.4219345013443478,575
-0.38198853,1.019989,10.088226,-4.808008359619279,576
-0.33410645,1.0391388,9.78656,-1.5652459573963784,577
-0.26228333,1.0774536,9.774582,-3.612853747800809,578
-0.26228333,1.0559082,9.803314,-6.511755932509825,579
-0.36044312,0.91703796,9.836838,-3.012893986531709,580
-0.30776978,0.85240173,9.817688,-5.752757564294504,581
-0.2718506,0.87394714,9.62854,-2.653607039725409,582
-0.39157104,0.9697113,9.657272,-0.06794832935898018,583
-0.45141602,0.9290161,9.295746,-2.012531460643536,584
-0.36283875,0.8643646,9.211945,-3.305247000462588,585
-0.2239685,0.7901459,9.623749,-2.604497766149606,586
-0.116241455,0.78775024,10.191177,-4.251613892754047,587
0.010650635,0.96014404,10.030762,-12.046152775925846,588
0.120788574,1.1492767,9.693176,-16.20033956969836,589
0.12557983,1.2234955,9.925415,-8.42510408178149,590
-0.051589966,1.0271759,10.389893,-7.288652811445163,591
0.032211304,0.9074707,10.744232,-14.986673010795041,592
0.13993835,0.9074707,10.919006,-19.24702741125259,593
0.27641296,0.9912567,10.488052,-10.831786976406244,594
0.26445007,0.90267944,9.765015,-20.378026483083953,595
0.21417236,0.83325195,9.571075,-17.49151853039757,596
0.18544006,0.6369171,9.475311,-15.249722378752448,597
0.21894836,0.4956665,9.444183,-19.13527697869472,598
0.1638794,0.34483337,9.458557,-16.12464058312711,599
0.027420044,0.19400024,9.6884,-10.970050495774812,600
-0.101867676,0.098220825,9.858383,-6.650461706627151,601
-0.1401825,0.086257935,9.784164,-18.544998370243874,602
-0.106658936,-0.0071258545,9.563889,-17.294534167187113,603
0.051361084,-0.045425415,9.827255,-30.29339502571854,604
0.20219421,0.076675415,10.689163,-21.081250807197417,605
-0.022857666,-0.083740234,11.01239,-24.876706674250755,606
-0.013290405,-0.18429565,10.301315,-19.715919897773965,607
0.30274963,-0.112472534,10.267792,-34.14051273610656,608
0.5062561,0.093429565,10.301315,-30.227770568173057,609
0.71694946,0.3304596,9.834442,-40.30484725450228,610
0.5780792,0.48368835,9.250259,-32.880575060670985,611
0.26922607,0.4669342,9.278992,-27.522931987030674,612
0.14952087,0.38552856,9.697968,-22.293843318853753,613
0.092056274,0.24427795,10.21991,-23.309543674853426,614
-0.087509155,0.119766235,10.365952,-25.82238051578487,615
-0.1449585,0.035980225,10.114563,-23.5672023160084,616
-0.073135376,0.14849854,10.009216,-27.60418050230256,617
0.21417236,0.37355042,9.94458,-23.362197603165054,618
0.55892944,0.4382019,10.164841,-27.840132802275235,619
0.50865173,0.44778442,10.595795,-36.449126920854624,620
0.60202026,0.56030273,10.602982,-31.728229940136043,621
0.60920715,0.7159271,10.193573,-24.171899453797142,622
0.4368286,0.8643646,9.820068,-30.63488057855708,623
0.14952087,0.9577484,9.389114,-15.717481053871602,624
-0.118621826,0.89549255,9.348419,-11.321862440864768,625
-0.14974976,0.88830566,9.709946,-8.629070605870995,626
-0.16651917,0.85957336,9.6141815,-8.762738261701791,627
-0.12820435,0.857193,9.6141815,-15.422802787415158,628
-0.077926636,0.7997284,9.709946,-17.528194938693247,629
0.087265015,0.7733917,10.006821,-9.705799555878377,630
0.077697754,0.8212738,9.942184,-21.441061757579106,631
0.13276672,0.857193,9.6740265,-22.2710782983501,632
0.17825317,0.88352966,9.439392,-30.404774920513937,633
0.20698547,0.9481659,9.499252,-24.988682503051237,634
0.27401733,1.0223846,9.307709,-32.31663024656513,635
0.15670776,1.0846405,9.348419,-20.371679529797717,636
0.101638794,0.9385834,9.918243,-39.429606323689335,637
0.36740112,0.87394714,10.294128,-37.499022618933964,638
0.65948486,1.0367584,10.260605,-42.15953048210588,639
0.73609924,1.1708221,9.654877,-37.04699728456794,640
0.750473,1.1325226,9.384323,-37.45601633282498,641
0.62358093,0.94337463,9.776978,-35.33918019959253,642
0.5421753,0.82606506,10.112167,-33.606542207173305,643
0.6068115,0.94577026,9.896683,-37.379057176351864,644
0.6044159,1.1181488,9.662064,-41.58691132775411,645
0.6618805,1.2163239,9.733887,-29.633854883989184,646
0.62835693,1.0894318,9.98288,-38.4113002505213,647
0.74328613,0.9912567,10.392288,-38.30490297872543,648
0.7025757,0.97450256,10.279755,-39.02862982317998,649
0.5158386,1.0151978,10.234268,-31.74040475233159,650
0.3290863,1.0175934,9.841629,-38.54189346745195,651
0.23092651,1.0678711,9.520798,-29.64492320553919,652
0.30274963,1.0391388,9.384323,-32.07509768204056,653
0.24768066,1.0319672,9.499252,-33.26809950361,654
0.18304443,1.0080261,9.762619,-29.722466343186344,655
0.40090942,1.0175934,9.934998,-36.219745262863505,656
0.4559784,1.0056305,9.788956,-38.02581120395495,657
0.48950195,0.8978882,10.116959,-39.989091024267175,658
0.47991943,0.7997284,10.622131,-38.5311769006442,659
0.4487915,0.8116913,10.823242,-41.0284443253626,660
0.31950378,1.0559082,10.488052,-47.54644945407616,661
0.4080963,1.3240509,9.760223,-31.905203556625658,662
0.48950195,1.4916534,9.190399,-31.664463294044804,663
0.45358276,1.4677124,9.223923,-35.26807110014353,664
0.38894653,1.312088,9.405884,-37.73659367373993,665
0.4703369,1.1804047,9.686005,-36.524901039506744,666
0.6427307,1.1325226,10.011612,-44.86994420515828,667
0.6116028,1.1636505,10.095413,-43.911590117430045,668
0.73609924,1.1923676,10.37793,-43.3416518123275,669
0.7959595,1.1708221,10.504822,-43.67868066673261,670
0.65948486,1.2474365,10.286942,-45.6542445822671,671
0.76483154,1.446167,9.623749,-37.7953674515479,672
0.5278015,1.4198303,8.919861,-36.42571986256899,673
0.41049194,1.2306824,8.869583,-45.02200812174487,674
0.2931671,1.0080261,9.571075,-38.30493712967128,675
0.17585754,1.0080261,10.227097,-37.459103578329824,676
0.22373962,1.209137,10.279755,-46.089744273936276,677
0.34823608,1.367157,10.052307,-38.048815281079555,678
0.30274963,1.4844666,9.836838,-40.35530186190116,679
0.3075409,1.4772797,9.516006,-41.01794632460829,680
0.36021423,1.4246063,9.487274,-46.22428192511261,681
0.39611816,1.3599701,9.47052,-43.13602555226968,682
0.39372253,1.2737732,9.54953,-49.99110393161796,683
0.42485046,1.2450409,9.748245,-44.57304612722159,684
0.40570068,1.2426605,10.009216,-49.51335268974307,685
0.40090942,1.2905426,10.325256,-47.12721927300995,686
0.5062561,1.3982697,9.915848,-44.00630093555603,687
0.53977966,1.427002,9.384323,-44.766784443028996,688
0.6044159,1.422226,9.43222,-39.542068803468176,689
0.5541382,1.343216,9.7530365,-45.486867381561346,690
0.58766174,1.2618103,9.762619,-42.0620397769877,691
0.31472778,1.1612549,9.82486,-45.35272588135688,692
0.25247192,1.2258911,10.04274,-36.44065407118922,693
0.19740295,1.3288422,9.6884,-43.25125767375697,694
0.123184204,1.3503876,9.386719,-37.028156207742455,695
0.19021606,1.3815155,9.302933,-42.399188159703286,696
0.17585754,1.4150391,9.544739,-30.034155195770705,697
0.094451904,1.4174347,9.882324,-39.21152862877458,698
0.113601685,1.3623657,10.164841,-32.258901487700186,699
0.113601685,1.2953186,10.064285,-37.432575123593494,700
0.30274963,1.3096924,10.20076,-40.78385866627903,701
0.22373962,1.3863068,10.109772,-40.80602263013572,702
0.18304443,1.3216553,9.829651,-34.77284481927717,703
0.113601685,1.2953186,9.798523,-34.647387904602375,704
0.14233398,1.2282867,9.626144,-40.78693225140553,705
0.096847534,1.2163239,9.750641,-46.96367380842858,706
0.1591034,1.2785645,9.836838,-39.66433943489516,707
0.14712524,1.2953186,9.736282,-50.88000182567634,708
0.19740295,1.3192749,9.834442,-41.461140224377495,709
0.221344,1.2809601,9.867966,-31.683335106721547,710
0.077697754,1.2450409,9.860779,-40.53059183676037,711
0.075302124,1.257019,9.934998,-42.9948728628822,712
0.25726318,1.3455963,9.800919,-42.99862605183112,713
0.35302734,1.3503876,9.772186,-40.13425986488662,714
0.29078674,1.3408203,9.70755,-42.2256467132716,715
0.16627502,1.257019,10.0451355,-44.426354154417226,716
-0.042007446,1.1684265,10.301315,-36.40830288018546,717
0.053756714,1.2139282,9.920639,-37.4800415232305,718
0.15431213,1.3288422,9.6141815,-40.962164169656795,719
0.3218994,1.4246063,9.504044,-39.84241954203032,720
0.36021423,1.4341888,9.571075,-40.78347617568551,721
0.26205444,1.3791199,9.650085,-35.55229576207527,722
0.3650055,1.3527832,9.757828,-49.30855629766941,723
0.38175964,1.2498322,9.776978,-38.81061018487318,724
0.26922607,1.2115326,10.009216,-38.071129509097986,725
0.28359985,1.2522278,10.085831,-40.54965489473388,726
0.40090942,1.3025055,9.8320465,-49.98462208209561,727
0.39372253,1.3192749,9.973297,-36.412663955970515,728
0.43203735,1.3096924,9.942184,-40.81402419674839,729
0.30993652,1.3336334,9.94458,-49.964722325948784,730
0.27401733,1.2666016,9.642899,-38.290607392792595,731
0.31472778,1.2019501,9.772186,-41.69210648625606,732
0.2883911,1.2019501,10.12175,-38.718269442389186,733
0.31950378,1.2282867,10.174423,-40.34671289901987,734
0.31472778,1.2282867,9.90387,-40.34646701220975,735
0.42964172,1.2809601,9.954147,-44.39575149184098,736
0.46316528,1.3647614,9.762619,-38.86931224569485,737
0.26445007,1.4772797,9.480103,-41.43204703360782,738
0.27641296,1.4317932,9.396301,-34.26628725457776,739
0.26922607,1.3958893,9.803314,-34.81942670941666,740
0.3218994,1.3072968,9.867966,-36.083482988921745,741
0.32429504,1.3288422,9.662064,-32.26638395993593,742
0.2883911,1.367157,9.468124,-28.223526688313683,743
0.26445007,1.3144836,9.616562,-34.694256662687,744
0.21655273,1.2929382,9.810501,-35.823136668328374,745
0.17346191,1.2139282,10.033157,-38.0658429426804,746
0.34584045,1.2210999,10.04274,-41.5609702692864,747
0.35542297,1.2378693,9.925415,-38.61158530264817,748
0.4559784,1.2618103,9.755432,-44.74143761101908,749
0.4440155,1.2498322,9.640503,-38.15969315697096,750
0.4703369,1.2618103,9.657272,-43.02987416728393,751
0.24768066,1.2067413,9.855988,-35.76418872069657,752
0.18304443,1.1492767,9.934998,-37.65335757341958,753
0.16627502,1.1660461,9.815292,-36.93291946505038,754
0.30514526,1.2833557,10.20314,-36.47961347021498,755
0.4152832,1.367157,9.896683,-32.21841554139493,756
0.379364,1.4102478,9.659668,-37.783940545066464,757
0.26922607,1.3527832,9.719513,-35.40857150646528,758
0.22613525,1.3072968,9.930206,-34.67424420841887,759
0.30993652,1.2857513,9.901474,-41.48048673520155,760
0.37696838,1.2689819,9.760223,-34.30198182318025,761
0.33148193,1.2378693,9.738678,-37.80273722566234,762
0.30993652,1.2666016,9.705154,-38.77131610657809,763
0.26205444,1.2474365,9.580658,-31.19767450578779,764
0.31950378,1.2642059,9.896683,-34.95130400191126,765
0.45837402,1.2689819,9.925415,-37.96415850141183,766
0.5254059,1.2498322,9.88472,-39.801216425862215,767
0.49189758,1.2426605,10.002029,-34.744704439896715,768
0.39134216,1.2426605,9.98288,-42.59951077787059,769
0.6618805,1.2594147,9.669235,-42.21297329726664,770
0.51823425,1.3025055,9.762619,-39.32672659931602,771
0.33387756,1.2426605,9.741074,-42.07886594800803,772
-0.089904785,1.3001099,10.12175,-31.43537533418799,773
0.087265015,1.2666016,9.693176,-33.37145051103605,774
0.40090942,1.4246063,9.662064,-42.898533044639166,775
0.46076965,1.4174347,9.523193,-36.50415433990283,776
0.43443298,1.343216,9.66684,-43.203596613728614,777
0.4080963,1.2737732,9.870346,-33.88429526486646,778
0.20698547,1.2426605,9.891907,-43.76319742752234,779
0.22853088,1.2546234,9.812897,-34.08193020359536,780
0.27641296,1.3049011,9.851196,-33.79445778671328,781
0.33866882,1.3168793,9.860779,-33.08632084903928,782
0.28599548,1.3599701,9.942184,-38.9658535545184,783
0.25726318,1.3049011,9.793732,-39.224809931615674,784
0.38894653,1.343216,9.90387,-41.10996946329587,785
0.3578186,1.3144836,10.014008,-36.724994846336855,786
0.38415527,1.3384247,9.7530365,-34.9518196811936,787
0.3578186,1.3049011,9.6740265,-39.96556785276565,788
0.28599548,1.3240509,9.863174,-34.381710621361805,789
0.31710815,1.288147,9.575867,-33.666774230369064,790
0.34106445,1.2809601,9.422638,-37.43283467078196,791
0.32669067,1.2378693,9.74585,-37.895542421009885,792
0.15431213,1.2785645,10.193573,-34.3096692010911,793
-0.13059998,1.2785645,9.987671,-24.36869257171084,794
0.058547974,1.3647614,9.784164,-35.48763436120276,795
0.29556274,1.4988403,9.712341,120.77007984746648,796
0.40570068,1.4485474,9.855988,-37.658432403972895,797
0.2931671,1.3216553,9.96373,-35.514097929141975,798
0.1591034,1.2450409,10.040344,-34.17453049326781,799
0.21417236,1.257019,9.990067,-38.90318998397811,800
0.25247192,1.3264465,9.602203,-32.643949987065064,801
0.28120422,1.3336334,9.573471,-32.84302268061426,802
0.2500763,1.3312378,9.733887,-36.430972278040734,803
0.26445007,1.3240509,9.970917,-36.102166971396315,804
0.29795837,1.3025055,9.803314,-39.54103402980892,805
0.41767883,1.3025055,9.899078,-38.81638510981642,806
0.35542297,1.3264465,9.846405,-36.642933538553734,807
0.42964172,1.336029,9.66684,-40.47129554948091,808
0.3218994,1.2785645,9.578262,-33.91372655000004,809
0.18304443,1.2929382,9.934998,-35.35803835189094,810
0.21655273,1.2809601,9.913452,-33.27283282470482,811
0.26445007,1.3144836,9.961334,-34.340903656165565,812
0.16627502,1.2594147,9.839233,-38.62534130363658,813
0.087265015,1.3599701,9.889511,-34.71468575849451,814
0.101638794,1.4030609,9.645294,-30.502173418078318,815
0.19021606,1.427002,9.604599,-35.15382594099131,816
0.27641296,1.3791199,9.875137,-41.68317942901085,817
0.29556274,1.3503876,10.131317,-39.70129417339952,818
0.2716217,1.3288422,10.066681,-32.757559938624475,819
0.25247192,1.2953186,9.733887,-39.61915431844094,820
0.26922607,1.2905426,9.690796,-32.705015293339564,821
0.20698547,1.2713776,9.781769,-37.6233320618282,822
0.29556274,1.336029,9.798523,-38.24915497471979,823
0.379364,1.3025055,9.623749,-44.55963163569168,824
0.3697815,1.3192749,9.750641,-39.979426306591606,825
0.37696838,1.3575745,9.86557,-37.42912246296805,826
0.31233215,1.3887024,9.736282,-36.56812930676376,827
0.2500763,1.4006653,9.671631,-41.12389963410811,828
0.3075409,1.4054565,9.894302,-39.54611569055141,829
0.26205444,1.4006653,10.088226,-44.39441960495283,830
0.21417236,1.3887024,9.719513,-44.762259442703865,831
0.2428894,1.4030609,9.616562,-40.4062687334878,832
0.28359985,1.3958893,9.877533,-41.794187078496485,833
0.18544006,1.3144836,10.02597,-44.013742426656755,834
0.16149902,1.2426605,10.04274,-54.23752133107409,835
0.14472961,1.2618103,9.587845,-43.496847370648524,836
0.2093811,1.2977142,9.532776,-47.43589601217034,837
0.28359985,1.3599701,9.937393,-48.9706634243343,838
0.14952087,1.3767242,10.028366,-41.58519695027243,839
0.14712524,1.3767242,9.997253,-37.290725754910675,840
0.15670776,1.3791199,9.954147,-44.55581697504023,841
0.22373962,1.3982697,9.748245,-37.07633636214773,842
0.22853088,1.4198303,9.563889,-35.06231506649148,843
0.1591034,1.4006653,9.56868,-39.58491458013167,844
0.08488464,1.347992,9.8320465,-33.02833254298587,845
0.22613525,1.3240509,9.9661255,-47.71557176811485,846
0.21177673,1.3312378,9.894302,-46.47099177302805,847
0.10882568,1.312088,10.002029,-50.598905390384466,848
0.025024414,1.3863068,9.958939,-31.589536118849765,849
0.13516235,1.4246063,9.80571,-36.66782274788926,850
0.2716217,1.470108,9.846405,-36.56905479739629,851
0.20698547,1.4485474,9.846405,-33.15780902398722,852
0.060928345,1.4102478,9.56868,-32.35616338148117,853
0.065719604,1.3982697,9.669235,-29.021757236234734,854
0.13755798,1.3934937,9.640503,-41.23535466098438,855
0.001083374,1.3575745,9.757828,-36.18298859984508,856
-0.32452393,1.3455963,9.844025,-25.75849604893045,857
-0.48493958,1.3527832,9.743454,-18.332627298380668,858
-0.41311646,1.343216,9.573471,-23.720601534577717,859
-0.4083252,1.3527832,9.516006,-26.644214489930192,860
-0.5711365,1.3815155,9.604599,-19.27879462108232,861
-0.7004242,1.422226,9.769791,-21.666020868082644,862
-0.63816833,1.5012207,9.755432,-17.125406730506548,863
-0.56874084,1.5084076,9.578262,-26.872822628997813,864
-0.57592773,1.5347443,9.934998,-26.335283326223223,865
-0.45381165,1.4174347,10.236664,-33.067578809956764,866
-0.28862,1.4389801,10.272583,-38.60197522648596,867
-0.18327332,1.391098,9.652481,-31.795476567609402,868
-0.13778687,1.474884,10.04274,-32.56527645311027,869
-0.17608643,1.4964447,10.162445,-37.61958228797386,870
-0.046798706,1.4868622,9.7530365,-30.23629464425723,871
0.27401733,1.4677124,9.70755,-41.239719151864016,872
0.33387756,1.4054565,9.700363,-49.31335792065593,873
0.34584045,1.422226,10.016403,-46.4605723194492,874
0.20698547,1.4653168,10.179199,-56.55009019535159,875
0.2093811,1.4653168,9.820068,-46.10866048284263,876
0.21655273,1.4581299,9.441788,-50.03367991580923,877
0.14952087,1.3551788,9.458557,-50.65185643192499,878
-0.063568115,1.2522278,9.8320465,-43.144727213272276,879
-0.13059998,1.2187042,10.059494,-53.3175119253463,880
-0.1952362,1.2977142,9.66684,-50.21786621206238,881
-0.39396667,1.3551788,9.324478,-40.189458038664085,882
-0.54719543,1.3839111,9.355606,-29.01914810397179,883
-0.4011383,1.3958893,9.537567,-37.13459446067335,884
-0.26467896,1.391098,9.434616,-40.990478718861084,885
-0.16412354,1.3144836,9.434616,-46.3114044030707,886
-0.101867676,1.2761688,9.717117,-47.80900534086604,887
-0.092300415,1.3025055,9.94696,-56.66675665656459,888
0.12557983,1.2977142,9.86557,-64.13729313673896,889
0.1303711,1.2785645,9.889511,-76.43116235970918,890
0.1878357,1.2139282,10.186386,-64.61062524622083,891
0.25247192,1.2019501,10.274979,-79.14850530967456,892
0.1638794,1.178009,10.143295,-77.42067235533644,893
0.19740295,1.1492767,9.66684,-79.06156383172947,894
0.24049377,1.0463257,9.484894,-93.65476159727112,895
0.17585754,0.88830566,9.690796,-89.30161566184437,896
0.19021606,0.67762756,9.7267,-88.39550910617213,897
0.16867065,0.5435486,9.822464,-111.76946829508795,898
-0.039627075,0.39031982,9.812897,-131.61871519300786,899
-0.13059998,0.24188232,9.96373,-139.06433172799544,900
-0.097076416,0.22511292,10.37793,-132.2119307828018,901
0.020233154,0.32806396,10.569458,-130.95636442843502,902
0.08488464,0.5076294,10.167236,-122.35677377279546,903
0.14233398,0.55311584,9.5399475,-124.17010703516381,904
0.25247192,0.41905212,9.554321,-121.80291373299913,905
0.37457275,0.4597473,10.145691,-136.63904083675064,906
0.5637207,0.4884796,10.164841,-123.79317621562748,907
0.6116028,0.53157043,9.855988,-122.776338633131,908
0.35302734,0.5243988,9.891907,-132.3165009789947,909
0.072906494,0.4884796,10.485657,-134.32546451957055,910
0.039382935,0.4501648,10.437775,-156.62185208389013,911
0.044174194,0.41905212,10.169632,-152.14895244174554,912
0.11122131,0.37355042,10.284546,-151.75267852647974,913
0.120788574,0.3807373,10.483276,-158.95718938376586,914
0.26922607,0.46932983,10.217514,-158.7690449928887,915
0.39134216,0.68959045,9.8320465,-157.15550842412156,916
0.27401733,0.88113403,9.599808,-153.2619590877558,917
0.096847534,1.0583038,9.415451,-157.18438646393238,918
-0.044403076,0.99365234,9.37236,-169.17922317485028,919
0.010650635,1.0151978,9.657272,-169.82035937186103,920
0.22373962,1.1420898,9.860779,-177.68478944637545,921
0.41288757,1.1899872,9.949356,-165.6727269983708,922
0.4703369,1.2043457,9.9661255,-163.34756668035837,923
0.7696228,1.154068,9.793732,-154.12131982874845,924
0.90608215,1.1157532,10.114563,-153.6440398699263,925
0.97792053,1.0415344,10.296524,-154.59806703281535,926
0.8462372,1.1468811,10.162445,-165.1681262828686,927
0.56611633,1.2857513,9.717117,-167.8618845896299,928
0.48950195,1.3599701,9.587845,-179.6000701122954,929
0.5254059,1.3767242,9.779373,177.99386916669687,930
0.5709076,1.371933,9.954147,174.29429720275945,931
0.8199005,1.257019,9.781769,-174.40046566321814,932
1.1862183,1.2713776,9.575867,-165.38875505343833,933
1.205368,1.2306824,9.475311,-173.39376408144997,934
1.3825378,1.2642059,9.693176,-170.22875004271444,935
1.4112701,1.1588593,9.592621,-176.31020021553203,936
1.375351,0.9792938,9.78656,-169.27867072916567,937
1.4328156,0.8978882,10.318069,-172.0866571196063,938
1.3945007,1.0702667,10.564667,-178.84073066150842,939
1.3585968,1.2067413,9.930206,-173.8162249419936,940
1.3466187,1.3168793,9.341232,-169.50921693441026,941
1.1526947,1.288147,9.250259,-173.52075095849884,942
0.7696228,1.1444855,9.676422,169.39819903964087,943
0.64990234,1.1612549,9.5351715,169.15907411679873,944
0.5637207,1.2833557,9.429825,170.14195199874192,945
0.48231506,1.2761688,9.271805,172.13590278352208,946
0.34823608,1.2474365,9.465729,160.8665960869996,947
0.300354,1.2857513,9.638123,162.9173467249176,948
0.47991943,1.4174347,9.678818,160.63177418333458,949
0.4990692,1.4078522,9.8871155,155.00673091123556,950
0.5469513,1.3551788,10.401871,156.7430333001445,951
0.73609924,1.3025055,10.51918,162.89196574196183,952
0.8534241,1.3575745,10.480881,167.60572517499776,953
0.87257385,1.367157,10.011612,170.86864314529626,954
0.85102844,1.3240509,9.664459,171.11218037034223,955
0.79356384,1.2594147,9.841629,165.28298274395152,956
0.6810303,1.2354736,9.808105,161.14704365432033,957
0.63075256,1.1923676,9.638123,161.55346723069277,958
0.6690674,1.1636505,9.64769,160.41450586583647,959
0.6403351,1.1420898,9.769791,165.5264516671058,960
0.51823425,1.1875916,10.033157,165.08494823915618,961
0.45118713,1.2426605,10.006821,158.38490149358884,962
0.29795837,1.3264465,9.774582,156.55124158825055,963
0.20219421,1.446167,9.43222,155.39346988242002,964
0.080093384,1.5203857,9.403488,156.9154955766873,965
0.1926117,1.5586853,9.6740265,153.7719146715673,966
0.30993652,1.4868622,9.877533,157.91736138452313,967
0.36260986,1.4844666,10.030762,156.33247062913503,968
0.3362732,1.506012,9.925415,154.27680225501464,969
0.26683044,1.5012207,9.925415,150.0486965927233,970
0.36260986,1.506012,9.934998,154.9966768727773,971
0.4272461,1.450943,9.915848,153.65664839913416,972
0.42245483,1.4988403,9.779373,146.60084442045755,973
0.36740112,1.4964447,9.494461,162.39453672508816,974
0.3290863,1.4605255,9.499252,159.4649046655296,975
0.31233215,1.4677124,9.47052,151.15108912476336,976
0.23092651,1.4078522,9.408279,154.26002731041308,977
0.23092651,1.3791199,9.527985,160.15319648857013,978
0.2931671,1.4796753,9.721909,152.92822238453064,979
0.46316528,1.5778351,9.705154,144.15727594299378,980
0.40330505,1.5826263,9.697968,150.56695768656553,981
0.33387756,1.5179901,9.834442,152.68919308433686,982
0.4559784,1.5634766,9.937393,152.4905711832729,983
0.5445709,1.529953,10.06189,166.94312852361483,984
0.4152832,1.4198303,10.093018,150.7110746780528,985
0.30993652,1.4413757,10.392288,151.41095050192567,986
0.26445007,1.4868622,10.071472,148.19393140284967,987
0.31233215,1.5227814,9.583054,152.0074036013862,988
0.25486755,1.4485474,9.43222,146.58553113633837,989
0.2716217,1.3863068,9.686005,148.99865063048222,990
0.379364,1.3887024,9.791351,152.09816315507732,991
0.300354,1.4629211,9.566284,156.30304617419063,992
0.23092651,1.549118,9.606995,153.2580658799289,993
0.30514526,1.6257324,9.2981415,138.5991002228692,994
0.38175964,1.5970001,9.35321,142.81612731832675,995
0.21894836,1.5347443,9.750641,146.0669148726593,996
0.14712524,1.4557343,10.260605,150.84084827228304,997
0.46076965,1.4365845,9.970917,157.5760295109409,998
0.5206299,1.4293976,10.037949,154.47762347699134,999
0.35302734,1.4389801,10.514389,156.8268533816389,1000
0.34584045,1.4677124,10.193573,154.57802725779052,1001
0.31950378,1.4725037,9.6141815,152.23393365539883,1002
0.23332214,1.4653168,9.516006,146.84863002316726,1003
0.096847534,1.4772797,9.611786,149.63291565718794,1004
0.12797546,1.5658722,9.499252,137.56729086571204,1005
0.21177673,1.5371399,9.295746,146.68716435118816,1006
0.118392944,1.5084076,9.604599,142.72950685927265,1007
0.056152344,1.5179901,9.867966,139.95445564100984,1008
0.17106628,1.5682678,9.6884,139.28401793245973,1009
0.29795837,1.5802307,9.638123,156.76233541473894,1010
0.25726318,1.5155945,9.870346,149.9857632297108,1011
0.19740295,1.474884,10.188782,149.0091144802907,1012
0.053756714,1.4725037,10.143295,149.702419662182,1013
0.33387756,1.5802307,9.970917,142.93363389280765,1014
0.40330505,1.6065674,9.810501,153.16334481651916,1015
0.30514526,1.553894,9.920639,156.0403434383336,1016
0.22373962,1.4365845,9.731491,147.94639168695005,1017
0.14233398,1.4365845,9.731491,153.39483358786921,1018
0.14712524,1.427002,9.693176,145.50080147349198,1019
0.15670776,1.4964447,9.7267,147.34421488896504,1020
0.18544006,1.5131989,9.657272,153.93149521133546,1021
0.14233398,1.5323486,9.686005,151.5489476439166,1022
0.24049377,1.553894,9.791351,147.4804771629068,1023
0.26445007,1.5347443,9.714737,145.58762683822118,1024
0.25726318,1.506012,9.788956,150.16894890325054,1025
0.2716217,1.5251617,9.882324,166.34334229183932,1026
0.2788086,1.5371399,9.855988,158.13012177716902,1027
0.3650055,1.5179901,9.78656,158.53773380645706,1028
0.34106445,1.4772797,9.741074,156.38189387796925,1029
0.2788086,1.4916534,9.848801,147.2795193371467,1030
0.33387756,1.5227814,9.760223,154.67287126460533,1031
0.38175964,1.553894,9.678818,154.08715522252007,1032
0.22853088,1.4844666,9.66684,145.8807648970198,1033
0.063323975,1.4557343,9.90387,147.0287830927155,1034
0.027420044,1.5084076,10.10498,149.51606478086737,1035
0.2596588,1.5778351,9.937393,150.34757201042473,1036
0.42485046,1.687973,9.583054,150.08918595412314,1037
0.3578186,1.5730591,9.547134,149.2144709478763,1038
0.20219421,1.4820709,9.834442,148.55451074951296,1039
0.025024414,1.427002,9.724304,148.4775618383236,1040
0.17346191,1.4725037,9.630936,150.40021910854716,1041
0.36740112,1.5275574,9.616562,157.94700440552097,1042
0.36021423,1.5467224,9.817688,147.9874001427268,1043
0.2596588,1.4892578,9.9110565,148.50884410472227,1044
0.2716217,1.4605255,9.908661,154.5661700493914,1045
0.2093811,1.4820709,9.676422,151.95053544635667,1046
0.25486755,1.5251617,9.650085,155.61900272881383,1047
0.1878357,1.553894,9.808105,140.4927291891202,1048
0.16627502,1.5610809,9.867966,152.99392880434615,1049
0.1878357,1.5754547,9.788956,154.44011207806963,1050
0.099243164,1.5514984,10.014008,152.30160716969533,1051
0.23571777,1.5610809,10.02597,151.54418017187592,1052
0.3865509,1.6424866,9.901474,151.87369581819402,1053
0.29556274,1.5706635,9.80571,163.40309611831057,1054
0.20458984,1.4844666,9.958939,150.32951299025922,1055
0.24049377,1.4246063,10.083435,163.2522855414367,1056
0.2716217,1.427002,9.870346,149.96587371884772,1057
0.37457275,1.4317932,9.444183,165.4478225293806,1058
0.33387756,1.422226,9.310104,153.21193478227462,1059
0.33387756,1.4102478,9.487274,154.35911969489163,1060
0.23571777,1.4150391,9.695572,156.04948223144305,1061
0.3218994,1.4341888,9.599808,151.95306261634957,1062
0.38415527,1.4796753,9.525589,151.86534932702827,1063
0.31710815,1.5084076,9.7267,153.65330160644086,1064
0.36740112,1.5706635,9.94696,160.67444920526881,1065
0.3362732,1.5802307,9.8320465,155.08160344491725,1066
0.19021606,1.5586853,9.937393,152.38858279858627,1067
0.25726318,1.5108032,10.10498,154.84506033358136,1068
0.3075409,1.470108,10.397079,147.12394128823215,1069
0.31233215,1.4533386,10.53833,157.41198202745554,1070
0.28120422,1.5036163,10.296524,154.22083568495555,1071
0.43922424,1.6424866,9.520798,161.60993923475044,1072
0.34106445,1.6975555,9.183212,155.94006260093946,1073
0.16627502,1.6185455,9.022812,156.05370328835014,1074
0.096847534,1.4341888,9.120972,153.0591980920548,1075
0.1591034,1.3503876,9.496857,150.884274615026,1076
0.28359985,1.3695526,9.6740265,160.77468906152794,1077
0.36740112,1.3815155,9.709946,157.35805085376913,1078
0.23092651,1.4126434,10.066681,159.43291205945727,1079
0.22373962,1.474884,10.047531,161.64268316163148,1080
0.30274963,1.5514984,9.86557,156.61954347995066,1081
0.2788086,1.6065674,9.844025,159.29290684185034,1082
0.29078674,1.6137543,9.920639,153.29882844889553,1083
0.19021606,1.585022,9.975693,157.41553372582396,1084
0.20458984,1.553894,10.035553,148.4974513491867,1085
0.2500763,1.4629211,9.817688,151.30166747520545,1086
0.2931671,1.3934937,9.987671,158.93172643854007,1087
0.46076965,1.4725037,9.951752,159.708619475494,1088
0.42964172,1.5347443,9.80571,156.88292923472468,1089
0.4487915,1.5610809,9.47052,158.86398462235186,1090
0.300354,1.5443268,9.645294,166.7280731874078,1091
0.36021423,1.474884,9.853592,154.14537575500526,1092
0.3697815,1.4725037,9.798523,172.6731381428786,1093
0.36740112,1.5012207,9.717117,159.35879084658427,1094
0.35542297,1.5730591,9.815292,158.5692892804225,1095
0.29795837,1.5155945,9.875137,155.47573268078366,1096
0.31233215,1.4820709,9.882324,156.27681824777775,1097
0.33148193,1.4485474,9.64769,153.87984532083183,1098
0.31472778,1.4413757,9.544739,153.56633963792825,1099
0.27641296,1.3982697,9.82486,148.0565762986407,1100
0.4655609,1.4533386,10.260605,157.3179713037195,1101
0.51823425,1.5443268,10.215118,152.8074919607615,1102
0.48950195,1.549118,9.772186,158.36353666186506,1103
0.5541382,1.5826263,9.659668,161.61116866880104,1104
0.34823608,1.5682678,9.525589,162.41043740547593,1105
0.23092651,1.4868622,9.678818,144.7854347805815,1106
0.23571777,1.371933,9.987671,155.84060138624574,1107
0.24049377,1.4150391,10.148087,161.03612138219933,1108
0.23092651,1.4964447,9.958939,152.2658033180661,1109
0.23092651,1.5826263,9.7267,151.0257824742503,1110
0.15431213,1.529953,9.542343,141.77144988477332,1111
0.28120422,1.5131989,9.506439,145.64583371032802,1112
0.2716217,1.4653168,9.429825,158.13594109834187,1113
0.22373962,1.4293976,9.6189575,149.77434155414224,1114
0.15431213,1.3695526,9.719513,156.15981710729545,1115
0.13276672,1.4006653,9.700363,154.84943165465018,1116
0.072906494,1.5371399,9.56868,144.52196706353743,1117
0.115997314,1.632904,9.630936,139.79932838458052,1118
0.072906494,1.6185455,9.724304,144.20904877690248,1119
0.041778564,1.5706635,9.741074,142.34439347311067,1120
-0.15933228,1.5347443,9.9110565,151.223871620559,1121
-0.18087769,1.4940491,10.076248,147.02725313034145,1122
-0.1329956,1.4677124,9.8320465,147.4948478809205,1123
-0.18566895,1.506012,9.690796,141.34453574089082,1124
-0.29101562,1.5323486,9.719513,136.99580893785708,1125
-0.2814331,1.5754547,9.803314,136.122009176959,1126
-0.18087769,1.5634766,9.635727,134.36076293720117,1127
-0.22636414,1.4940491,9.690796,140.44405726109468,1128
-0.27664185,1.5155945,9.788956,136.98712093723282,1129
-0.18087769,1.5826263,9.793732,137.69090362931092,1130
-0.027648926,1.6520691,9.776978,137.7383734440425,1131
0.080093384,1.6257324,10.052307,144.7878526675477,1132
0.08488464,1.5730591,10.169632,144.11032522263912,1133
0.19979858,1.6041718,9.867966,140.4306427695648,1134
0.32669067,1.5970001,9.527985,143.9668366085555,1135
0.28120422,1.5012207,9.556717,152.9618952171388,1136
0.2093811,1.3743286,9.683609,147.5161034296176,1137
0.075302124,1.2474365,9.870346,144.84353236966163,1138
-0.55436707,1.0606995,10.258209,140.859073215443,1139
-0.121017456,1.1444855,10.5000305,140.1110308975432,1140
0.7624359,1.5730591,9.537567,148.04073025976626,1141
0.78637695,1.7454376,9.336441,150.07629055697015,1142
0.4942932,1.6209412,9.700363,141.1480175380912,1143
0.38175964,1.5419312,9.453766,137.7467609163433,1144
0.3985138,1.4796753,9.324478,143.82803350424248,1145
0.15670776,1.3647614,9.599808,139.70886935921285,1146
0.1638794,1.3384247,9.812897,142.6090496430703,1147
0.104034424,1.422226,9.772186,136.8743545140359,1148
0.036987305,1.470108,9.714737,133.8626918825455,1149
0.15670776,1.4437714,9.733887,145.30540342171625,1150
0.30993652,1.3575745,9.834442,140.0468271193451,1151
0.3362732,1.2522278,10.081039,140.61829538682173,1152
0.50146484,1.312088,10.162445,138.05719301412037,1153
0.5828705,1.4246063,9.978088,143.05145465599037,1154
0.45118713,1.470108,9.755432,136.7001573694439,1155
0.29556274,1.4892578,9.901474,139.84969419952017,1156
0.22853088,1.4820709,10.306091,134.75485119193257,1157
0.6139984,1.4772797,10.243851,139.2277644944555,1158
0.6834259,1.446167,10.389893,142.68961855451977,1159
0.6187897,1.4796753,10.492844,137.38757492827065,1160
0.43922424,1.5084076,9.812897,130.65490719922735,1161
0.5613251,1.5754547,9.369965,134.99722728481964,1162
0.6044159,1.4892578,9.37236,136.10399113792852,1163
0.4703369,1.288147,9.415451,-33.67875438217327,1164
0.24049377,1.0583038,9.520798,130.58858606238653,1165
0.19979858,1.0367584,9.659668,130.56129262646317,1166
0.4152832,1.1325226,9.504044,130.30543374015448,1167
0.5038605,1.1420898,9.446579,130.07509244058497,1168
0.7193451,1.0678711,9.829651,130.0885888943849,1169
0.7624359,1.0080261,10.452148,132.95344343985508,1170
0.32669067,0.94337463,10.514389,128.1887171352325,1171
0.21177673,1.0128174,10.37793,125.28397428500949,1172
0.24768066,1.1181488,10.112167,120.56304315334505,1173
0.40330505,1.1875916,9.978088,119.89537850159797,1174
0.4487915,1.1684265,9.875137,116.65754098593176,1175
0.53019714,1.1947632,9.894302,119.47011726349463,1176
1.0545349,1.2737732,9.429825,115.45459440893077,1177
0.9252472,1.1157532,9.0060425,117.80931578567102,1178
0.676239,0.7638092,9.405884,121.07794379411564,1179
0.28599548,0.67762756,10.172028,118.36924103345032,1180
0.21177673,0.88830566,10.186386,114.01804170193702,1181
0.23571777,1.1468811,9.635727,109.7256571293667,1182
0.13516235,1.1109772,9.355606,104.28673651215051,1183
-0.17608643,1.0535126,9.492065,103.72272681124754,1184
-0.3460846,1.0247803,9.762619,104.89018372532115,1185
-0.17129517,1.1253357,9.678818,101.60481492322083,1186
0.21417236,1.3599701,9.700363,106.11891426643894,1187
0.43203735,1.4246063,9.829651,97.89716284549529,1188
0.46076965,1.3503876,10.296524,102.53140521621393,1189
0.4200592,1.1923676,10.703537,99.27985268069433,1190
0.3650055,1.1444855,10.423416,100.45935804846383,1191
0.2883911,1.1277313,9.772186,98.04972878098586,1192
0.13276672,1.1181488,9.547134,98.88730804871535,1193
0.065719604,1.1875916,9.808105,93.44308720470326,1194
0.048965454,1.371933,9.80571,93.60562521638205,1195
0.118392944,1.5275574,9.532776,92.70393096291365,1196
0.18304443,1.5203857,9.719513,92.19886579454788,1197
0.38415527,1.4030609,9.973297,89.19877350351148,1198
0.6618805,1.3503876,9.94696,88.96109658077337,1199
0.67385864,1.450943,9.999634,88.60518908350235,1200
0.7001953,1.5227814,9.772186,85.33586439576239,1201
0.8677826,1.4677124,9.669235,85.58824671578353,1202
0.85580444,1.3623657,9.870346,88.79517079526626,1203
0.65708923,1.2785645,9.642899,85.04116905383302,1204
0.47512817,1.3072968,9.403488,87.18155226422908,1205
0.4440155,1.3192749,9.482498,84.00155279045455,1206
0.46076965,1.347992,9.736282,85.7190380082001,1207
0.34106445,1.427002,10.002029,83.00959758710442,1208
0.28359985,1.5443268,10.097809,83.57648962783715,1209
0.2931671,1.6664276,9.841629,81.47770909967562,1210
0.32669067,1.7358551,9.731491,78.81573166312236,1211
0.1303711,1.7119141,9.78656,79.177970745754,1212
0.118392944,1.687973,9.623749,75.86905145139546,1213
0.28120422,1.6664276,9.465729,76.81888487813411,1214
0.44639587,1.6209412,9.829651,74.03716056505219,1215
0.51104736,1.5179901,10.054703,76.05029052102175,1216
0.4272461,1.4317932,10.107376,79.47592408791746,1217
0.5062561,1.4964447,9.812897,74.94357447923709,1218
0.52301025,1.5610809,9.446579,76.45713756912274,1219
0.7049713,1.6448822,9.43222,74.3468140212639,1220
0.85580444,1.6736145,9.336441,73.68212050180577,1221
1.0258026,1.6161499,9.389114,70.48684872504708,1222
0.98509216,1.5227814,9.70755,72.72241062152727,1223
1.0210114,1.549118,9.896683,70.8807935458059,1224
1.2149353,1.7526245,10.0499115,68.7144556165638,1225
1.3154907,1.845993,9.772186,64.39896451403132,1226
1.1909943,1.8076782,9.810501,68.98646790025954,1227
1.1479034,1.640091,9.913452,70.01049767195205,1228
1.0808716,1.3982697,10.021194,70.50998257576592,1229
1.1670532,1.3072968,10.526367,71.21943432485514,1230
1.0688934,1.2833557,10.12175,70.71317387338462,1231
1.0353699,1.3695526,9.482498,64.97405278176805,1232
0.7121582,1.4964447,8.922256,68.90399336603164,1233
0.40330505,1.585022,9.19519,72.37788904960266,1234
0.20458984,1.553894,9.264618,70.38466909506369,1235
0.14472961,1.4413757,9.499252,71.45874366280488,1236
0.1519165,1.427002,10.346802,71.8580160311163,1237
0.40330505,1.4916534,10.610168,70.80378316291402,1238
0.60202026,1.4365845,10.466507,70.2518287458961,1239
0.86299133,1.4126434,10.535934,67.0581347428357,1240
1.3154907,1.5036163,10.387497,67.23452437815128,1241
1.375351,1.6736145,9.930206,64.7122174799356,1242
1.2317047,1.6760101,9.401093,61.10279035266403,1243
0.9755249,1.5419312,9.302933,63.779903488418036,1244
0.72413635,1.470108,9.724304,65.65228373616114,1245
0.5158386,1.4150391,9.760223,67.1780318835261,1246
0.5828705,1.3958893,9.480103,65.71245087255978,1247
0.6187897,1.4581299,9.317291,66.69697483009293,1248
0.7624359,1.5371399,9.621353,66.72615339822723,1249
0.9874878,1.6616364,9.803314,62.9928539601683,1250
0.9276428,1.6783905,9.76741,66.76002430632133,1251
0.65708923,1.632904,9.848801,66.64359690172928,1252
0.35302734,1.608963,10.205536,67.77192366204788,1253
0.33148193,1.6855774,10.114563,66.27286789395933,1254
0.3985138,1.7693787,9.5399475,67.68709271255632,1255
0.40570068,1.7765656,9.389114,63.3621144772667,1256
0.40090942,1.798111,9.472916,65.3395430344446,1257
0.30274963,1.6975555,9.506439,64.45100372531765,1258
0.26922607,1.5898132,9.573471,63.458918748373286,1259
0.24768066,1.5682678,9.664459,71.89551376965967,1260
0.23332214,1.632904,9.712341,67.4078540887187,1261
0.22613525,1.6951599,9.592621,67.86732091418546,1262
0.31233215,1.7071228,9.757828,66.44617028377006,1263
0.4368286,1.7262878,9.846405,68.05523990882001,1264
0.46795654,1.7502289,9.681213,66.67386830013078,1265
0.4080963,1.7238922,9.724304,67.23429898190867,1266
0.36740112,1.6760101,9.74585,69.90934940053333,1267
0.40570068,1.632904,9.822464,65.21430468582325,1268
0.4559784,1.6161499,10.030762,66.52345387422876,1269
0.45358276,1.6137543,9.980484,65.56182471079349,1270
0.4559784,1.640091,9.700363,64.81334526078682,1271
0.5278015,1.6544495,9.417847,68.06254138104275,1272
0.5613251,1.6544495,9.597412,66.7098975480026,1273
0.5278015,1.6305084,9.654877,66.88087767349553,1274
0.5254059,1.6185455,9.575867,66.95616684871658,1275
0.379364,1.549118,9.678818,69.43174159263101,1276
0.29078674,1.5155945,9.894302,66.96391911342454,1277
0.40330505,1.553894,9.855988,66.62064746611804,1278
0.30274963,1.6017761,9.841629,69.2547235799118,1279
0.34344482,1.5371399,9.867966,65.75684710216487,1280
0.27401733,1.4868622,10.028366,69.89715068267569,1281
0.35302734,1.5036163,10.011612,68.88905574231683,1282
0.4368286,1.5227814,10.112167,67.85560713975887,1283
0.41288757,1.5802307,9.973297,68.2920562277227,1284
0.47991943,1.6185455,9.623749,69.39338325025223,1285
0.44161987,1.6209412,9.74585,68.00116530116102,1286
0.44639587,1.5682678,9.899078,68.83554121016978,1287
0.3985138,1.5514984,9.834442,69.6002491896444,1288
0.4200592,1.553894,9.556717,68.51926247046316,1289
0.47273254,1.5898132,9.578262,66.6037564083006,1290
0.46795654,1.6185455,9.779373,65.3570146583415,1291
0.44161987,1.6017761,9.755432,65.85399971291913,1292
0.3506317,1.5371399,9.645294,69.45279223565299,1293
0.33148193,1.4844666,9.64769,69.26038580673374,1294
0.31710815,1.3527832,9.640503,69.87850426624155,1295
0.49189758,1.3815155,10.059494,69.9915575573836,1296
0.50146484,1.4557343,10.06189,68.81138283107543,1297
0.44639587,1.5371399,10.016403,65.86395129853985,1298
0.379364,1.5682678,9.855988,69.17110840409251,1299
0.3578186,1.5227814,9.851196,67.63960240725723,1300
0.4775238,1.5562897,9.743454,69.03253752621129,1301
0.51104736,1.6017761,9.561508,66.11080116533327,1302
0.39134216,1.6616364,9.5399475,66.109223391635,1303
0.35302734,1.632904,9.37236,66.23142913626486,1304
0.40570068,1.549118,9.329269,66.85253238843997,1305
0.34106445,1.4581299,9.527985,68.22189652456832,1306
0.30514526,1.3934937,9.844025,68.440353294982,1307
0.26445007,1.4629211,9.978088,73.11038585695151,1308
0.40330505,1.5179901,10.016403,69.06960496283695,1309
0.4487915,1.4868622,10.018799,68.67061946247065,1310
0.42964172,1.4581299,10.160049,70.19292519449392,1311
0.42964172,1.3623657,10.085831,69.8940019654683,1312
0.41767883,1.3982697,10.112167,68.93751593447807,1313
0.42964172,1.506012,9.853592,69.70626738594135,1314
0.42964172,1.5562897,9.820068,67.12394361548877,1315
0.4942932,1.5251617,9.700363,66.81401012152111,1316
0.48950195,1.450943,9.592621,67.81583494822189,1317
0.38894653,1.3743286,9.606995,70.04789978784704,1318
0.34344482,1.4293976,9.872742,69.24332399418705,1319
0.3697815,1.4916534,9.80571,67.77981253053925,1320
0.47512817,1.5131989,9.575867,67.24563709593089,1321
0.40570068,1.5131989,9.717117,69.35694419103021,1322
0.39134216,1.5275574,9.846405,66.25571728895343,1323
0.31233215,1.5347443,10.02597,70.36196554626257,1324
0.2931671,1.5562897,10.071472,68.0451722099834,1325
0.35302734,1.5682678,9.858383,71.13911813040495,1326
0.3697815,1.5970001,9.872742,68.66249153735833,1327
0.30274963,1.5826263,9.592621,70.12889900121422,1328
0.36740112,1.5227814,9.501648,71.37758735508679,1329
0.3985138,1.4844666,9.76741,72.09213442529683,1330
0.48950195,1.4820709,9.901474,72.0864721984749,1331
0.4559784,1.5012207,9.932602,68.85971324964245,1332
0.44639587,1.5275574,9.867966,71.20423032376269,1333
0.3697815,1.549118,9.743454,71.89029550513379,1334
0.36740112,1.5586853,9.551926,72.3998822587301,1335
0.42245483,1.6113586,9.506439,72.73616662251568,1336
0.43203735,1.6233368,9.642899,68.47175167459656,1337
0.36260986,1.6352997,9.882324,68.95367616205432,1338
0.34344482,1.6185455,10.002029,72.09246910456616,1339
0.39611816,1.5826263,9.851196,69.44886487688024,1340
0.38175964,1.5467224,9.867966,70.19334866622246,1341
0.4152832,1.553894,10.037949,69.37356204128085,1342
0.34584045,1.6161499,9.709946,69.39048725004415,1343
0.26205444,1.632904,9.381943,70.1013186973457,1344
0.2788086,1.5706635,9.544739,69.19480233032327,1345
0.5325928,1.6209412,9.633331,67.56663549635398,1346
0.69540405,1.6951599,9.413055,68.64820278161467,1347
0.64990234,1.6736145,9.882324,66.72761505870962,1348
0.4440155,1.5706635,9.913452,68.63933036588281,1349
0.4080963,1.5419312,9.757828,69.6063553787624,1350
0.38175964,1.5754547,10.033157,67.55264043874462,1351
0.33148193,1.5802307,10.143295,69.18271289549236,1352
0.2883911,1.6017761,9.803314,69.36471011611651,1353
0.36740112,1.6424866,9.448975,67.63016991601343,1354
0.3865509,1.6257324,9.54953,67.86798344253494,1355
0.4368286,1.608963,9.736282,69.57603616903671,1356
0.4703369,1.5514984,9.709946,65.63656064069177,1357
0.34823608,1.5275574,9.78656,67.96234250591867,1358
0.4080963,1.5467224,9.765015,68.2818041137785,1359
0.37217712,1.5898132,9.671631,68.70441523848388,1360
0.30514526,1.5706635,9.578262,69.16209255438808,1361
0.27641296,1.6017761,9.829651,65.11194064073227,1362
0.3865509,1.608963,9.700363,71.36347618426153,1363
0.34344482,1.5874176,9.669235,69.70404757446109,1364
0.26205444,1.5754547,9.954147,71.49102313682235,1365
0.34823608,1.6520691,9.990067,70.74352723405616,1366
0.4200592,1.6520691,9.906265,71.71512847367964,1367
0.300354,1.5562897,9.853592,72.00300045662817,1368
0.28120422,1.5036163,9.889511,72.27525179694487,1369
0.32669067,1.5562897,9.74585,68.83754928578576,1370
0.41049194,1.6185455,9.506439,68.76024520475956,1371
0.4847107,1.5706635,9.616562,68.88090049644784,1372
0.3650055,1.553894,9.877533,69.36751732386539,1373
0.37457275,1.4940491,9.800919,70.26044844462866,1374
0.2931671,1.5155945,9.803314,70.64968726504935,1375
0.40330505,1.553894,9.820068,66.5813670482013,1376
0.41288757,1.640091,9.676422,67.07709534797165,1377
0.39611816,1.6233368,9.6740265,66.88718193809945,1378
0.31233215,1.5802307,9.82486,69.5656747720658,1379
0.38175964,1.5371399,9.8871155,68.67925282158154,1380
0.4152832,1.5395355,9.855988,68.89729978064503,1381
0.40570068,1.5514984,9.934998,68.9148670271903,1382
0.38415527,1.6137543,9.798523,69.26538550520618,1383
0.36260986,1.608963,9.547134,64.84771477269032,1384
0.4152832,1.5586853,9.563889,66.86193072873792,1385
0.379364,1.5108032,9.88472,69.66288885452259,1386
0.34106445,1.5347443,9.985275,68.87161826936578,1387
0.41767883,1.5754547,9.633331,68.02526220855282,1388
0.33866882,1.506012,9.6141815,65.98027625029432,1389
0.34823608,1.5251617,9.630936,68.55473164282304,1390
0.33387756,1.5227814,9.556717,70.43504174019253,1391
0.32669067,1.5108032,9.626144,69.7275980667193,1392
0.36260986,1.5227814,9.755432,68.3360153252209,1393
-0.015686035,1.4677124,10.014008,69.77856493830593,1394
-0.087509155,1.4868622,10.248642,71.40337131920359,1395
0.21177673,1.5012207,10.009216,71.77322606275978,1396
0.38175964,1.4916534,8.785782,69.81052339343242,1397
1.8230743,1.6712189,9.729095,59.48238261359187,1398
0.81510925,1.4940491,10.078644,68.06771866443363,1399
-0.20960999,1.2474365,9.257431,73.18609850390109,1400
0.6211853,1.4054565,9.894302,67.07272402690285,1401
0.6977997,1.6951599,11.151245,68.63788236577878,1402
0.9372101,1.549118,11.235046,67.30160366598997,1403
1.3418274,1.8148651,10.744232,61.57584242438995,1404
1.0760803,1.7765656,9.951752,64.99015836783094,1405
0.37217712,1.4772797,9.463333,65.5527815403324,1406
-0.16412354,1.3144836,9.259827,68.44566718215628,1407
-0.26228333,1.2067413,9.166458,72.93739765584259,1408
-0.20960999,1.1325226,9.113785,70.79344908669978,1409
-0.37002563,1.0104218,9.259827,73.7502174878308,1410
-0.5376129,0.87394714,9.197586,77.49921953079158,1411
-0.51127625,0.91464233,9.2981415,75.47589893258036,1412
-0.14974976,1.0319672,9.834442,72.25004839890754,1413
-0.077926636,1.0678711,10.107376,74.59534411459315,1414
-0.1329956,1.1181488,10.176819,72.43954516724037,1415
-0.025253296,1.1732178,10.205536,71.91020550656438,1416
0.26205444,1.3934937,10.313278,67.60627791429673,1417
1.157486,1.7574005,10.823242,64.60962120841285,1418
1.1479034,2.047104,10.059494,62.70293975065794,1419
0.3290863,1.5586853,9.492065,67.72241845094362,1420
0.39134216,1.5347443,10.607773,69.6403150793157,1421
-0.077926636,0.96492004,9.271805,79.16330632960597,1422
-0.46099854,1.051117,7.423477,75.23445857560958,1423
0.42245483,1.470108,8.91507,70.90613354762665,1424
0.5469513,1.845993,11.045914,67.34197008398475,1425
0.53977966,1.7957153,11.804871,65.40200511440436,1426
0.060928345,1.2809601,9.573471,73.92531621739323,1427
0.5780792,1.209137,8.646912,67.61039651836624,1428
1.0018616,1.7789612,9.211945,67.18643984639439,1429
0.7768097,1.9034576,9.630936,66.40037386538513,1430
0.40090942,1.6616364,9.784164,68.61145636388,1431
0.113601685,1.4868622,9.796127,74.53582584616566,1432
0.3506317,1.5443268,9.78656,74.16911298962768,1433
0.4990692,1.4964447,9.772186,72.05177483749124,1434
0.3650055,1.4126434,9.755432,72.96453399741506,1435
0.513443,1.5826263,10.011612,73.73558722262862,1436
0.51823425,1.585022,10.253433,72.60723314155335,1437
0.3506317,1.4964447,10.212723,71.9450941128448,1438
0.092056274,1.4533386,9.987671,74.24082314572364,1439
-0.018066406,1.4605255,9.544739,75.33499896019217,1440
0.051361084,1.4533386,9.654877,76.51026961067626,1441
0.26683044,1.446167,10.095413,70.4811933284143,1442
0.47991943,1.640091,9.901474,73.58004332465993,1443
0.58047485,1.7119141,9.951752,73.7120435605596,1444
0.30514526,1.6017761,9.970917,74.41843538490065,1445
0.300354,1.4725037,10.138504,81.56949318174226,1446
0.7337036,1.6760101,9.779373,72.44631388470785,1447
0.34584045,1.9417572,9.269409,70.3086149386556,1448
-0.530426,2.083023,9.283768,73.25202348977007,1449
-0.13059998,1.9872437,9.4561615,74.1906075949457,1450
0.5062561,1.798111,9.247864,81.14680692495602,1451
0.25247192,1.6257324,9.221527,82.97622528281974,1452
0.087265015,1.5179901,8.862396,79.84523241634005,1453
-0.34368896,1.5922089,8.517624,75.96152538256827,1454
-0.49212646,1.4725037,9.267014,72.02829264712473,1455
0.46076965,1.2666016,10.289337,79.80951735717005,1456
0.32429504,0.7614136,10.801697,88.88308216007349,1457
-0.54719543,1.0367584,10.667618,86.98556681618474,1458
-1.0834961,0.644104,10.593399,89.8624424945941,1459
0.99227905,0.24188232,11.237442,89.12748681914405,1460
1.2029724,0.23709106,10.131317,88.20545226232736,1461
0.8821411,0.9697113,9.755432,75.3212566195821,1462
-0.7028198,1.7574005,11.373917,78.84861902397598,1463
-0.025253296,1.1899872,9.6884,76.40928526379763,1464
0.3697815,1.0726624,8.050766,68.26951660346165,1465
-0.056381226,1.1349182,9.123367,72.55498219440275,1466
0.19740295,1.1277313,10.095413,75.7036379300761,1467
-0.23834229,1.1109772,10.037949,70.108039603489,1468
-0.48493958,1.0247803,10.296524,74.43237580099664,1469
-0.21440125,0.9553528,10.181595,72.64949835213739,1470
0.27401733,0.76620483,9.0299835,77.11949516388472,1471
0.16867065,1.0870361,8.713959,70.0122871815146,1472
-0.47058105,1.3312378,9.37236,69.8057900723376,1473
-1.4521942,1.4557343,10.849579,74.63010294727934,1474
-0.13539124,0.9864807,11.077026,79.63975300534939,1475
0.092056274,0.9122467,9.970917,74.67329706359051,1476
-0.73872375,1.3288422,9.870346,72.73427466011559,1477
-0.44184875,1.3192749,10.047531,73.3136044753269,1478
-0.15933228,1.2809601,9.942184,72.87359002861633,1479
0.036987305,1.2378693,10.0451355,78.49563484766972,1480
0.039382935,1.209137,10.291733,72.80192085365539,1481
-0.075531006,1.5371399,9.930206,71.25321644049002,1482
-0.29101562,1.4174347,9.513611,70.42545215459783,1483
-0.47058105,1.5874176,9.841629,73.49196120512345,1484
-0.16412354,1.6855774,9.798523,68.60322598593014,1485
0.022628784,1.7119141,9.35321,71.70430945403434,1486
-0.037231445,1.8052979,9.094635,68.09137843971855,1487
-0.41551208,1.9082489,9.286163,71.75417666516461,1488
-0.22875977,1.9297943,9.793732,72.58345725305253,1489
-0.053985596,1.960907,9.8871155,69.24430071123835,1490
-0.36523438,2.1141357,9.566284,74.2851783941937,1491
-0.8512573,2.324829,9.870346,69.95265963006038,1492
-0.6333771,2.3415985,10.289337,70.7273260253449,1493
-0.26467896,2.2697601,10.45932,75.89581896275274,1494
-0.1329956,2.2697601,10.054703,73.86827730763446,1495
