0.094451904,-0.124435425,9.891907,0,0
0.087265015,-0.13401794,9.8871155,75,1
0.089660645,-0.13401794,9.894302,74,2
0.08488464,-0.13401794,9.894302,74,3
0.087265015,-0.13162231,9.894302,76,4
0.087265015,-0.13162231,9.891907,75,5
0.092056274,-0.13162231,9.894302,74,6
0.087265015,-0.13401794,9.88472,77,7
0.08488464,-0.13641357,9.894302,76,8
0.087265015,-0.12922668,9.891907,75,9
0.087265015,-0.13401794,9.8871155,75,10
0.089660645,-0.13401794,9.8871155,74,11
0.08488464,-0.13162231,9.879929,73,12
0.087265015,-0.13641357,9.882324,75,13
0.087265015,-0.13162231,9.889511,75,14
0.089660645,-0.13162231,9.894302,77,15
0.089660645,-0.13401794,9.88472,73,16
0.089660645,-0.13641357,9.894302,72,17
0.087265015,-0.13641357,9.891907,74,18
0.08488464,-0.13641357,9.889511,74,19
0.08488464,-0.13641357,9.894302,74,20
0.08488464,-0.13879395,9.891907,71,21
0.08488464,-0.13641357,9.894302,71,22
0.08488464,-0.13641357,9.894302,75,23
0.087265015,-0.13879395,9.8871155,78,24
0.08488464,-0.13401794,9.894302,75,25
0.08248901,-0.13401794,9.8871155,78,26
0.087265015,-0.13641357,9.894302,77,27
0.087265015,-0.13401794,9.891907,78,28
0.08488464,-0.13879395,9.896683,78,29
0.087265015,-0.13401794,9.891907,80,30
0.087265015,-0.13879395,9.891907,77,31
0.08248901,-0.13641357,9.894302,79,32
0.087265015,-0.13401794,9.894302,78,33
0.08488464,-0.13879395,9.891907,76,34
0.08248901,-0.13879395,9.889511,78,35
0.08248901,-0.13401794,9.88472,77,36
0.08488464,-0.13879395,9.894302,77,37
0.087265015,-0.13401794,9.8871155,79,38
0.087265015,-0.13641357,9.88472,76,39
0.087265015,-0.14118958,9.889511,78,40
0.087265015,-0.13641357,9.882324,77,41
0.08488464,-0.13879395,9.889511,78,42
0.08248901,-0.13641357,9.896683,76,43
0.08488464,-0.13401794,9.896683,76,44
0.087265015,-0.13641357,9.891907,78,45
0.08488464,-0.13879395,9.88472,75,46
0.08248901,-0.13401794,9.889511,77,47
0.087265015,-0.13641357,9.8871155,75,48
0.087265015,-0.13401794,9.891907,80,49
0.08488464,-0.13401794,9.8871155,77,50
0.087265015,-0.13401794,9.8871155,79,51
0.087265015,-0.13641357,9.894302,78,52
0.08488464,-0.13641357,9.882324,74,53
0.087265015,-0.13879395,9.896683,72,54
0.089660645,-0.14118958,9.891907,76,55
0.08488464,-0.13879395,9.896683,73,56
0.087265015,-0.13879395,9.894302,74,57
0.087265015,-0.14118958,9.891907,74,58
0.087265015,-0.13641357,9.8871155,74,59
0.087265015,-0.14118958,9.88472,73,60
0.087265015,-0.13879395,9.889511,73,61
0.089660645,-0.13641357,9.901474,72,62
0.08248901,-0.14118958,9.8871155,72,63
0.080093384,-0.1435852,9.899078,74,64
0.08488464,-0.13879395,9.894302,74,65
0.08248901,-0.13879395,9.88472,75,66
0.08488464,-0.13879395,9.8871155,74,67
0.08488464,-0.14118958,9.913452,76,68
0.08488464,-0.14118958,9.875137,77,69
0.08488464,-0.1435852,9.896683,72,70
0.08488464,-0.1435852,9.882324,75,71
0.089660645,-0.14118958,9.98288,75,72
0.077697754,-0.1435852,9.851196,73,73
0.077697754,-0.1507721,9.738678,74,74
0.08488464,-0.15316772,9.98288,73,75
0.075302124,-0.14598083,9.867966,75,76
0.080093384,-0.1507721,9.877533,73,77
0.08248901,-0.14837646,9.9110565,75,78
0.080093384,-0.14598083,9.877533,75,79
0.080093384,-0.14598083,9.863174,74,80
0.08488464,-0.14837646,9.891907,73,81
0.080093384,-0.1435852,9.894302,76,82
0.080093384,-0.1435852,9.877533,76,83
0.080093384,-0.1435852,9.8871155,73,84
0.080093384,-0.14598083,9.88472,73,85
0.080093384,-0.14837646,9.882324,75,86
0.077697754,-0.14837646,9.879929,77,87
0.077697754,-0.14837646,9.8871155,73,88
0.080093384,-0.14837646,9.88472,74,89
0.08248901,-0.14837646,9.882324,74,90
0.08248901,-0.15316772,9.8871155,74,91
0.077697754,-0.14598083,9.88472,73,92
0.080093384,-0.1507721,9.872742,73,93
0.080093384,-0.1507721,9.882324,75,94
0.08488464,-0.14837646,9.934998,74,95
0.08248901,-0.14598083,9.848801,73,96
0.080093384,-0.16035461,9.863174,74,97
0.26922607,-0.047821045,9.731491,74,98
-0.039627075,-0.043029785,8.52002,72,99
0.21417236,-0.083740234,8.646912,70,100
-0.089904785,-1.0725403,13.119278,75,101
0.18544006,-0.33992004,9.468124,71,102
-0.3388977,-0.4859619,9.642899,72,103
-0.7075958,-1.0581818,9.875137,77,104
-1.1361694,-2.6742554,9.968521,83,105
0.096847534,-1.3885803,9.80571,76,106
0.652298,0.3591919,9.951752,67,107
0.1519165,0.64649963,10.002029,65,108
-0.8512573,-0.9863434,9.815292,73,109
-0.17129517,-0.76608276,9.867966,72,110
-0.099472046,0.093429565,9.978088,70,111
-0.6022644,-0.36146545,9.848801,69,112
-0.12820435,-0.8474884,9.80571,69,113
0.14952087,-0.45004272,9.781769,67,114
0.26922607,-0.4356842,9.822464,68,115
-0.9853363,-1.4867401,9.822464,71,116
-1.0499725,-1.4316711,9.829651,71,117
1.1718445,-1.0509949,9.844025,66,118
0.013046265,-1.4364624,9.793732,68,119
0.889328,-1.5106812,9.810501,66,120
1.6459045,-1.256897,10.004425,65,121
0.4152832,-0.9576111,10.040344,64,122
0.23571777,-1.7453156,9.844025,70,123
0.61639404,-1.3885803,9.820068,67,124
0.3218994,-1.395752,9.592621,68,125
0.22853088,-1.1946411,9.523193,65,126
1.0162201,-1.1012726,9.6189575,63,127
1.8015137,1.529953,10.59819,49,128
1.2676086,0.6417084,10.265396,55,129
-0.099472046,-1.5346222,9.812897,67,130
0.3290863,-4.21373,9.197586,83,131
-0.4370575,-4.735672,8.95816,82,132
-1.526413,-2.8394623,9.436996,72,133
-2.929428,-2.1212006,9.817688,70,134
0.59724426,-2.8131256,9.812897,68,135
3.6737823,-0.2872467,9.906265,46,136
0.8797455,-1.6806641,10.875916,60,137
-3.6476898,-2.3462524,9.185608,66,138
-2.7905579,-2.0733185,9.709946,64,139
2.0529175,-2.372589,8.960556,61,140
2.1869812,-3.12677,9.970917,69,141
0.120788574,-2.5521545,9.62854,66,142
-1.9908905,-1.4915314,10.021194,64,143
-2.328476,-0.014297485,9.896683,60,144
-1.8879395,-1.7333374,8.424255,66,145
-0.743515,-1.8482666,9.396301,65,146
0.9396057,-0.41893005,13.159988,57,147
2.115158,1.0032349,13.705872,51,148
3.4487305,2.2506104,11.527145,41,149
0.79356384,-0.5649719,9.90387,63,150
-0.7291565,-2.8179169,8.060333,77,151
0.89172363,-1.5657501,6.987732,71,152
1.6482849,0.6345215,9.436996,52,153
-0.41551208,0.6871948,14.376236,55,154
-3.4920654,-2.841858,14.876633,69,155
-3.3555908,-3.471527,10.784943,74,156
0.43203735,-1.335907,10.308487,63,157
1.9523621,-0.047821045,9.923019,53,158
1.7344818,-0.8283386,7.92865,59,159
-0.9063263,-2.0781097,7.861618,75,160
-2.438614,-1.5489807,9.501648,70,161
-0.12820435,0.1532898,9.305328,63,162
0.8869324,1.6568451,9.477707,50,163
-0.59747314,2.4205933,9.654877,52,164
-0.81533813,1.0295715,10.109772,58,165
-1.1864471,-0.2082367,9.942184,63,166
0.8246918,-0.12683105,9.695572,61,167
0.36260986,0.48608398,9.288559,57,168
-0.082717896,0.97210693,9.324478,58,169
0.31710815,-0.2585144,8.041183,65,170
-1.3660126,-0.8450928,9.156876,72,171
-0.9350586,-0.60087585,9.626144,74,172
-0.956604,0.94577026,10.088226,66,173
-0.20002747,1.6448822,10.365952,64,174
1.2915497,1.3216553,9.324478,59,175
1.4663391,1.5323486,8.503265,58,176
0.731308,2.7198792,7.7873993,54,177
0.001083374,3.3710938,7.7610626,53,178
-0.68125916,2.9952087,8.8983,61,179
-1.059555,2.2554016,8.965347,63,180
-0.7411194,2.5067902,8.467346,59,181
-0.28862,3.0861816,8.469742,55,182
-0.49691772,2.707901,7.9214783,58,183
0.0154418945,2.2865295,9.034775,58,184
-0.25509644,2.660019,9.559113,60,185
0.7672272,2.7270508,11.316452,59,186
1.2317047,2.5714417,12.436935,62,187
0.74568176,2.2170868,11.153641,62,188
-0.12820435,1.9633026,9.970917,61,189
-0.36763,1.8890839,9.719513,60,190
0.096847534,1.5922089,9.992462,63,191
0.115997314,1.4772797,10.401871,62,192
-0.044403076,1.6281128,10.935776,61,193
0.25726318,1.6185455,10.799301,60,194
0.27401733,1.9058533,10.251038,63,195
-0.1401825,1.936966,9.645294,61,196
-0.37719727,1.5754547,8.9509735,63,197
-0.4657898,1.3743286,9.235886,65,198
-0.8273163,1.1804047,10.033157,68,199
-1.1529236,0.9697113,10.485657,69,200
-1.035614,0.778183,10.691559,69,201
-0.9542084,0.73747253,10.557495,67,202
-0.7483063,1.0247803,9.96373,66,203
-0.118621826,1.4581299,9.094635,61,204
-0.4945221,1.8244476,9.068298,62,205
-1.3013611,1.3647614,9.78656,64,206
-1.6341553,0.91464233,9.970917,67,207
-1.2558746,0.96014404,10.5000305,64,208
-0.20721436,1.3408203,11.211105,60,209
1.0114288,1.7502289,12.465668,58,210
1.3370514,1.4341888,13.770508,54,211
0.77201843,0.119766235,14.474411,62,212
0.25247192,-0.73735046,14.079361,67,213
0.16149902,-0.9241028,13.231812,69,214
0.9467926,-0.60806274,11.883881,68,215
1.1909943,0.024002075,11.0914,66,216
1.3801422,0.009643555,10.739456,64,217
1.5621033,-0.052612305,10.610168,63,218
1.2317047,-0.13162231,10.423416,67,219
0.8246918,-0.24653625,10.028366,70,220
0.45118713,0.081466675,9.319687,69,221
0.513443,0.5435486,8.366791,65,222
0.9252472,0.9266205,7.461792,60,223
0.9587555,1.3288422,7.5168457,57,224
0.73609924,1.0702667,8.390732,65,225
-0.5447998,0.57707214,9.671631,71,226
-1.3947449,0.20117188,9.90387,80,227
-1.7371063,0.33764648,9.367569,77,228
-1.9789276,0.88591003,8.773804,212,229
-1.4091034,1.1851959,8.031601,73,230
-1.9693451,1.0654755,8.170471,76,231
-2.438614,0.4453888,9.346024,78,232
-1.8113251,0.067092896,10.605377,80,233
-0.72676086,0.3687744,10.514389,77,234
-0.17129517,0.89549255,9.331665,72,235
0.23092651,0.6345215,7.990906,68,236
0.11122131,0.3184967,8.156097,72,237
0.45118713,0.29933167,9.398697,74,238
0.7480774,0.67523193,10.229477,74,239
0.96354675,0.85240173,9.973297,71,240
0.8582001,0.5962219,9.075485,69,241
0.4272461,0.29933167,8.819305,77,242
0.1303711,0.004852295,9.396301,75,243
-0.23355103,0.13174438,9.853592,80,244
-0.085113525,0.56269836,9.386719,75,245
0.21894836,0.6010132,9.11618,75,246
0.28359985,0.21315002,9.441788,74,247
-0.1401825,-0.41174316,10.327652,83,248
-0.7722473,-0.8115692,10.942963,87,249
-0.5735321,-0.87142944,11.163223,84,250
0.104034424,-0.825943,10.016403,87,251
0.82229614,-0.27287292,9.2742,83,252
1.3968964,0.050338745,8.912674,81,253
1.533371,0.19400024,8.438614,78,254
1.4495697,0.20596313,8.706772,80,255
1.2388763,0.18441772,8.910278,81,256
1.0186157,0.4788971,8.845642,80,257
1.0856476,0.90267944,8.539185,71,258
0.75764465,1.2115326,8.455383,73,259
0.3865509,1.3647614,8.201599,77,260
0.010650635,1.4772797,9.197586,75,261
-0.35325623,0.82366943,10.87352,84,262
-1.0763092,0.29216003,10.801697,86,263
-1.8328705,0.29693604,9.954147,90,264
-2.0699005,0.4597473,9.43222,88,265
-1.3492432,0.7494507,9.51123,85,266
-1.0236359,1.0870361,10.004425,78,267
-1.0571594,1.0870361,10.636505,85,268
-1.2127838,1.1828003,10.169632,81,269
-1.3803711,1.5658722,9.750641,78,270
-1.3516388,1.8795166,9.314896,75,271
-1.2941895,2.2410278,8.553543,74,272
-1.2462921,2.6217194,8.306946,70,273
-0.89434814,3.0215454,8.692413,66,274
-0.74591064,3.217865,9.381943,67,275
-1.1194,2.7246704,9.918243,74,276
-1.5599365,1.8340149,9.9110565,77,277
-1.7754211,1.0559082,10.583832,86,278
-1.3923492,0.66804504,11.273361,81,279
-0.99250793,0.5507355,11.103363,81,280
-0.48254395,0.4669342,10.318069,76,281
0.29795837,0.6847992,9.255051,75,282
0.7265167,0.8930969,9.130539,70,283
0.80552673,0.782959,9.197586,69,284
0.8749695,0.802124,8.850418,68,285
1.4064789,0.9505615,9.068298,63,286
2.1558685,1.427002,9.425034,51,287
2.5844269,1.8723297,9.010834,47,288
2.1989594,1.6520691,8.97731,49,289
1.5094299,0.802124,10.239059,66,290
1.4495697,-0.059799194,11.112946,78,291
1.3059235,-0.15316772,10.6772,79,292
1.7033539,0.033584595,10.3420105,67,293
1.8063049,0.14370728,10.21991,70,294
1.3585968,-0.13162231,9.788956,75,295
0.87257385,-0.24893188,9.324478,78,296
0.79356384,-0.18429565,9.492065,76,297
1.0593109,-0.14118958,9.980484,78,298
1.5094299,0.024002075,9.94696,75,299
1.6554718,0.014434814,9.741074,73,300
0.7959595,-0.39019775,10.205536,79,301
0.21417236,-0.8618469,10.806488,83,302
0.034606934,-1.1347961,10.507217,87,303
0.068115234,-1.0007172,9.932602,86,304
0.31233215,-0.7253876,10.109772,82,305
0.7911682,-0.4356842,10.394684,83,306
0.84384155,-0.050216675,10.20314,80,307
0.47512817,0.20117188,10.246246,77,308
0.38894653,0.32089233,10.318069,75,309
0.60202026,0.5962219,9.681213,74,310
0.78637695,0.7207184,9.405884,75,311
1.0281982,0.88113403,9.844025,71,312
0.9970703,0.8428192,10.1289215,69,313
0.8677826,0.7494507,9.82486,74,314
0.7217407,0.66804504,9.358002,73,315
0.56611633,0.6081848,9.516006,74,316
0.67385864,0.59143066,9.60939,75,317
0.43443298,0.7494507,9.41066,77,318
0.2931671,0.56030273,9.86557,78,319
-0.013290405,0.32566833,10.152863,81,320
-0.21440125,0.069488525,10.239059,84,321
-0.24073792,0.028793335,10.0499115,83,322
-0.030044556,0.25624084,9.54953,81,323
0.2381134,0.4788971,9.271805,78,324
0.26205444,0.48129272,9.396301,80,325
0.36260986,0.43580627,9.439392,82,326
1.0042572,0.56988525,9.374756,79,327
1.3418274,0.6536865,9.66684,76,328
0.6690674,0.41426086,10.145691,75,329
0.11122131,0.19877625,10.215118,81,330
0.046569824,0.30651855,9.810501,78,331
0.4559784,0.4884796,9.855988,76,332
0.5565338,0.56030273,9.961334,73,333
0.52301025,0.67523193,9.769791,76,334
0.27641296,0.6584625,10.12175,74,335
-0.073135376,0.6034088,10.382706,75,336
-0.33171082,0.6129761,9.997253,74,337
-0.17608643,0.7015686,9.669235,74,338
-0.104263306,0.778183,10.073868,75,339
-0.0061035156,0.7566376,10.346802,75,340
-0.1401825,0.7494507,9.798523,75,341
-0.21200562,0.8188782,9.5399475,73,342
-0.2527008,0.7614136,9.602203,73,343
-0.29580688,0.70874023,9.760223,72,344
-0.21200562,0.7063446,10.131317,77,345
-0.1904602,0.6584625,10.514389,72,346
-0.47297668,0.46453857,10.37793,73,347
-0.52085876,0.40467834,9.906265,77,348
-0.5352173,0.57707214,9.6141815,79,349
-0.5519867,0.6847992,9.700363,74,350
-0.16651917,0.9050751,9.750641,72,351
0.33866882,1.3240509,9.98288,67,352
1.0210114,1.4916534,9.671631,65,353
1.0641022,1.3791199,8.900696,64,354
0.3218994,0.565094,9.125763,74,355
-0.78182983,-0.34469604,10.409042,86,356
-0.9494171,-0.31118774,11.34758,83,357
-0.29341125,0.48608398,11.0099945,75,358
0.051361084,1.1636505,9.64769,71,359
-0.087509155,1.2498322,8.443405,71,360
-0.2311554,1.0942078,8.022034,72,361
-0.1952362,0.9840851,8.97731,73,362
0.2931671,0.81648254,10.53833,76,363
0.592453,0.723114,11.055481,74,364
0.33148193,0.44299316,10.79451,76,365
-0.585495,0.22990417,10.150482,77,366
-0.83210754,0.39988708,9.499252,75,367
-0.36044312,0.79493713,9.221527,74,368
0.3218994,1.0415344,9.2430725,70,369
0.6403351,1.1325226,9.477707,67,370
0.37696838,0.8763428,10.006821,69,371
-0.015686035,0.46453857,10.176819,79,372
-0.40353394,0.28018188,10.20314,75,373
-0.2527008,0.27061462,9.918243,80,374
0.08488464,0.61776733,9.60939,74,375
0.4200592,0.85240173,9.66684,71,376
0.4990692,0.9122467,9.96373,69,377
0.3985138,0.83802795,10.289337,74,378
0.17346191,0.6560669,10.114563,74,379
-0.058776855,0.5291748,9.645294,76,380
0.020233154,0.6225586,9.482498,75,381
0.26205444,0.778183,9.978088,74,382
0.47991943,0.782959,10.138504,71,383
0.23092651,0.77578735,9.937393,73,384
0.046569824,0.67523193,9.94458,74,385
0.056152344,0.5866394,9.686005,77,386
0.041778564,0.59143066,9.525589,75,387
0.16149902,0.62734985,9.606995,78,388
0.2381134,0.63931274,9.836838,78,389
0.13276672,0.64649963,9.985275,79,390
0.099243164,0.66085815,10.021194,77,391
0.16627502,0.6847992,9.872742,77,392
0.14952087,0.6512909,9.695572,80,393
0.23332214,0.6129761,9.6740265,78,394
0.115997314,0.63931274,9.908661,79,395
0.1519165,0.6153717,10.464111,79,396
0.26683044,0.6369171,10.567062,79,397
0.34823608,0.70396423,10.078644,82,398
0.38415527,0.699173,9.724304,77,399
0.26683044,0.5579071,9.664459,81,400
0.23092651,0.49806213,10.10498,78,401
0.47991943,0.5507355,9.908661,80,402
0.5709076,0.70874023,9.578262,74,403
0.59724426,0.8069153,9.527985,72,404
0.30993652,0.7638092,9.5950165,74,405
0.19979858,0.7853546,9.559113,76,406
0.3650055,0.8428192,9.738678,76,407
0.61639404,0.8116913,9.927811,76,408
0.8246918,0.9505615,9.96373,75,409
0.59484863,0.91464233,9.913452,73,410
0.33387756,0.861969,9.899078,77,411
0.2883911,0.81648254,9.90387,77,412
0.094451904,0.5555115,10.181595,80,413
0.118392944,0.4741211,10.346802,81,414
0.23332214,0.6129761,10.325256,79,415
0.19979858,0.56988525,9.844025,79,416
-0.073135376,0.5938263,9.43222,79,417
0.070510864,0.6728363,9.47052,77,418
0.36740112,0.71113586,9.654877,76,419
0.3865509,0.66804504,9.8871155,80,420
0.17585754,0.62734985,10.392288,74,421
0.29795837,0.68240356,10.488052,76,422
0.47273254,0.7805786,9.731491,74,423
0.40330505,0.8069153,9.329269,75,424
0.3290863,0.80451965,9.571075,74,425
0.37696838,0.8069153,9.970917,75,426
0.39611816,0.82366943,9.939789,74,427
0.2500763,0.8140869,9.793732,74,428
0.12797546,0.7279053,9.779373,74,429
0.29078674,0.7614136,9.736282,76,430
0.40090942,0.81648254,9.762619,77,431
0.058547974,0.7015686,9.896683,76,432
-0.16412354,0.5842438,9.820068,78,433
-0.097076416,0.6225586,9.956543,76,434
0.24528503,0.7015686,10.492844,71,435
0.39611816,0.7709961,10.279755,75,436
0.104034424,0.7805786,9.70755,78,437
-0.027648926,0.69677734,9.415451,74,438
-0.056381226,0.7303009,9.525589,75,439
0.022628784,0.7638092,9.729095,75,440
0.005874634,0.71832275,9.925415,82,441
0.005874634,0.6417084,10.188782,74,442
-0.080322266,0.55311584,10.1839905,78,443
-0.20960999,0.61058044,9.769791,79,444
-0.097076416,0.7709961,9.396301,75,445
-0.032440186,0.79733276,9.360382,79,446
-0.0013122559,0.7853546,9.891907,75,447
-0.092300415,0.6512909,10.387497,80,448
-0.111450195,0.6871948,10.052307,78,449
0.13516235,0.7853546,9.664459,78,450
0.092056274,0.7901459,9.343628,75,451
0.077697754,0.7733917,9.374756,81,452
-0.061172485,0.6847992,9.951752,78,453
-0.118621826,0.54833984,10.504822,81,454
-0.12580872,0.50283813,10.466507,82,455
-0.073135376,0.5722809,10.085831,79,456
0.051361084,0.7207184,9.781769,78,457
0.13276672,0.8188782,9.602203,76,458
0.044174194,0.8140869,9.547134,76,459
-0.18566895,0.7733917,9.676422,76,460
-0.22636414,0.7326813,9.975693,76,461
-0.061172485,0.7638092,9.980484,78,462
0.063323975,0.857193,9.724304,73,463
0.08248901,0.89549255,9.544739,77,464
-0.121017456,0.80451965,9.652481,78,465
-0.15454102,0.68240356,9.951752,76,466
0.065719604,0.68240356,10.071472,79,467
0.38175964,0.7350769,10.497635,78,468
0.43443298,0.699173,10.720291,76,469
0.25247192,0.6584625,10.318069,80,470
0.24049377,0.7303009,9.769791,77,471
0.42485046,0.8356323,9.362778,78,472
0.48231506,0.9673157,9.590225,77,473
0.6930084,0.9864807,9.939789,75,474
0.66667175,0.9577484,9.867966,71,475
0.5469513,0.93618774,9.686005,73,476
0.6427307,0.9266205,9.436996,75,477
0.47273254,0.861969,9.389114,80,478
0.48950195,0.72550964,9.638123,80,479
0.5852661,0.7015686,9.954147,79,480
0.513443,0.71832275,9.925415,82,481
0.5254059,0.7015686,9.733887,78,482
0.6331482,0.7422638,9.796127,79,483
0.5206299,0.6536865,9.968521,79,484
0.25726318,0.6129761,10.006821,82,485
0.28359985,0.75424194,9.956543,81,486
0.592453,0.9050751,9.879929,79,487
0.77441406,0.97450256,9.90387,82,488
0.67385864,0.92422485,9.851196,81,489
0.41288757,0.81648254,9.554321,83,490
0.4272461,0.8284607,9.379547,80,491
0.59484863,0.77578735,9.544739,85,492
0.42245483,0.6010132,9.94458,88,493
0.36740112,0.4741211,10.239059,88,494
0.36740112,0.39271545,10.339615,90,495
0.38894653,0.37594604,10.349197,90,496
0.6211853,0.41186523,10.241455,94,497
1.1000214,0.42861938,10.255814,93,498
1.2029724,0.41426086,10.883102,95,499
0.97792053,0.3017273,11.266174,104,500
0.7025757,0.3687744,10.811279,94,501
0.72891235,0.48608398,9.803314,98,502
0.89411926,0.8500061,9.0299835,98,503
1.023407,1.1013947,9.001251,92,504
1.1167755,1.0870361,9.446579,94,505
1.0401611,1.0271759,9.834442,97,506
0.75764465,0.83325195,9.800919,102,507
0.51823425,0.7446594,9.506439,106,508
0.60202026,0.76860046,9.477707,108,509
0.76483154,0.77578735,9.817688,110,510
0.53019714,0.7494507,10.413834,110,511
0.51823425,0.79493713,10.461716,111,512
0.5278015,1.0128174,9.841629,112,513
0.5278015,1.2163239,9.384323,113,514
0.76483154,1.4198303,9.346024,110,515
0.7408905,1.3599701,9.300537,119,516
-0.020462036,0.8308563,9.264618,124,517
-0.70521545,0.54833984,10.351593,128,518
-0.585495,0.8140869,11.165619,125,519
-0.13059998,1.4844666,10.784943,125,520
0.4152832,2.047104,9.516006,125,521
0.513443,2.1548462,8.170471,113,522
0.2931671,2.0016174,7.794586,120,523
0.20219421,1.7334595,8.706772,120,524
0.40090942,1.4677124,10.057098,123,525
0.4272461,1.2618103,10.579041,131,526
-0.073135376,1.0822449,10.251038,131,527
-0.59028625,0.9074707,9.578262,124,528
-0.7219696,0.95295715,9.343628,126,529
-0.34368896,1.1947632,9.927811,120,530
0.2931671,1.5347443,10.531158,119,531
0.74568176,1.8172607,10.468903,127,532
0.676239,1.7119141,10.02597,115,533
0.4200592,1.5036163,9.841629,109,534
0.31233215,1.3695526,9.810501,122,535
0.5541382,1.5826263,9.640503,107,536
0.96354675,1.7047272,9.477707,113,537
0.99227905,1.5610809,9.484894,129,538
0.43203735,1.1947632,9.283768,124,539
0.12557983,1.0343628,9.068298,124,540
0.3578186,1.0175934,8.742691,122,541
0.47273254,0.90986633,8.900696,123,542
0.046569824,0.6847992,10.069077,123,543
-0.1736908,0.63212585,11.055481,124,544
-0.20721436,0.8188782,10.87352,120,545
-0.018066406,0.9697113,9.714737,113,546
-0.077926636,1.0798492,9.087448,121,547
-0.087509155,1.0391388,9.441788,115,548
0.032211304,0.9553528,9.990067,129,549
0.068115234,0.6728363,10.437775,127,550
-0.21200562,0.3184967,10.365952,128,551
-0.48973083,0.32089233,9.7530365,116,552
-0.52085876,0.5220032,9.463333,124,553
-0.34368896,0.7207184,9.54953,123,554
-0.25030518,0.8643646,10.069077,131,555
0.034606934,0.9792938,10.59819,122,556
0.08488464,1.0966034,10.53833,117,557
0.101638794,1.1995544,10.0499115,119,558
0.118392944,1.3192749,9.678818,114,559
0.47991943,1.4916534,9.563889,121,560
0.38415527,1.3934937,9.875137,105,561
0.25486755,1.3503876,9.994858,127,562
0.53019714,1.5275574,9.7530365,130,563
0.41288757,1.3336334,9.417847,137,564
-0.075531006,0.8787384,9.369965,126,565
-0.6046448,0.5579071,10.0499115,137,566
-0.5950775,0.64889526,10.681992,129,567
0.26205444,1.3455963,10.502426,128,568
1.0736847,1.8962708,9.74585,150,569
0.63075256,1.7071228,9.324478,109,570
-0.14974976,1.288147,9.35321,111,571
-0.5088806,1.0774536,9.527985,127,572
-0.4945221,1.1636505,9.839233,120,573
-0.23594666,1.3312378,10.138504,128,574
-0.099472046,1.4389801,9.987671,120,575
-0.31974792,1.2785645,9.5950165,136,576
-1.1026459,0.85957336,9.762619,127,577
-1.6772614,0.47650146,10.1839905,125,578
-1.5407867,0.6369171,10.5000305,129,579
-0.6166229,1.0942078,10.444962,128,580
0.123184204,1.3743286,10.102585,143,581
-0.16412354,1.2953186,9.781769,139,582
-0.7770386,1.233078,9.556717,127,583
-0.8297119,1.3455963,9.336441,119,584
-0.21440125,1.6305084,9.0060425,131,585
0.8031311,1.4365845,8.852814,174,586
-0.24552917,0.6919861,9.769791,149,587
-1.7802124,-0.009521484,11.105759,135,588
-2.0411682,0.2394867,11.251801,129,589
-1.2870026,0.9218292,9.973297,126,590
-0.22875977,1.6664276,8.725922,124,591
0.43443298,2.0758362,8.306946,105,592
0.5613251,2.142868,8.747467,119,593
0.8031311,2.1476593,9.417847,129,594
0.8199005,2.0207672,9.961334,152,595
0.47273254,1.5874176,10.51918,159,596
0.120788574,1.2402649,10.859161,148,597
-0.16412354,1.1157532,10.69635,137,598
-0.080322266,1.1157532,9.934998,142,599
0.29795837,1.4485474,9.305328,155,600
0.7025757,1.6951599,9.310104,144,601
0.5349884,1.6352997,9.784164,148,602
0.1806488,1.4557343,10.076248,131,603
-0.13539124,1.3192749,9.750641,140,604
-0.046798706,1.3863068,9.271805,134,605
0.041778564,1.4629211,9.223923,126,606
0.104034424,1.446167,9.597412,147,607
-0.027648926,1.3072968,10.016403,148,608
-0.14257812,1.2258911,10.229477,149,609
-0.24313354,1.0822449,10.193573,138,610
-0.092300415,1.3049011,10.033157,141,611
0.11122131,1.3791199,9.848801,155,612
0.060928345,1.2785645,9.817688,141,613
-0.17129517,1.2115326,9.729095,146,614
-0.063568115,1.2833557,9.853592,139,615
0.20219421,1.4796753,9.901474,125,616
0.5278015,1.6616364,9.796127,159,617
0.38175964,1.6472778,9.484894,151,618
0.089660645,1.549118,9.571075,124,619
0.19500732,1.4389801,9.9110565,141,620
0.47991943,1.5084076,9.784164,145,621
0.57328796,1.5993958,9.592621,151,622
0.60202026,1.6161499,9.836838,125,623
0.31472778,1.4533386,9.90387,144,624
0.17106628,1.4413757,9.925415,128,625
0.5349884,1.5323486,9.815292,129,626
0.7480774,1.5826263,9.48967,164,627
0.46795654,1.4988403,9.465729,142,628
0.13276672,1.4006653,9.635727,150,629
0.032211304,1.3695526,9.676422,133,630
0.1806488,1.3791199,9.714737,153,631
0.32669067,1.4485474,9.877533,147,632
0.40330505,1.4796753,10.002029,143,633
0.39134216,1.4892578,10.279755,159,634
0.4200592,1.4868622,10.559891,128,635
0.3697815,1.4078522,10.073868,145,636
0.2093811,1.5179901,9.458557,137,637
0.29078674,1.6807861,9.255051,130,638
0.5541382,1.8148651,9.235886,144,639
0.6331482,1.7933197,9.501648,149,640
0.4942932,1.6017761,9.839233,137,641
0.025024414,1.474884,10.193573,135,642
0.123184204,1.4533386,10.12175,150,643
0.31472778,1.5898132,9.817688,138,644
0.44639587,1.6783905,9.422638,162,645
0.43443298,1.6568451,9.108994,147,646
0.096847534,1.5467224,9.393906,145,647
0.13276672,1.470108,9.920639,144,648
0.2381134,1.5610809,10.325256,139,649
0.45118713,1.5802307,10.186386,150,650
0.41767883,1.608963,9.676422,145,651
0.13755798,1.5084076,9.427429,129,652
-0.15454102,1.4174347,9.288559,129,653
0.068115234,1.5467224,9.288559,130,654
0.33148193,1.6209412,9.66684,138,655
0.2883911,1.5610809,9.992462,148,656
0.20219421,1.5874176,10.114563,135,657
0.28359985,1.5658722,9.985275,142,658
0.33148193,1.6424866,9.954147,137,659
0.3506317,1.6616364,10.059494,150,660
0.33866882,1.6352997,9.999634,140,661
0.34823608,1.6616364,9.76741,151,662
0.44639587,1.7286835,9.7530365,154,663
0.5158386,1.6975555,9.841629,141,664
0.43203735,1.6927643,9.671631,155,665
0.30274963,1.6185455,9.427429,137,666
0.18544006,1.553894,9.781769,157,667
0.14952087,1.3863068,10.078644,161,668
0.070510864,1.3096924,9.6740265,157,669
-0.0084991455,1.2282867,9.341232,149,670
-0.037231445,1.3025055,9.43222,145,671
0.041778564,1.4653168,9.592621,144,672
0.20458984,1.4772797,9.597412,152,673
0.31233215,1.4725037,9.867966,140,674
0.44639587,1.5586853,10.145691,139,675
0.64990234,1.664032,10.100204,141,676
0.67385864,1.7262878,9.8320465,160,677
0.60202026,1.7406464,9.630936,151,678
0.513443,1.6927643,9.578262,147,679
0.51104736,1.529953,9.671631,136,680
0.4942932,1.4988403,10.251038,145,681
0.38175964,1.4150391,10.246246,147,682
0.22853088,1.4820709,10.02597,140,683
0.22613525,1.3503876,9.597412,139,684
0.21417236,1.427002,8.912674,135,685
0.19021606,1.6041718,9.080261,127,686
0.22613525,1.4198303,9.820068,160,687
0.28359985,1.4629211,10.279755,145,688
0.5062561,1.5610809,10.150482,145,689
0.65708923,1.632904,10.100204,126,690
0.7097626,1.6712189,9.796127,141,691
0.49667358,1.6185455,9.2742,124,692
0.31233215,1.4964447,9.494461,144,693
0.2931671,1.3934937,10.248642,127,694
0.37217712,1.4389801,10.322861,149,695
0.42485046,1.4557343,9.812897,151,696
0.63075256,1.5706635,9.336441,132,697
0.67385864,1.6233368,9.118576,156,698
0.19021606,1.450943,9.4561615,145,699
-0.075531006,1.3887024,10.1409,126,700
0.18544006,1.4677124,10.356369,143,701
0.4942932,1.5802307,9.94458,141,702
0.5254059,1.5419312,9.504044,145,703
0.24768066,1.4150391,9.654877,148,704
0.032211304,1.3049011,10.021194,143,705
0.058547974,1.3408203,10.272583,158,706
0.36260986,1.4389801,10.246246,166,707
0.4080963,1.5347443,9.788956,166,708
0.33387756,1.5227814,9.448975,148,709
0.17825317,1.5131989,9.458557,141,710
0.21177673,1.474884,9.487274,151,711
0.2428894,1.5610809,9.671631,146,712
0.39611816,1.5323486,9.875137,131,713
0.34823608,1.5275574,9.743454,152,714
0.15431213,1.5467224,9.547134,153,715
0.36021423,1.5706635,9.278992,137,716
0.3650055,1.640091,9.199982,150,717
0.31950378,1.5634766,9.590225,154,718
0.2883911,1.3384247,10.258209,154,719
0.30993652,1.2522278,10.636505,148,720
0.4703369,1.3791199,10.509613,154,721
0.69540405,1.529953,10.052307,164,722
0.83665466,1.5802307,9.7530365,157,723
0.95158386,1.640091,9.908661,159,724
1.047348,1.6233368,10.236664,172,725
1.1167755,1.6185455,10.059494,171,726
1.0976257,1.6736145,9.551926,173,727
1.0760803,1.6616364,9.180817,164,728
1.0521393,1.5706635,9.197586,188,729
0.7959595,1.3791199,9.369965,169,730
0.80552673,1.3384247,9.616562,155,731
1.0832672,1.4365845,10.073868,183,732
1.1694489,1.474884,10.033157,174,733
0.98031616,1.4629211,9.475311,168,734
0.82229614,1.4150391,9.058716,172,735
0.66667175,1.4054565,8.795364,157,736
0.74328613,1.4246063,8.773804,166,737
0.8414459,1.4150391,9.413055,160,738
1.0090332,1.2258911,10.315674,178,739
0.90608215,1.1564636,10.150482,173,740
0.45837402,1.1373138,9.973297,177,741
0.41288757,1.1397095,10.284546,155,742
0.7887726,1.2833557,10.557495,159,743
0.9611511,1.529953,10.533554,173,744
1.1311493,1.6807861,10.093018,196,745
1.0569305,1.7741699,9.602203,190,746
0.93003845,1.7861328,9.56868,179,747
0.80075073,1.6903687,9.827255,199,748
0.5062561,1.6041718,10.083435,158,749
0.3697815,1.5036163,10.076248,160,750
0.46316528,1.4772797,9.475311,175,751
0.4152832,1.3312378,9.168854,183,752
0.17585754,1.0630951,9.379547,168,753
0.056152344,0.97210693,9.875137,167,754
0.23332214,0.99365234,10.406662,182,755
0.47512817,1.0846405,10.432983,192,756
0.48231506,1.2282867,9.992462,195,757
0.53977966,1.2618103,9.800919,197,758
0.7480774,1.1708221,9.590225,222,759
0.7121582,1.0487213,9.76741,207,760
0.5278015,0.89549255,10.236664,198,761
0.6690674,0.9768982,10.215118,220,762
0.86299133,1.0894318,9.762619,228,763
0.7025757,0.9792938,9.396301,223,764
0.5206299,0.6919861,9.346024,211,765
0.48950195,0.44778442,9.781769,214,766
0.45358276,0.22990417,10.306091,208,767
0.29556274,0.16287231,10.727478,208,768
0.039382935,0.16526794,10.684387,209,769
-0.13539124,0.30651855,10.195969,211,770
0.087265015,0.61776733,9.573471,226,771
0.7049713,0.9697113,9.228714,248,772
0.99946594,1.1923676,9.286163,264,773
0.7887726,1.1660461,9.506439,251,774
0.47991943,0.9505615,9.817688,257,775
0.13755798,0.7303009,10.004425,257,776
-0.2024231,0.69677734,10.114563,241,777
-0.039627075,0.9194336,10.179199,251,778
0.28120422,1.1636505,10.181595,278,779
0.4080963,1.2857513,9.9661255,277,780
0.27641296,1.3049011,9.516006,294,781
-0.1617279,1.2115326,9.360382,267,782
-0.1904602,1.1109772,9.606995,263,783
-0.116241455,1.2187042,9.920639,295,784
0.034606934,1.3264465,9.867966,289,785
0.089660645,1.4174347,9.566284,295,786
0.115997314,1.4413757,9.2981415,300,787
0.17585754,1.4533386,9.446579,304,788
0.11122131,1.3336334,10.002029,308,789
0.08248901,1.3288422,10.365952,293,790
0.31472778,1.5131989,9.812897,305,791
0.38894653,1.5610809,9.173645,304,792
0.001083374,1.2953186,9.286163,301,793
-0.3173523,1.0702667,9.896683,286,794
-0.4657898,1.0463257,10.248642,309,795
-0.45381165,1.2115326,10.466507,310,796
-0.24313354,1.506012,10.265396,314,797
-0.099472046,1.8292389,9.554321,316,798
-0.34129333,1.8052979,9.238281,327,799
-0.5711365,1.6783905,9.638123,334,800
-0.5447998,1.8292389,10.210327,330,801
-0.29341125,1.9728851,10.239059,328,802
-0.34846497,2.0064087,9.70755,331,803
-0.88716125,1.8364105,9.367569,341,804
-1.0044861,1.7214966,9.159271,358,805
-1.0044861,1.5155945,9.516006,350,806
-1.1792603,1.3575745,10.272583,333,807
-1.0044861,1.3887024,10.679596,344,808
-0.8847809,1.4844666,10.509613,331,809
-0.7722473,1.5131989,9.851196,337,810
-0.5711365,1.8292389,9.185608,339,811
0.27641296,2.2362518,8.97731,329,812
0.95158386,2.2554016,9.554321,315,813
0.8821411,1.901062,10.28215,303,814
0.2093811,1.3767242,10.327652,305,815
-0.5639496,1.0104218,9.853592,319,816
-1.0834961,0.8500061,9.915848,348,817
-0.66690063,1.2833557,10.318069,332,818
0.18304443,2.087799,10.181595,317,819
0.85580444,2.4732666,9.264618,318,820
0.8821411,2.5115814,8.378769,318,821
0.52301025,2.2913208,8.534393,319,822
0.104034424,1.8172607,9.5351715,312,823
0.075302124,1.4940491,10.466507,307,824
-0.1329956,1.2977142,10.624527,313,825
-0.36763,1.1995544,9.860779,321,826
-0.5088806,1.3815155,9.228714,333,827
-0.35565186,1.5419312,9.295746,320,828
0.025024414,1.8388062,9.645294,324,829
0.34344482,2.0566864,9.8320465,326,830
0.39134216,2.0135803,9.7267,321,831
0.34106445,1.9106293,9.6141815,322,832
0.16867065,1.7909241,9.961334,320,833
0.0154418945,1.640091,10.222305,320,834
0.080093384,1.7095184,10.188782,325,835
0.35542297,1.8340149,9.719513,316,836
0.21417236,1.7167053,9.219131,310,837
-0.22157288,1.529953,9.590225,324,838
-0.33650208,1.3791199,10.095413,322,839
-0.1329956,1.549118,9.9110565,318,840
0.120788574,1.7334595,9.355606,319,841
0.065719604,1.7286835,8.828873,327,842
-0.14735413,1.640091,9.034775,320,843
-0.1401825,1.4677124,9.542343,319,844
-0.070739746,1.549118,10.157654,325,845
0.10882568,1.5993958,10.528763,314,846
0.300354,1.7358551,10.2079315,317,847
0.23571777,1.7645874,9.662064,317,848
0.13993835,1.6736145,9.415451,322,849
0.32669067,1.6999512,9.6740265,317,850
0.38175964,1.6903687,10.265396,307,851
0.5852661,1.7095184,10.468903,309,852
0.7408905,1.8005066,9.939789,312,853
0.59484863,1.8795166,9.278992,316,854
0.2428894,1.7550049,9.1640625,320,855
0.027420044,1.6616364,9.453766,324,856
0.14712524,1.7214966,10.198364,318,857
0.3218994,1.7478333,10.4760895,319,858
0.35302734,1.7526245,9.96373,315,859
0.020233154,1.7143097,9.523193,319,860
-0.013290405,1.6831818,9.5399475,321,861
0.3290863,1.7861328,9.717117,316,862
0.51823425,1.8531799,9.803314,312,863
0.38894653,1.8052979,9.939789,308,864
0.14952087,1.6903687,9.659668,319,865
0.027420044,1.6927643,9.204773,318,866
0.046569824,1.6424866,9.288559,315,867
0.18544006,1.7286835,9.606995,311,868
0.3865509,1.9752808,9.721909,310,869
0.20219421,1.9537354,9.937393,318,870
-0.1329956,1.743042,9.820068,327,871
0.077697754,1.7885284,9.554321,322,872
0.20219421,1.8005066,9.405884,321,873
0.27401733,1.6568451,9.652481,318,874
0.2093811,1.6185455,10.164841,320,875
0.15431213,1.6999512,10.504822,318,876
0.075302124,1.6807861,10.009216,322,877
-0.0084991455,1.7478333,9.259827,326,878
-0.022857666,1.8340149,9.211945,325,879
0.2093811,1.9920349,9.70755,318,880
0.42485046,2.0064087,9.987671,311,881
0.5254059,2.0064087,9.788956,316,882
0.34106445,1.9297943,9.523193,320,883
0.053756714,1.7214966,9.21434,324,884
-0.104263306,1.5514984,9.247864,314,885
-0.046798706,1.5203857,9.96373,317,886
0.070510864,1.553894,10.380325,313,887
-0.022857666,1.6065674,10.301315,326,888
-0.14974976,1.6281128,9.834442,329,889
-0.010894775,1.8412018,9.379547,321,890
0.2788086,2.0016174,9.444183,317,891
0.5062561,2.0566864,9.848801,316,892
0.3865509,2.0255585,10.116959,317,893
0.070510864,1.8364105,9.90387,319,894
-0.082717896,1.7789612,9.29335,334,895
0.1591034,1.7885284,9.1640625,324,896
0.25726318,1.687973,9.714737,322,897
0.113601685,1.5203857,10.236664,315,898
-0.085113525,1.4341888,10.002029,327,899
-0.35565186,1.3695526,9.62854,325,900
-0.13059998,1.5371399,9.468124,323,901
0.33148193,1.6975555,9.879929,313,902
0.44161987,1.8435974,10.112167,315,903
0.19979858,1.8364105,9.817688,324,904
-0.070739746,1.8412018,9.384323,331,905
-0.058776855,1.9273987,9.010834,329,906
0.120788574,1.9513397,9.128159,325,907
0.17825317,1.9082489,9.705154,318,908
0.2381134,1.8435974,10.2630005,319,909
0.16149902,1.8244476,10.368347,319,910
0.094451904,1.7095184,10.21991,317,911
-0.0037078857,1.5514984,9.793732,313,912
-0.1617279,1.5922089,9.501648,322,913
0.008270264,1.6927643,9.80571,320,914
0.28599548,1.8842926,9.877533,322,915
0.38415527,1.9226074,9.518402,314,916
0.2428894,1.8268433,9.21434,317,917
0.025024414,1.8124695,9.365173,319,918
0.17106628,1.7885284,9.664459,323,919
0.21655273,1.743042,9.583054,316,920
0.010650635,1.7047272,9.650085,324,921
0.032211304,1.7262878,9.875137,323,922
0.27401733,1.8005066,9.74585,314,923
0.6427307,1.8627472,9.48967,316,924
0.6355438,1.8435974,9.60939,316,925
0.17825317,1.6831818,9.693176,319,926
-0.037231445,1.5946045,9.571075,325,927
0.14712524,1.632904,9.41066,324,928
0.35542297,1.5562897,9.626144,316,929
0.005874634,1.427002,10.229477,323,930
-0.13539124,1.3839111,10.600586,321,931
-0.0084991455,1.5371399,10.471298,315,932
0.26922607,1.7765656,9.776978,321,933
0.25486755,1.845993,9.334045,325,934
0.13516235,1.7717743,9.556717,322,935
0.041778564,1.719101,9.791351,321,936
0.18304443,1.6783905,9.604599,314,937
0.592453,1.7382507,9.336441,317,938
0.58766174,1.7119141,9.475311,319,939
-0.010894775,1.5155945,9.762619,326,940
-0.25030518,1.3958893,9.894302,329,941
-0.111450195,1.3551788,10.081039,319,942
0.094451904,1.3647614,10.277374,316,943
0.094451904,1.4581299,10.468903,317,944
0.2093811,1.5730591,10.394684,312,945
0.2596588,1.7597961,9.930206,318,946
0.28599548,1.8172607,9.527985,321,947
0.221344,1.7478333,9.317291,324,948
0.14952087,1.7071228,9.420242,315,949
0.08488464,1.6712189,9.738678,321,950
0.17106628,1.6424866,9.66684,318,951
0.3697815,1.6807861,9.290955,319,952
0.19021606,1.5970001,9.21434,316,953
-0.109054565,1.4198303,9.554321,316,954
-0.032440186,1.4629211,9.9110565,316,955
0.31472778,1.5395355,10.016403,319,956
0.3865509,1.5562897,9.920639,314,957
0.21655273,1.5203857,9.7530365,324,958
0.070510864,1.5131989,9.793732,318,959
0.099243164,1.5754547,9.980484,326,960
0.39372253,1.7095184,9.999634,324,961
0.513443,1.8244476,10.085831,315,962
0.5158386,1.8172607,10.016403,314,963
0.29078674,1.8076782,9.626144,321,964
0.3362732,1.7597961,9.453766,314,965
0.47991943,1.6568451,9.693176,314,966
0.39372253,1.5108032,10.06189,317,967
0.53977966,1.5371399,10.081039,309,968
0.59484863,1.6041718,9.798523,319,969
0.40570068,1.5610809,9.477707,311,970
0.41049194,1.5419312,9.45137,314,971
0.5158386,1.4796753,9.571075,307,972
0.47512817,1.474884,9.812897,309,973
0.75764465,1.5155945,10.04274,310,974
0.92045593,1.6041718,9.798523,303,975
0.9084778,1.6065674,9.45137,310,976
0.6044159,1.5131989,9.331665,307,977
0.6834259,1.4533386,9.5950165,312,978
0.86538696,1.4868622,10.002029,305,979
1.0186157,1.5874176,10.210327,312,980
1.0401611,1.6520691,10.016403,310,981
0.7480774,1.664032,9.657272,317,982
0.60202026,1.5658722,9.597412,316,983
0.6977997,1.6424866,9.798523,316,984
0.8773651,1.7597961,10.059494,316,985
0.64990234,1.6736145,10.399475,317,986
0.4200592,1.371933,10.662842,315,987
0.37457275,1.2977142,10.720291,320,988
0.8605957,1.4413757,10.485657,317,989
1.0162201,1.6760101,10.143295,310,990
0.95158386,1.7957153,9.803314,313,991
0.77441406,1.8292389,9.604599,317,992
0.76483154,1.8435974,9.578262,319,993
0.6044159,1.7741699,9.556717,323,994
0.3697815,1.7382507,9.319687,268,995
0.23332214,1.7717743,9.276596,328,996
0.34823608,1.822052,9.238281,332,997
0.3578186,1.9226074,9.171249,324,998
0.29556274,1.877121,8.840851,324,999
-0.018066406,1.7765656,8.821686,335,1000
-0.089904785,1.7167053,9.295746,333,1001
0.12797546,1.8076782,9.561508,327,1002
0.058547974,1.8005066,9.343628,333,1003
-0.38198853,1.549118,9.2430725,341,1004
-0.72676086,1.3575745,9.678818,352,1005
-0.6908417,1.3025055,10.255814,354,1006
-0.45141602,1.3168793,10.753815,344,1007
-0.089904785,1.4796753,10.504822,339,1008
-0.039627075,1.640091,9.896683,332,1009
0.14233398,1.7167053,9.554321,334,1010
0.28120422,1.7119141,9.494461,332,1011
0.16867065,1.585022,9.669235,330,1012
0.24049377,1.4964447,9.956543,330,1013
0.41049194,1.5347443,10.088226,328,1014
0.5709076,1.6233368,9.736282,327,1015
0.7624359,1.664032,9.2742,326,1016
0.5709076,1.5419312,9.1640625,326,1017
0.17585754,1.2115326,9.760223,329,1018
0.15431213,1.0798492,10.162445,331,1019
0.45118713,1.0966034,9.882324,329,1020
0.26922607,0.9697113,9.676422,336,1021
-0.24790955,0.58903503,10.310883,344,1022
-0.3867798,0.50283813,10.859161,345,1023
-0.082717896,0.8069153,10.911835,348,1024
0.4990692,1.3049011,10.126526,340,1025
0.8031311,1.6161499,9.252655,337,1026
0.9539795,1.5610809,8.924637,337,1027
0.4847107,1.3527832,9.240677,339,1028
0.25726318,1.0726624,9.834442,348,1029
0.2716217,0.9768982,10.2630005,344,1030
0.13516235,1.0271759,10.394684,343,1031
0.104034424,1.1157532,10.241455,355,1032
0.10643005,1.233078,9.776978,355,1033
0.34823608,1.5108032,9.480103,349,1034
0.5325928,1.6831818,9.650085,346,1035
0.55892944,1.845993,9.879929,349,1036
0.6259613,1.9154205,9.573471,348,1037
0.5493469,1.7741699,9.185608,347,1038
0.4080963,1.5395355,9.161667,350,1039
0.23571777,1.3887024,9.630936,350,1040
0.22613525,1.3144836,10.047531,357,1041
0.4272461,1.3863068,9.822464,354,1042
0.49667358,1.4605255,9.422638,346,1043
0.37457275,1.422226,9.250259,352,1044
0.017837524,1.2642059,9.448975,358,1045
-0.18806458,1.2282867,9.999634,2,1046
0.1519165,1.5634766,10.444962,359,1047
0.67385864,2.0686493,10.279755,349,1048
0.7672272,2.3703156,9.748245,352,1049
0.59724426,2.3200378,9.508835,353,1050
0.089660645,2.039917,9.650085,359,1051
-0.21200562,1.8412018,9.827255,2,1052
-0.26228333,1.6712189,10.035553,3,1053
-0.52565,1.450943,10.248642,6,1054
-0.7842102,1.4102478,10.078644,11,1055
-0.8919525,1.4677124,9.88472,11,1056
-0.92308044,1.5036163,9.762619,10,1057
-0.8967438,1.5251617,10.100204,10,1058
-0.99490356,1.6544495,10.176819,12,1059
-1.0787048,1.9345703,9.817688,12,1060
-0.8081665,2.118927,9.188004,7,1061
-0.93026733,2.0016174,8.850418,13,1062
-1.3755798,1.7262878,9.257431,16,1063
-1.1912384,1.7238922,9.78656,12,1064
-0.94462585,1.8268433,10.181595,10,1065
-0.61183167,1.8747253,10.246246,8,1066
-0.051589966,1.9393616,9.812897,0,1067
0.068115234,1.8412018,9.2981415,3,1068
-0.027648926,1.6831818,8.941406,5,1069
-0.111450195,1.4198303,9.262222,2,1070
-0.46099854,1.1181488,10.102585,8,1071
-0.9542084,1.0247803,10.521576,12,1072
-1.2510834,1.0798492,10.303711,16,1073
-0.98054504,1.4772797,9.793732,16,1074
-0.056381226,2.1548462,9.061111,5,1075
0.72891235,2.624115,8.761841,355,1076
1.0449524,2.7581787,8.89592,355,1077
0.65708923,2.3894806,9.259827,358,1078
0.051361084,1.8196564,10.107376,6,1079
-0.12580872,1.3863068,10.978867,5,1080
-0.33410645,1.2737732,10.978867,9,1081
-0.37242126,1.3647614,10.394684,9,1082
-0.4298706,1.4868622,9.487274,10,1083
-0.2598877,1.6831818,9.03717,8,1084
0.034606934,1.7358551,9.35321,3,1085
-0.121017456,1.6376953,9.990067,5,1086
-0.35325623,1.5419312,10.241455,6,1087
-0.24073792,1.632904,9.90387,8,1088
0.044174194,1.8483887,9.202377,5,1089
0.13276672,1.9704895,9.228714,6,1090
0.08248901,1.8100739,9.913452,3,1091
-0.044403076,1.6831818,10.344406,4,1092
0.041778564,1.6807861,10.373138,3,1093
0.31950378,1.6831818,9.968521,0,1094
0.075302124,1.640091,9.908661,6,1095
-0.056381226,1.5275574,9.999634,7,1096
0.14472961,1.7382507,9.662064,7,1097
0.29078674,1.8890839,9.384323,2,1098
0.44161987,1.9226074,9.331665,359,1099
0.24528503,1.8268433,9.441788,4,1100
0.058547974,1.7574005,9.616562,3,1101
0.118392944,1.8292389,9.506439,5,1102
0.29556274,1.8962708,9.286163,1,1103
0.40570068,1.9226074,9.513611,2,1104
0.3362732,1.8866882,9.894302,3,1105
0.221344,1.8651428,10.004425,3,1106
0.21655273,1.8723297,9.882324,3,1107
0.47512817,1.956131,9.803314,359,1108
0.49189758,1.9776764,9.894302,0,1109
0.24528503,1.9297943,9.757828,4,1110
-0.056381226,1.8842926,9.56868,4,1111
-0.15214539,1.8052979,9.516006,8,1112
0.063323975,1.8316193,9.654877,3,1113
0.1591034,1.8268433,9.774582,6,1114
-0.14257812,1.7119141,9.827255,8,1115
-0.33410645,1.6496735,9.793732,11,1116
-0.20960999,1.687973,9.501648,7,1117
-0.20481873,1.719101,9.401093,7,1118
-0.3293152,1.6424866,9.705154,11,1119
-0.26228333,1.719101,10.152863,10,1120
0.120788574,1.8579559,10.145691,7,1121
0.21417236,1.9297943,9.899078,1,1122
0.063323975,1.8124695,9.413055,4,1123
-0.20481873,1.7047272,9.264618,6,1124
-0.121017456,1.6496735,9.808105,6,1125
0.25486755,1.8412018,10.4210205,3,1126
0.35302734,1.9920349,10.037949,2,1127
0.12797546,1.9417572,9.130539,2,1128
0.30993652,1.9848633,8.874359,4,1129
0.20219421,1.8938751,9.29335,6,1130
0.14472961,1.8196564,10.085831,5,1131
0.3075409,1.7933197,10.59819,4,1132
0.35302734,1.8148651,10.205536,2,1133
0.21177673,1.8052979,9.527985,2,1134
0.001083374,1.743042,9.336441,8,1135
-0.027648926,1.7119141,9.7530365,6,1136
0.14472961,1.7645874,10.057098,7,1137
0.2883911,1.8962708,10.035553,4,1138
0.33148193,1.9465485,9.475311,1,1139
0.14952087,1.9417572,9.089844,1,1140
-0.063568115,1.877121,9.334045,8,1141
-0.24073792,1.7526245,9.949356,10,1142
-0.2311554,1.6831818,10.270187,6,1143
-0.053985596,1.7382507,10.016403,8,1144
-0.049194336,1.7765656,9.480103,5,1145
-0.20960999,1.7095184,9.176041,8,1146
-0.22157288,1.6664276,9.429825,4,1147
-0.30776978,1.6041718,10.016403,6,1148
-0.13539124,1.6352997,10.454544,7,1149
0.070510864,1.7406464,10.339615,5,1150
0.26445007,1.8483887,9.724304,2,1151
0.18544006,1.8699341,9.317291,3,1152
-0.068344116,1.7933197,9.29335,5,1153
-0.0084991455,1.8316193,9.446579,4,1154
0.3075409,1.9824677,9.484894,3,1155
0.78637695,2.1093597,9.575867,357,1156
0.68821716,2.0782318,9.788956,359,1157
-0.14974976,1.766983,9.527985,11,1158
-0.46339417,1.632904,9.463333,15,1159
-0.23355103,1.6376953,9.709946,9,1160
0.13276672,1.7214966,10.083435,4,1161
0.065719604,1.6017761,10.401871,4,1162
-0.19285583,1.4437714,10.306091,5,1163
-0.28622437,1.4437714,9.9661255,7,1164
-0.113845825,1.553894,9.829651,8,1165
0.1806488,1.7933197,9.872742,3,1166
0.5469513,1.9417572,9.88472,0,1167
0.592453,2.0303497,9.453766,1,1168
0.101638794,1.8579559,8.886337,4,1169
-0.6740875,1.6209412,9.403488,12,1170
-0.7291565,1.474884,10.471298,12,1171
-0.23594666,1.5467224,10.3420105,9,1172
0.43443298,1.9633026,9.281387,1,1173
0.11122131,1.7310638,8.886337,2,1174
-0.20002747,1.5419312,9.563889,9,1175
-0.0037078857,1.7119141,10.490448,7,1176
0.43203735,1.7358551,10.535934,1,1177
0.3650055,1.8340149,10.021194,0,1178
-0.034835815,1.7334595,9.331665,6,1179
-0.2598877,1.7334595,8.919861,7,1180
0.010650635,1.8244476,9.346024,4,1181
0.38175964,1.8675385,9.997253,0,1182
0.39134216,1.8531799,10.181595,3,1183
0.14952087,1.7047272,9.987671,6,1184
-0.15933228,1.5922089,9.542343,7,1185
-0.2024231,1.6185455,9.271805,11,1186
0.058547974,1.6664276,9.563889,5,1187
0.14472961,1.7119141,9.958939,4,1188
0.21177673,1.7214966,10.444962,3,1189
0.118392944,1.5778351,10.308487,3,1190
-0.077926636,1.6568451,9.721909,8,1191
-0.080322266,1.6616364,9.183212,7,1192
0.036987305,1.7478333,9.219131,5,1193
0.17346191,1.8029022,9.765015,4,1194
0.15431213,1.6807861,10.097809,3,1195
-0.030044556,1.6903687,9.94458,7,1196
0.068115234,1.8052979,9.561508,5,1197
0.14233398,1.8962708,9.111389,3,1198
0.048965454,1.8579559,9.3125,6,1199
-0.046798706,1.7837372,9.9661255,6,1200
-0.073135376,1.766983,10.387497,6,1201
0.1303711,1.8076782,10.073868,8,1202
0.25486755,1.8412018,9.5351715,2,1203
0.053756714,1.7406464,9.319687,5,1204
-0.20721436,1.5993958,9.676422,8,1205
-0.097076416,1.5371399,9.954147,7,1206
0.3362732,1.6424866,9.958939,2,1207
0.7097626,1.7789612,10.0499115,357,1208
0.53977966,1.8340149,9.76741,0,1209
0.34584045,1.9872437,9.132935,0,1210
0.3506317,2.1333008,8.871979,0,1211
0.4990692,2.138092,9.336441,359,1212
0.6068115,2.059082,9.918243,359,1213
0.4655609,1.9178162,10.243851,1,1214
0.26922607,1.7478333,10.093018,4,1215
0.37217712,1.7023468,9.755432,0,1216
0.379364,1.6783905,9.872742,5,1217
0.5493469,1.6807861,10.332428,359,1218
0.7528534,1.6448822,10.272583,0,1219
0.6618805,1.6520691,9.7530365,0,1220
0.59962463,1.6041718,9.317291,2,1221
0.6355438,1.5778351,9.427429,4,1222
0.71694946,1.5898132,9.697968,357,1223
0.9324188,1.687973,9.930206,358,1224
0.9755249,1.7358551,9.733887,0,1225
0.97792053,1.8412018,9.384323,359,1226
1.0569305,1.8914795,9.171249,358,1227
0.9731293,1.7909241,9.379547,0,1228
0.95158386,1.664032,9.839233,0,1229
1.0401611,1.640091,10.286942,1,1230
0.98031616,1.4365845,10.164841,0,1231
0.80552673,1.2666016,9.683609,3,1232
0.6403351,1.2019501,9.6141815,7,1233
0.6618805,1.2642059,9.853592,2,1234
0.7528534,1.4725037,10.174423,6,1235
0.8270874,1.7023468,10.02597,7,1236
0.74328613,1.9178162,9.3771515,8,1237
0.63793945,2.004013,9.065903,10,1238
0.71694946,1.7717743,9.374756,6,1239
0.65948486,1.2761688,9.60939,12,1240
0.37696838,0.96492004,9.561508,19,1241
0.42964172,0.8069153,10.212723,19,1242
0.64512634,0.8069153,10.705933,16,1243
0.8390503,1.1756134,10.610168,17,1244
0.98269653,1.5275574,9.934998,14,1245
1.289154,2.0088043,9.573471,9,1246
1.126358,2.1117554,9.652481,12,1247
0.7001953,1.9537354,9.743454,18,1248
0.036987305,1.766983,9.626144,25,1249
-0.30297852,1.8866882,9.606995,28,1250
-0.21200562,1.9130249,9.774582,28,1251
-0.3508606,1.7909241,10.011612,32,1252
-0.664505,1.6352997,10.413834,35,1253
-1.059555,1.5155945,10.689163,39,1254
-1.1816559,1.4988403,10.483276,42,1255
-1.1217957,1.4150391,10.097809,44,1256
-1.2630615,1.3575745,9.638123,42,1257
-1.3588257,1.3599701,9.499252,45,1258
-0.90153503,1.5946045,9.561508,42,1259
-0.29341125,1.7358551,9.578262,37,1260
-0.47297668,1.6233368,9.4609375,38,1261
-0.66690063,1.6065674,9.47052,42,1262
-0.58309937,1.7167053,9.362778,41,1263
-0.38917542,1.845993,9.384323,40,1264
-0.1449585,1.822052,9.41066,38,1265
-0.027648926,1.8986664,9.276596,41,1266
-0.068344116,1.7741699,9.319687,44,1267
-0.13059998,1.5395355,9.278992,45,1268
-0.2311554,1.4317932,9.504044,45,1269
-0.0013122559,1.3815155,10.090622,48,1270
0.17585754,1.4557343,10.289337,50,1271
0.17106628,1.5778351,9.934998,48,1272
0.1926117,1.6472778,9.453766,49,1273
-0.022857666,1.6927643,9.23349,50,1274
-0.022857666,1.7693787,9.697968,52,1275
0.47991943,1.8507843,10.054703,49,1276
0.77919006,1.7813416,9.812897,46,1277
0.005874634,1.2905426,9.686005,55,1278
-1.0739136,0.8212738,10.138504,64,1279
-1.1601105,0.8428192,10.272583,66,1280
-0.877594,1.1444855,9.78656,63,1281
-0.34846497,1.4485474,9.367569,61,1282
-0.27664185,1.553894,9.0299835,59,1283
-0.5735321,1.5084076,9.180817,62,1284
-0.66929626,1.3934937,9.606995,65,1285
-0.4083252,1.4677124,9.863174,64,1286
-0.43945312,1.4725037,10.138504,63,1287
-0.58070374,1.4150391,10.322861,65,1288
-0.6286011,1.5586853,10.04274,66,1289
-0.28862,1.7550049,9.848801,65,1290
-0.0013122559,1.8819122,10.093018,60,1291
0.123184204,1.9537354,10.150482,62,1292
-0.037231445,1.9633026,9.954147,63,1293
-0.20002747,1.7957153,9.630936,65,1294
-0.63816833,1.7861328,9.654877,67,1295
-0.4945221,1.9656982,9.834442,65,1296
-0.020462036,2.1835785,10.0499115,62,1297
-0.0037078857,2.324829,9.757828,60,1298
0.051361084,2.3224335,8.998871,61,1299
-0.25509644,1.93219,8.852814,63,1300
-0.9206848,1.2402649,9.882324,73,1301
-0.98773193,1.0415344,11.136887,80,1302
-0.55436707,1.2761688,11.711502,73,1303
0.025024414,1.7621918,10.820847,69,1304
0.29556274,2.150055,9.180817,63,1305
-0.058776855,2.3152618,8.75705,64,1306
-0.2191925,2.3056793,9.4609375,64,1307
-0.30776978,2.3296204,10.29892,68,1308
-0.44664,2.2937012,10.375534,65,1309
-0.4586029,2.2649841,9.403488,62,1310
-0.44424438,2.0925903,8.627762,69,1311
-0.3867798,1.9058533,8.740295,68,1312
-0.18327332,1.7837372,9.389114,69,1313
-0.034835815,1.8603516,10.054703,67,1314
0.080093384,2.0088043,10.002029,68,1315
0.072906494,2.083023,9.415451,68,1316
-0.30537415,1.9585266,8.982101,71,1317
-0.31974792,2.0375214,9.235886,71,1318
0.12797546,2.1596375,9.942184,70,1319
0.30993652,2.1692047,10.322861,65,1320
0.21894836,2.2338562,10.006821,67,1321
0.046569824,2.2937012,9.23349,66,1322
-0.010894775,2.2889252,8.848022,64,1323
-0.113845825,2.1309052,9.281387,66,1324
-0.056381226,2.071045,9.956543,68,1325
0.089660645,2.0183716,10.093018,69,1326
-0.032440186,2.0064087,9.788956,72,1327
-0.12820435,1.9680939,9.4561615,71,1328
-0.20960999,1.9130249,9.405884,70,1329
-0.29101562,1.9130249,9.654877,75,1330
-0.17129517,1.9489441,9.934998,73,1331
-0.0084991455,2.0782318,10.016403,70,1332
0.17585754,2.205124,9.82486,68,1333
0.16149902,2.1572418,9.45137,68,1334
-0.111450195,2.035141,9.386719,73,1335
-0.15454102,1.9896393,9.709946,72,1336
0.025024414,2.0758362,9.985275,73,1337
0.17825317,2.142868,9.9661255,69,1338
0.16627502,2.0901947,9.822464,74,1339
-0.12820435,2.0303497,9.66684,70,1340
-0.16651917,2.083023,9.499252,70,1341
0.10643005,2.126114,9.384323,71,1342
0.063323975,2.118927,9.508835,69,1343
-0.0061035156,2.1141357,9.635727,69,1344
0.077697754,2.138092,9.621353,71,1345
-0.077926636,2.004013,9.7267,70,1346
-0.28862,1.9872437,9.863174,75,1347
-0.16412354,2.0135803,9.908661,71,1348
0.16149902,2.126114,9.817688,69,1349
0.08488464,2.1333008,9.5351715,70,1350
-0.039627075,2.035141,9.2742,70,1351
-0.17608643,1.8747253,9.207153,71,1352
-0.55436707,1.6376953,9.51123,74,1353
-0.55436707,1.6065674,9.913452,75,1354
-0.1449585,1.822052,9.877533,74,1355
0.044174194,2.0183716,9.848801,69,1356
0.044174194,2.039917,9.827255,67,1357
0.075302124,2.118927,9.638123,71,1358
0.0154418945,2.138092,9.616562,72,1359
-0.039627075,2.1093597,9.6740265,72,1360
0.005874634,2.1452637,9.697968,67,1361
0.22373962,2.0973816,9.671631,68,1362
0.072906494,2.0135803,9.597412,72,1363
-0.20002747,1.8292389,9.45137,72,1364
-0.27424622,1.7574005,9.731491,74,1365
-0.17129517,1.7526245,10.164841,74,1366
0.005874634,1.8148651,10.36116,76,1367
0.2093811,1.9130249,9.970917,71,1368
0.029815674,1.9417572,9.458557,73,1369
-0.13059998,1.9680939,9.358002,70,1370
0.003479004,2.0447083,9.774582,69,1371
0.30514526,2.1572418,10.0499115,99,1372
0.5469513,2.3415985,9.812897,63,1373
0.49667358,2.300888,9.396301,66,1374
0.17106628,2.138092,9.367569,68,1375
-0.18327332,1.9393616,9.717117,71,1376
-0.18566895,1.8268433,10.148087,73,1377
-0.101867676,1.7909241,10.176819,71,1378
-0.025253296,1.8962708,9.772186,71,1379
0.2428894,2.0064087,9.350815,69,1380
-0.044403076,1.9273987,9.278992,74,1381
-0.45141602,1.8005066,9.6189575,74,1382
-0.32214355,1.7813416,9.80571,73,1383
-0.022857666,1.9273987,9.6884,74,1384
0.26683044,2.0231628,9.547134,69,1385
0.025024414,2.0111847,9.54953,72,1386
-0.092300415,1.9968262,9.51123,74,1387
0.001083374,2.0494995,9.580658,66,1388
0.094451904,2.0686493,9.791351,69,1389
-0.056381226,2.0255585,9.98288,70,1390
0.060928345,2.106964,9.918243,70,1391
0.2883911,2.2123108,9.66684,66,1392
0.096847534,2.142868,9.4609375,69,1393
-0.1904602,2.027954,9.559113,72,1394
-0.123413086,1.9680939,9.762619,71,1395
0.221344,2.0854187,9.820068,69,1396
0.300354,2.0997772,9.693176,69,1397
0.027420044,1.9992218,9.379547,69,1398
-0.1617279,2.004013,9.441788,72,1399
-0.018066406,1.9776764,9.829651,74,1400
-0.018066406,1.9680939,9.96373,74,1401
0.041778564,2.087799,9.820068,70,1402
0.21177673,2.1692047,9.504044,74,1403
0.092056274,2.0686493,9.405884,71,1404
-0.013290405,1.956131,9.66684,73,1405
0.046569824,1.9489441,10.021194,74,1406
0.21417236,1.9752808,10.052307,74,1407
0.2788086,2.0758362,9.683609,69,1408
0.092056274,2.0614777,9.413055,71,1409
-0.106658936,1.960907,9.331665,71,1410
-0.18327332,1.9417572,9.448975,71,1411
-0.14974976,1.8579559,9.527985,75,1412
-0.33410645,1.8819122,9.5950165,72,1413
-0.080322266,1.9776764,9.45137,68,1414
0.001083374,2.0686493,9.240677,74,1415
-0.058776855,2.1572418,9.271805,68,1416
0.3218994,2.1763916,9.513611,68,1417
0.55174255,2.0901947,9.808105,68,1418
0.27641296,1.9226074,10.109772,69,1419
-0.015686035,1.7861328,10.243851,73,1420
-0.089904785,1.7957153,10.191177,71,1421
0.058547974,1.8076782,9.96373,69,1422
0.077697754,1.8196564,9.721909,69,1423
0.005874634,1.7095184,9.779373,73,1424
-0.0061035156,1.5970001,10.054703,74,1425
0.17585754,1.5993958,9.970917,74,1426
0.40330505,1.8962708,9.872742,68,1427
0.50146484,2.059082,9.626144,68,1428
0.3218994,2.0973816,9.484894,66,1429
0.31472778,2.0782318,9.604599,68,1430
0.34344482,2.035141,9.705154,69,1431
0.31950378,2.059082,9.597412,69,1432
0.31710815,2.118927,9.446579,71,1433
0.1638794,2.0207672,9.504044,75,1434
-0.058776855,1.7597961,9.748245,75,1435
-0.27424622,1.6424866,10.093018,74,1436
-0.2239685,1.6209412,10.119354,77,1437
0.2381134,1.8316193,9.736282,68,1438
0.37217712,1.9345703,9.616562,71,1439
0.3650055,1.877121,9.403488,69,1440
0.5038605,2.245819,9.058716,67,1441
0.6810303,2.4134216,8.979706,63,1442
0.7217407,2.138092,9.939789,67,1443
0.039382935,1.766983,10.610168,73,1444
-0.24313354,1.8196564,10.787338,77,1445
-0.44664,1.5251617,10.284546,77,1446
-0.36763,1.7813416,9.638123,74,1447
-0.1401825,1.877121,9.317291,72,1448
0.5038605,2.1692047,9.142517,66,1449
0.59962463,2.343979,9.879929,64,1450
0.13516235,2.0375214,10.193573,76,1451
0.003479004,1.9226074,9.939789,71,1452
0.14952087,1.8076782,9.4561615,71,1453
-0.027648926,1.7478333,9.3220825,72,1454
-0.26467896,1.6712189,9.580658,73,1455
-0.042007446,1.7837372,9.88472,73,1456
0.094451904,1.8603516,9.956543,71,1457
0.1806488,1.9465485,9.834442,71,1458
0.14952087,1.9776764,9.585449,70,1459
0.22613525,2.0542908,9.642899,69,1460
0.28599548,1.8196564,9.15448,75,1461
0.1806488,1.8603516,9.173645,75,1462
0.29078674,2.0016174,9.987671,72,1463
0.48710632,2.0542908,10.318069,71,1464
0.28120422,2.1165314,9.587845,71,1465
0.21417236,2.0901947,8.608612,69,1466
0.36260986,2.1644135,8.852814,72,1467
0.1878357,1.8819122,9.501648,72,1468
0.28599548,1.9178162,9.906265,75,1469
0.39611816,1.9082489,10.274979,76,1470
0.2716217,1.6376953,10.114563,81,1471
-0.109054565,1.5634766,9.662064,83,1472
0.0154418945,1.7167053,9.630936,84,1473
0.19500732,1.8029022,9.791351,79,1474
0.22373962,1.8819122,9.860779,75,1475
0.21177673,1.8124695,9.877533,75,1476
0.041778564,1.7909241,9.987671,78,1477
-0.030044556,1.7645874,9.829651,81,1478
0.070510864,1.8005066,9.927811,80,1479
0.060928345,1.6233368,9.951752,76,1480
-0.121017456,1.7143097,9.844025,77,1481
-0.075531006,1.6496735,9.896683,82,1482
-0.17608643,1.6592407,9.958939,84,1483
-0.113845825,1.7214966,9.70755,81,1484
0.2931671,1.7693787,9.592621,76,1485
-0.18327332,1.7765656,9.985275,85,1486
0.4942932,1.6760101,10.239059,88,1487
1.3490143,2.0327454,9.9661255,82,1488
1.0258026,2.5043945,9.496857,77,1489
0.003479004,2.2625885,9.094635,76,1490
-0.95899963,1.8076782,8.939011,81,1491
-0.4777527,1.585022,8.778595,84,1492
0.31950378,1.5946045,9.204773,75,1493
0.676239,1.4437714,9.686005,78,1494
0.23571777,1.6424866,9.654877,71,1495
-0.58309937,2.0375214,9.853592,74,1496
-0.4179077,1.8316193,9.654877,73,1497
0.17825317,1.632904,9.899078,77,1498
0.45837402,1.4964447,10.12175,72,1499
0.26445007,1.5108032,10.449753,72,1500
-0.087509155,1.5443268,10.425812,70,1501
-0.501709,1.4006653,10.53833,72,1502
-0.030044556,1.5395355,9.798523,68,1503
-0.018066406,1.4844666,9.3220825,69,1504
-0.29580688,1.4413757,10.090622,69,1505
-0.1617279,1.4006653,10.002029,71,1506
-0.3101654,1.4629211,9.185608,69,1507
-0.30776978,1.4485474,9.022812,71,1508
-0.25030518,1.4653168,9.62854,68,1509
-0.14974976,1.5108032,9.78656,70,1510
-0.12820435,1.3767242,9.6189575,70,1511
-0.14974976,1.1612549,9.575867,71,1512
-0.0037078857,1.1444855,9.60939,70,1513
-0.20960999,1.0726624,10.116959,71,1514
-0.2239685,1.0630951,10.179199,71,1515
0.113601685,0.97450256,10.035553,70,1516
0.3650055,0.8476105,10.509613,70,1517
-0.092300415,1.0319672,10.892685,72,1518
-0.36523438,1.1684265,9.769791,69,1519
-0.5567627,1.312088,9.317291,73,1520
-0.1449585,1.1373138,9.88472,70,1521
-0.051589966,0.98168945,9.604599,73,1522
-0.530426,1.4988403,9.046753,69,1523
-0.20002747,1.8244476,10.004425,66,1524
0.10882568,1.5802307,10.260605,75,1525
0.10643005,1.2210999,10.318069,71,1526
-0.15454102,1.2187042,9.499252,72,1527
-0.27424622,1.1875916,9.238281,73,1528
-0.21679688,1.3743286,9.743454,70,1529
-0.020462036,1.4796753,10.078644,72,1530
0.15670776,1.3791199,10.083435,70,1531
0.036987305,1.4796753,10.227097,71,1532
-0.35325623,1.422226,9.9661255,70,1533
-0.0061035156,1.4126434,9.769791,71,1534
0.43443298,1.4581299,9.829651,71,1535
0.39372253,1.585022,9.810501,68,1536
-0.046798706,1.687973,9.62854,69,1537
-0.6525421,1.7023468,9.269409,70,1538
-0.47058105,1.6783905,9.142517,71,1539
-0.104263306,1.7286835,9.343628,67,1540
0.017837524,1.8100739,9.76741,72,1541
-0.073135376,1.6448822,9.987671,69,1542
