1.0880585,2.644455,8.97493,1.3248625,-0.28456873,-0.12064434,0
1.0736847,2.5666504,9.270615,-0.30676174,-0.26838514,-0.11530222,1
1.1754456,2.9221802,9.972107,1.2721055,-0.28319862,-0.11733193,2
1.2041626,3.0167542,8.879166,1.2208239,-0.32475466,-0.13479428,3
1.5788574,2.8204346,9.630936,1.2428988,-0.28132915,-0.16249068,4
1.1754456,2.8324127,9.776978,-1.5343053,-0.2800708,-0.11965158,5
1.031784,2.7569885,9.061127,1.2654494,-0.29357645,-0.11338093,6
0.6247711,2.2003326,9.275391,1.2819803,-0.23240943,-0.06725634,7
0.6941986,2.244629,9.72551,1.2479769,-0.22627006,-0.07125829,8
1.1287537,2.1249237,10.391098,0.9482699,-0.20056538,-0.108202726,9
1.0641022,1.9046478,10.623337,1.191318,-0.17653915,-0.099833466,10
0.41288757,1.5563049,10.325256,1.2093835,-0.14948414,-0.03996682,11
0.90489197,1.738266,9.759018,1.1713631,-0.17553282,-0.0924593,12
-0.092300415,1.5275574,9.100616,1.216204,-0.16629343,0.010141868,13
-0.097091675,1.5383453,9.680023,0.012707026,-0.15759386,0.010029771,14
0.30155945,1.6472778,9.981689,1.1804075,-0.16348253,-0.030202076,15
0.075302124,1.5993958,9.863174,1.2248188,-0.16075438,-0.0076345257,16
0.011856079,1.5970001,9.326874,1.2029344,-0.169581,-0.0012711732,17
0.3973236,1.6005859,9.812897,1.3629351,-0.16155651,-0.040467836,18
0.23571777,1.5395355,9.555527,1.2118413,-0.15969416,-0.024663212,19
-0.37242126,1.2247009,9.54834,1.2246765,-0.12747085,0.03898401,20
0.18664551,1.4832764,10.167236,1.8635741,-0.14484182,-0.018355483,21
0.26445007,1.5826416,9.744659,1.1639621,-0.16094711,-0.02713129,22
0.1698761,1.4712982,9.858383,1.1652515,-0.1481282,-0.017229933,23
0.12199402,1.525177,9.828461,1.1532335,-0.15394005,-0.012411684,24
0.0549469,1.3551788,10.273773,1.214852,-0.13114764,-0.005348218,25
0.02142334,1.4138336,9.94577,-2.836605,-0.14120784,-0.0021540117,26
0.07649231,1.3958893,9.577072,1.2062793,-0.14472951,-0.007986854,27
0.20100403,1.5072174,9.686005,1.17734,-0.15433703,-0.020749029,28
0.4045105,1.6341095,9.0850525,1.1608624,-0.17779253,-0.044495452,29
0.24169922,1.5108185,9.78656,-0.66808426,-0.15312177,-0.024692036,30
-0.01927185,1.3037109,9.709946,1.1866256,-0.13346706,0.001984751,31
0.3255005,1.485672,9.397507,1.1453024,-0.15670203,-0.034623057,32
0.1986084,1.4365845,9.765015,1.1752933,-0.1460379,-0.020335967,33
0.039382935,1.422226,9.828461,-1.4263029,-0.1437062,-0.0040070084,34
0.43203735,1.7119141,9.560318,1.1342353,-0.1770098,-0.045159962,35
0.29078674,1.5167999,9.62854,1.14585,-0.15617755,-0.030191325,36
0.27522278,1.3551788,10.170837,1.1881554,-0.1324135,-0.02705339,37
0.17466736,1.3037109,9.647705,1.1945589,-0.13429633,-0.018102573,38
0.339859,1.2809601,10.284561,0.9552824,-0.123846695,-0.03303353,39
0.46435547,1.4868622,9.897888,1.1644228,-0.14894383,-0.046880227,40
0.33268738,1.5048218,9.951752,1.1652085,-0.14999227,-0.033417586,41
0.104034424,1.382721,9.872742,1.1702313,-0.13914168,-0.010537152,42
0.31114197,1.5359497,9.634537,2.2893057,-0.15800989,-0.03228322,43
0.2668457,1.5826263,9.557907,1.1703792,-0.16403127,-0.02791159,44
0.020233154,1.3551788,9.876343,1.2421353,-0.13636279,-0.0020486456,45
0.14353943,1.3348389,10.091827,1.2209685,-0.13149278,-0.014222374,46
0.017837524,1.2270966,10.191177,1.246944,-0.119830675,-0.0017502891,47
0.5493622,1.585022,9.56868,1.1692448,-0.16389123,-0.057349578,48
0.59124756,1.8723297,8.968933,1.0940281,-0.20536835,-0.06582648,49
0.21298218,1.4270172,9.648895,1.1438986,-0.14679477,-0.022069635,50
0.16868591,1.288147,10.106186,-0.25963566,-0.12676015,-0.016689803,51
0.3255005,1.3851166,9.653687,1.1922514,-0.14242813,-0.03370497,52
0.295578,1.3456116,9.70874,1.1966158,-0.13765761,-0.030435126,53
0.33267212,1.3839111,10.057098,1.1632872,-0.1366728,-0.033066284,54
0.44760132,1.4090576,9.876343,1.9543884,-0.14157026,-0.04528956,55
0.35302734,1.4425812,9.827255,1.157613,-0.14566031,-0.03590785,56
0.38415527,1.4748993,9.824875,1.1639863,-0.14889412,-0.039080363,57
0.40330505,1.4796753,9.800919,1.1842788,-0.14971669,-0.04112652,58
0.33506775,1.3504028,9.986481,-0.45364857,-0.13433313,-0.033539552,59
0.16389465,1.3946838,9.566299,1.1435503,-0.14475046,-0.017130828,60
0.5553436,1.5658722,9.675232,1.1387028,-0.16019294,-0.05733557,61
0.05734253,1.2055511,9.931412,1.2158356,-0.1207947,-0.00577379,62
0.21894836,1.3659515,9.750656,1.1023401,-0.1391478,-0.02245096,63
0.49668884,1.5563049,9.350815,2.269527,-0.16469547,-0.0530673,64
0.10522461,1.2187195,10.146881,1.2279418,-0.119528815,-0.010369771,65
0.19502258,1.3180695,9.676422,1.2489798,-0.13535419,-0.020151682,66
0.40330505,1.3875122,10.017593,1.1944506,-0.13752186,-0.040237945,67
0.0154418945,1.2067413,9.822479,-1.1891042,-0.12224235,-0.0015720961,68
0.7037811,1.6448822,9.33046,1.1515805,-0.1740143,-0.075285785,69
0.4272461,1.3887024,9.737473,1.2079791,-0.14152467,-0.04384836,70
-0.16770935,1.0235901,10.160049,1.2695322,-0.10039419,0.016505247,71
0.5242157,1.4593353,9.638123,2.181209,-0.15005292,-0.054336276,72
-0.01687622,1.0523224,10.266602,1.2209939,-0.10214273,0.0016437968,73
0.30514526,1.2366791,9.810501,1.2431794,-0.12533529,-0.031093918,74
0.552948,1.422226,9.621368,1.1973891,-0.14651842,-0.057407677,75
0.11003113,1.1445007,10.276169,-0.9124714,-0.11091085,-0.010706998,76
0.29437256,1.3324432,9.70755,1.2185113,-0.1363442,-0.030314792,77
0.24169922,1.3815155,9.380737,1.1803833,-0.14617263,-0.02575978,78
0.295578,1.2701874,9.4166565,1.2166517,-0.13401282,-0.031378545,79
0.010650635,1.0116272,9.990067,-0.7364045,-0.10091923,-0.0010661221,80
0.4080963,1.2845612,9.759033,1.1789739,-0.13076255,-0.04179294,81
0.4452057,1.3420105,10.075058,1.1962687,-0.13229418,-0.04416017,82
0.30993652,1.1959686,10.133728,1.1990212,-0.11742083,-0.030575119,83
0.8306732,1.5108032,9.94577,2.1276815,-0.15023641,-0.083326854,84
0.4452057,1.3767395,9.70636,1.167176,-0.14075302,-0.045835294,85
0.44760132,1.2294922,9.882324,1.2106297,-0.12365177,-0.045262188,86
0.9144745,1.430603,9.924225,1.1696295,-0.1425706,-0.09188621,87
0.7803955,1.1899872,9.94577,1.1537927,-0.11872002,-0.078304626,88
0.98509216,1.1840057,9.890701,1.5619159,-0.11856095,-0.09927042,89
1.2951508,1.3013153,9.905075,1.184206,-0.12954025,-0.13001864,90
1.2017822,1.1911774,9.638123,1.1856385,-0.12203109,-0.124050245,91
1.0521393,1.0678864,9.877548,1.2321415,-0.107093036,-0.10611813,92
1.3598022,1.1564636,9.784164,1.8580021,-0.11654174,-0.13809532,93
1.276001,1.1672363,9.513626,1.27713,-0.121008,-0.13332783,94
0.939621,0.9792938,9.856003,1.3543034,-0.09859098,-0.09504763,95
1.0222168,1.0678864,9.840424,1.3912337,-0.10752325,-0.1035081,96
1.5094299,1.2163239,9.826065,1.852658,-0.12174521,-0.15242341,97
1.031784,0.8871155,9.98288,1.4505552,-0.08816368,-0.10298967,98
1.2341003,1.0451355,9.6141815,1.4823006,-0.107408084,-0.12766437,99
1.0952301,0.9218445,10.069077,1.5814476,-0.09076513,-0.1083457,100
0.6786499,0.8128967,9.84642,1.6595653,-0.08217671,-0.06881468,101
0.6116028,0.85839844,9.893097,1.7079122,-0.08638655,-0.06174259,102
0.72055054,0.9002838,9.695587,1.8037305,-0.09233633,-0.074181005,103
0.36740112,0.8296509,9.719513,1.8784527,-0.08509242,-0.037782375,104
0.2740326,0.73269653,10.089432,-0.6977758,-0.07246631,-0.027153684,105
0.03340149,0.80570984,9.980484,1.9702637,-0.0805534,-0.0033466679,106
-0.015686035,0.8799286,9.761429,2.0332892,-0.08990033,0.0016069391,107
-0.3580475,0.7506561,10.222305,2.1027381,-0.07325683,0.035011787,108
-0.328125,1.0211945,9.956543,3.070328,-0.10215269,0.032943793,109
-0.04321289,1.2139282,9.788956,2.1379006,-0.123378895,0.0044144248,110
-0.8009796,0.84043884,9.992462,2.1934905,-0.083642766,0.079987355,111
-0.6130371,1.0379486,10.008026,2.2206137,-0.1031502,0.061178107,112
-0.26826477,1.4126434,9.545944,2.337531,-0.14686021,0.02809509,113
-1.0080719,1.0104218,10.133713,-0.969395,-0.09889555,0.09915086,114
-0.64775085,1.3216705,10.033157,2.293806,-0.13070711,0.06447154,115
-0.6238098,1.4880676,9.516022,2.3227599,-0.1547918,0.065459974,116
-1.0799103,1.2031555,9.86676,2.3410537,-0.12062788,0.109015405,117
-0.88119507,1.3420105,9.723114,2.282428,-0.13660325,0.09038198,118
-0.5076904,1.6700287,9.492081,2.4460645,-0.17391318,0.053434767,119
-0.70162964,1.4976349,9.611786,2.430397,-0.15416579,0.07286756,120
-0.37242126,1.7059326,9.585449,2.4959526,-0.17599693,0.03883324,121
-0.18447876,1.9872589,9.247864,2.6600988,-0.21162866,0.019945612,122
-0.6932373,1.6065674,9.616577,2.5025105,-0.16511288,0.07196325,123
-0.2634735,1.7933197,9.815292,2.6379,-0.18064979,0.02683672,124
0.14353943,1.9788666,9.384338,2.5963094,-0.2078008,-0.015294444,125
-0.29699707,1.5191956,9.954147,2.7077355,-0.15138432,0.029827667,126
-0.20362854,1.5036316,10.02359,1.3088256,-0.14886875,0.020312138,127
-0.16293335,1.7167053,9.176041,2.805468,-0.18491912,0.017754525,128
-0.3855896,1.6712189,9.642914,2.774368,-0.17147163,0.039965544,129
-0.009689331,1.7897339,9.900284,1.7571132,-0.1788444,9.78692E-4,130
-0.080322266,1.9070435,9.855988,2.772281,-0.19112282,0.008149411,131
-0.3843994,1.6568604,10.053513,2.797323,-0.16321878,0.038216718,132
-0.52085876,1.6221313,10.029572,2.817019,-0.16013426,0.051885694,133
-0.3101654,1.782547,9.6297455,2.435121,-0.18294384,0.032197967,134
-0.31495667,1.6688232,9.96492,2.8866594,-0.1658487,0.031596024,135
-0.00970459,1.6568604,9.693192,2.962796,-0.16929413,0.0010011756,136
0.3183136,1.7729797,10.06189,3.0282393,-0.17433153,-0.03162502,137
-0.30059814,1.422226,10.027176,2.9344575,-0.14083488,0.02996937,138
-0.051589966,1.7298737,9.561508,2.5731378,-0.17898194,0.0053955363,139
0.18423462,1.9848633,9.514816,2.9241314,-0.20562078,-0.0193605,140
-0.24552917,1.7562103,9.754242,2.8848329,-0.1780821,0.025166214,141
-0.046798706,1.766983,9.943375,2.930438,-0.17586674,0.004706487,142
-0.23355103,1.6879883,9.657272,-1.4202996,-0.17299168,0.02417924,143
-0.04800415,1.7933197,9.788956,3.0266933,-0.18118697,0.0049038697,144
-0.4430542,1.5515137,9.723114,2.891876,-0.15807429,0.045535613,145
-0.015686035,1.8890991,9.368774,2.8869781,-0.1989696,0.0016742874,146
0.1411438,1.8663483,9.597412,1.1623695,-0.19204631,-0.014705383,147
0.44161987,1.9381714,9.905075,3.0043068,-0.19304602,-0.044555705,148
0.42845154,2.0363312,9.514816,3.0324845,-0.2106291,-0.044999536,149
0.3829651,1.8603668,9.913452,3.110756,-0.18536822,-0.03861165,150
0.31233215,1.8124847,9.776978,3.0131755,-0.18321063,-0.031934816,151
0.036987305,1.7610016,9.826065,-1.3593196,-0.17733355,-0.0037641854,152
0.24769592,1.8902893,9.396301,2.9289799,-0.1984568,-0.0263549,153
0.04058838,1.7849426,9.895493,2.9433413,-0.1784589,-0.0041016806,154
0.16629028,1.8136749,9.581863,2.9133198,-0.1870414,-0.01735295,155
0.21536255,1.8555756,9.682419,2.8964953,-0.18930228,-0.022238972,156
-0.06237793,1.7095184,9.796143,2.8474984,-0.17276613,0.0063675153,157
0.31472778,1.8867035,9.683609,3.017994,-0.19232498,-0.032489646,158
0.036987305,1.648468,9.829651,-0.82140535,-0.16615628,-0.0037628121,159
-0.08392334,1.6341095,9.84761,2.934966,-0.1644354,0.008521997,160
0.20579529,1.822052,9.863174,2.987305,-0.18263455,-0.020861989,161
0.087265015,1.7023468,9.526794,2.8825154,-0.1768169,-0.0091597,162
-0.14138794,1.4437714,9.914658,2.8940613,-0.144589,0.01425953,163
0.3362732,1.7250977,9.864365,2.10431,-0.17303245,-0.0340765,164
0.374588,1.8878937,9.799728,2.9862394,-0.19018045,-0.038205728,165
-0.0037078857,1.8005066,9.474121,2.8922002,-0.18780507,3.9136986E-4,166
0.10044861,1.8005066,9.918243,2.9279675,-0.17957017,-0.010127314,167
0.37817383,1.8448029,9.816483,1.7819632,-0.18562791,-0.03850533,168
-0.0013275146,1.6688232,9.640518,2.9577446,-0.17140654,1.3770157E-4,169
0.1591034,1.7346649,9.733887,2.934182,-0.17633441,-0.016343854,170
0.094451904,1.8435974,9.510025,2.809175,-0.19147395,-0.009931498,171
0.13157654,1.7298737,9.523193,0.31248575,-0.17967246,-0.013815551,172
0.07649231,1.608963,10.113373,3.0017848,-0.15776598,-0.0075633377,173
0.009460449,1.679596,9.826065,2.9769762,-0.16929646,-9.627909E-4,174
0.24649048,1.8268433,9.799728,2.9916394,-0.18424527,-0.025147485,175
0.17108154,1.7633972,10.073868,2.971379,-0.17326649,-0.016981075,176
0.33029175,1.8519745,9.573471,2.368745,-0.1909774,-0.03448705,177
0.32070923,1.8591614,9.606995,2.8900387,-0.19105482,-0.0333705,178
-0.19644165,1.525177,9.793732,2.7978005,-0.15445843,0.020055206,179
0.3578186,1.7717743,9.385529,3.0301957,-0.18644919,-0.038106047,180
-0.2239685,1.4964447,9.899078,-1.018958,-0.14999628,0.022621328,181
0.21896362,1.7861481,9.735092,3.0097783,-0.18141215,-0.022488408,182
0.5433655,2.074646,9.435806,-3.1406276,-0.21607892,-0.057521954,183
0.1878357,1.806488,9.823669,-0.8288613,-0.1818271,-0.019118398,184
0.0034637451,1.6029816,10.040344,2.896747,-0.15831792,-3.449827E-4,185
0.3650055,1.8998718,9.677628,2.9651802,-0.1937163,-0.037698556,186
-0.049194336,1.679596,9.80571,2.9006321,-0.16963916,0.005016865,187
-0.049209595,1.6137543,9.96492,2.9553366,-0.16054778,0.004938243,188
0.0010681152,1.7131195,9.682419,2.811982,-0.17511863,-1.1031492E-4,189
0.101638794,1.640091,9.96373,2.9592087,-0.16313481,-0.010200525,190
-0.05996704,1.6628418,9.736282,2.8592484,-0.16915295,0.0061590536,191
0.27641296,1.8555756,9.478897,2.9378443,-0.19323386,-0.029152617,192
0.077697754,1.6784058,9.682404,-0.76412874,-0.17163493,-0.008024463,193
-0.02406311,1.6903687,9.691986,3.0131814,-0.17267156,0.002482779,194
-0.01449585,1.7597961,9.471725,2.9890237,-0.18369982,0.0015304326,195
0.13755798,1.8052979,9.80571,2.9282138,-0.18205048,-0.014027435,196
0.123184204,1.664032,10.08345,-0.095958486,-0.16353998,-0.012215866,197
0.3362732,1.8711395,9.52919,3.0718546,-0.19377427,-0.03527411,198
0.04296875,1.6472778,9.770996,2.8798773,-0.16701643,-0.0043975534,199
0.16627502,1.6089783,10.017593,2.996807,-0.15923353,-0.016596777,200
0.5709076,1.9106293,9.656067,2.9518654,-0.195013,-0.05905549,201
0.25367737,1.7969208,9.726715,-1.2023587,-0.18262038,-0.026074566,202
0.29556274,1.7610016,9.785355,2.8722181,-0.17797762,-0.03019542,203
0.23931885,1.6975555,9.907471,3.016225,-0.16964464,-0.024150696,204
0.017837524,1.6017914,9.690796,3.020797,-0.16380863,-0.0018406645,205
0.12797546,1.6999512,9.940994,2.0411315,-0.16935216,-0.012872796,206
0.003479004,1.8388062,9.29335,2.8651056,-0.19533949,-3.743541E-4,207
0.15312195,1.7897339,9.56749,2.9406247,-0.18490368,-0.016003035,208
0.0046691895,1.5826416,10.465317,2.9821863,-0.15009001,-4.461584E-4,209
0.10284424,1.8328247,9.149704,2.9287648,-0.19768645,-0.011239697,210
-0.00491333,1.6269226,9.834442,2.9640312,-0.16394624,4.996043E-4,211
0.0884552,1.6819916,10.119354,2.9456592,-0.16470331,-0.008740967,212
0.08128357,1.7897339,9.164078,2.895066,-0.19286378,-0.008869571,213
-0.051589966,1.6664276,9.975693,-0.46660557,-0.1655183,0.005171521,214
-0.24552917,1.5814362,9.735092,2.9200234,-0.16098993,0.025215697,215
0.1878357,1.8184662,9.774582,2.9758646,-0.18390428,-0.019214384,216
0.12797546,1.7801514,9.914658,3.0086284,-0.17764005,-0.012906987,217
0.014251709,1.8196564,9.677628,-2.2007554,-0.18585692,-0.0014726438,218
-0.00970459,1.971695,9.723114,2.8341372,-0.20007123,9.980946E-4,219
-0.585495,1.7203064,9.872757,2.6736314,-0.17221913,0.059234723,220
-0.6166229,1.738266,9.905075,2.7596974,-0.17339449,0.062172998,221
-0.22996521,2.015976,9.895493,2.1908357,-0.20092353,0.023235207,222
-0.99131775,1.6987457,9.909866,2.6307704,-0.1689425,0.09970173,223
-0.8632355,1.7502289,9.749451,2.7015617,-0.17695089,0.088311665,224
-0.73513794,1.7346649,9.937393,2.6527727,-0.17235641,0.073842436,225
-0.89434814,1.5048218,9.703964,2.5766323,-0.15320836,0.09190355,226
-0.565155,1.4689178,10.076248,1.3284296,-0.1445365,0.05602914,227
-0.13059998,1.5766449,9.978104,2.7141721,-0.1567016,0.01308791,228
0.087265015,1.8723297,9.354416,2.7271245,-0.19753587,-0.009328481,229
-0.15214539,1.7346649,9.612976,2.597475,-0.17850724,0.015825763,230
-0.38917542,1.4533386,9.7530365,-0.6562959,-0.14780955,0.039881844,231
-0.12580872,1.5970001,9.815292,2.6199763,-0.16127889,0.012816921,232
-0.38917542,1.6389008,9.288574,2.536853,-0.17449512,0.0418738,233
-0.35925293,1.5419312,9.249069,2.4896638,-0.16507061,0.038822547,234
0.15551758,1.7394562,10.094223,1.6697772,-0.17062616,-0.015405373,235
-0.14497375,1.7945251,9.332855,2.3529859,-0.18993959,0.015532449,236
0.09086609,1.8639526,9.464539,2.3400476,-0.19444343,-0.0096003935,237
-0.05279541,1.5742493,9.900284,2.2775366,-0.15768813,0.0053326664,238
-0.18089294,1.5263672,9.445389,-1.7507403,-0.16018526,0.019149115,239
-0.012084961,1.5910187,9.386734,2.2022982,-0.16790064,0.0012874503,240
-0.59628296,1.0427399,9.653687,2.180302,-0.10739443,0.06168901,241
0.10523987,1.3061066,10.04155,2.152395,-0.12933704,-0.0104800565,242
0.9396057,1.7250977,10.057114,2.0176024,-0.16915432,-0.09315656,243
0.5960388,1.2199097,10.252228,2.1312926,-0.118235074,-0.058072127,244
0.9001007,1.2414551,10.274979,2.0391557,-0.11978596,-0.08737817,245
0.77919006,1.2821655,10.010422,1.9881015,-0.12700942,-0.07768126,246
0.7049866,1.0630951,9.836838,-0.30066592,-0.107381724,-0.07154568,247
0.5325928,1.0140076,9.756638,1.9604646,-0.10340538,-0.054533616,248
0.9851074,1.5311584,9.384338,1.8309226,-0.16086727,-0.10459051,249
1.1155853,1.8902893,9.810501,1.7411524,-0.18915758,-0.113227025,250
0.8235016,1.5981903,9.875137,1.6910794,-0.15990305,-0.083198905,251
0.8857422,1.5108032,9.902679,0.5776228,-0.15080476,-0.08920731,252
0.7037811,1.3791199,10.051117,1.7222131,-0.13603018,-0.06990609,253
0.48831177,1.6149597,9.247864,1.5829588,-0.17265144,-0.052753665,254
0.66667175,1.7214966,9.289764,1.542116,-0.18277295,-0.0716413,255
0.63075256,1.525177,9.845215,-0.25095576,-0.1533843,-0.06397948,256
0.5194397,1.5742493,10.0056305,1.5189835,-0.15585053,-0.051868178,257
0.7001953,1.7777557,9.504044,1.4652765,-0.18442716,-0.073540546,258
0.36141968,1.6376953,9.844025,1.483861,-0.16474558,-0.036698144,259
0.35064697,1.5108032,9.6345215,-0.03385355,-0.1554435,-0.036378793,260
0.6930084,1.6532593,9.630936,1.4000136,-0.16957434,-0.071832694,261
0.6642761,1.6963654,9.539963,1.3639092,-0.17556107,-0.069518685,262
0.79956055,1.604187,10.253433,1.3547366,-0.15473329,-0.0778223,263
1.0700989,1.5024261,10.1026,1.3222487,-0.14682521,-0.10552962,264
1.2640228,1.5814362,9.802124,1.305536,-0.15866613,-0.12824623,265
0.94200134,1.5359497,9.616577,1.3018385,-0.15763925,-0.09764447,266
0.647522,1.5970001,9.374756,1.2722733,-0.16833787,-0.068961285,267
0.5888672,1.5598907,9.984085,-0.6286846,-0.15472016,-0.058912337,268
0.889328,1.7023468,9.824875,1.2539604,-0.17088065,-0.09027199,269
0.55055237,1.5024261,10.187592,1.2769874,-0.14621034,-0.05398895,270
0.6606903,1.6532593,9.877533,1.2724525,-0.16547549,-0.06678871,271
0.65589905,1.6712189,9.342438,2.8563778,-0.17658676,-0.070091404,272
0.36619568,1.5131989,9.762619,1.2897972,-0.15366921,-0.037492406,273
0.40690613,1.6305084,9.586639,1.2776968,-0.16832052,-0.042419665,274
0.6175995,1.801712,9.585449,1.2342882,-0.18541974,-0.064342,275
0.374588,1.3934937,10.065491,1.2729938,-0.13747427,-0.03719791,276
0.8163147,1.580246,10.12294,1.9433564,-0.1543625,-0.080465965,277
0.5840759,1.5120087,9.923035,1.2496504,-0.15095322,-0.05879278,278
0.58047485,1.5155945,9.636917,1.249035,-0.15571426,-0.060161807,279
0.8067322,1.7801514,9.820084,1.1917864,-0.17873986,-0.08196719,280
0.47633362,1.549118,9.720718,-0.9972852,-0.15784736,-0.04896273,281
0.5242157,1.5347443,9.917038,1.2457843,-0.15332958,-0.052810956,282
0.4990692,1.3743439,10.015198,1.2679839,-0.13620715,-0.049790006,283
0.6906128,1.5742493,9.66684,1.2013181,-0.16103001,-0.07132026,284
0.80075073,1.5838318,9.51123,1.8357719,-0.16443695,-0.08399195,285
0.42964172,1.406662,9.80452,1.1973722,-0.14236356,-0.043792766,286
0.6175842,1.588623,9.40947,1.2120144,-0.16690263,-0.06554032,287
0.31593323,1.3372192,10.052307,1.271097,-0.13218516,-0.031418584,288
0.59484863,1.5742493,9.712341,1.2411606,-0.16039458,-0.061170265,289
0.75645447,1.6568451,9.749451,2.003867,-0.16783918,-0.07743431,290
0.27641296,1.4868622,10.002029,1.2374202,-0.1475198,-0.027628656,291
0.60801697,1.6903687,9.575867,1.1709764,-0.17437977,-0.0634096,292
0.379364,1.4557343,9.987671,-0.69929445,-0.14463112,-0.03796498,293
0.21417236,1.3527985,9.736282,1.2432791,-0.13802718,-0.021993797,294
0.73490906,1.6664276,9.651291,1.1842219,-0.17049389,-0.07599953,295
0.2680359,1.370758,9.680023,1.2473694,-0.14061841,-0.027682519,296
0.3542328,1.4186249,9.70755,2.0378878,-0.14501391,-0.036474258,297
0.5050659,1.4796753,9.7925415,1.1909586,-0.1497717,-0.05153093,298
0.37698364,1.4054565,9.687195,1.2270589,-0.14397117,-0.03889604,299
0.4332428,1.4725037,9.723114,1.2368141,-0.15015475,-0.044528574,300
0.2381134,1.2606201,10.155258,1.2204173,-0.12346934,-0.023443008,301
0.41767883,1.4521484,9.662064,2.4868433,-0.14904016,-0.04320184,302
0.29437256,1.4138489,9.754242,1.2021738,-0.14388,-0.03016977,303
0.4942932,1.4234161,9.878738,1.1867801,-0.14292756,-0.04999437,304
0.32191467,1.3156738,9.978088,1.2547553,-0.13103265,-0.032250974,305
0.35662842,1.3791199,9.7135315,2.7229366,-0.1409429,-0.036698114,306
0.38415527,1.470108,9.754242,1.2224358,-0.14947474,-0.039363064,307
0.2381134,1.3144836,9.751846,1.24643,-0.13394627,-0.024412412,308
0.31352234,1.3252563,9.718323,1.2189205,-0.13546118,-0.032249767,309
0.53738403,1.4521484,9.742264,2.0665767,-0.1477458,-0.055104237,310
0.26086426,1.3132935,9.885925,1.2404168,-0.13202605,-0.026381318,311
0.24409485,1.3815155,9.676422,1.2201228,-0.14176844,-0.025220385,312
0.25486755,1.3468018,9.912262,1.2321595,-0.13500124,-0.025706686,313
0.10284424,1.1971588,9.940979,1.2576804,-0.11984315,-0.010345114,314
0.26924133,1.3767395,9.676422,2.4606543,-0.14127524,-0.027817294,315
0.16867065,1.2797699,9.88472,1.2589023,-0.12873477,-0.017062122,316
0.21536255,1.3025055,9.828461,1.2379733,-0.13172485,-0.021908628,317
0.30874634,1.3312378,9.946976,1.2138525,-0.13297954,-0.031029254,318
0.3290863,1.3420105,9.784164,1.2143109,-0.13623482,-0.03362191,319
0.2596588,1.3551788,9.797333,1.2063655,-0.13740139,-0.026496809,320
0.31951904,1.3204651,9.686005,1.208985,-0.13541909,-0.032975744,321
0.29437256,1.327652,9.696777,-1.7934227,-0.13600887,-0.030348452,322
0.16748047,1.2438507,10.058304,1.2199711,-0.123022504,-0.016649427,323
0.5673218,1.5155945,9.695587,1.2015753,-0.15480253,-0.058446754,324
0.53019714,1.4796906,9.759033,1.2145218,-0.15025826,-0.0542755,325
0.26564026,1.2845612,10.028381,1.2602998,-0.12735464,-0.026482653,326
0.37817383,1.4473572,9.671646,2.6062202,-0.14843538,-0.03908138,327
0.15431213,1.2701874,9.718323,1.1995188,-0.12994736,-0.01587714,328
0.28001404,1.257019,9.92543,1.2122287,-0.12592606,-0.028204296,329
0.3171234,1.3851166,9.751846,1.2513999,-0.14101902,-0.032507863,330
0.43922424,1.4509583,9.6884,2.1039243,-0.1485073,-0.04530404,331
0.32191467,1.3803253,9.897888,1.2141278,-0.13849062,-0.03251211,332
0.17945862,1.3408203,9.756622,1.2223613,-0.1365484,-0.018391445,333
0.35302734,1.4030609,9.878738,1.237035,-0.14099593,-0.035720874,334
0.13157654,1.3456116,9.848816,-1.3377218,-0.13577403,-0.013358835,335
0.20100403,1.3767242,9.686005,1.2429048,-0.1411597,-0.020749029,336
0.3865509,1.4413757,9.860779,1.2764912,-0.14503485,-0.03918079,337
0.28001404,1.3408203,9.72551,1.2685405,-0.13694663,-0.028783757,338
0.4332428,1.4449615,9.6692505,1.2274119,-0.14819457,-0.044776294,339
0.51104736,1.4102478,9.7925415,0.9362499,-0.14283732,-0.05214011,340
0.45358276,1.4689026,9.876343,1.2010857,-0.14749387,-0.045893937,341
0.6128082,1.5239716,9.563904,1.1910392,-0.15769966,-0.06398764,342
0.34584045,1.3970795,10.04393,1.2317631,-0.13812926,-0.034419183,343
0.39134216,1.382721,10.004425,1.38028,-0.1372372,-0.039096974,344
0.1878357,1.3587646,9.932602,1.2341313,-0.13593058,-0.01890877,345
0.4045105,1.5227814,9.474121,1.2001154,-0.15922493,-0.042670444,346
-0.056381226,1.0559082,10.179199,-0.70470643,-0.10336069,0.0055388096,347
0.42366028,1.3228607,9.749451,1.2650397,-0.13473645,-0.043427464,348
0.87615967,1.6137543,9.62854,1.1687562,-0.1653869,-0.09074619,349
0.8199005,1.4437714,10.015213,1.1933637,-0.14270061,-0.08168336,350
1.1778412,1.4282074,9.784164,1.1978018,-0.14392294,-0.11980587,351
1.1347504,1.3803253,9.954147,-0.7266839,-0.13691404,-0.11350774,352
1.2137451,1.4353943,9.6465,1.2170075,-0.14657666,-0.1251646,353
1.3346558,1.3587799,9.739868,1.2512605,-0.13734521,-0.13618203,354
1.449585,1.3791199,9.836838,1.2705247,-0.13782227,-0.14630988,355
1.5704803,1.4437714,9.517212,2.1320434,-0.14857396,-0.16354099,356
0.9659424,1.0894318,9.900284,1.3418676,-0.10908564,-0.097259305,357
0.8881378,1.2498322,9.653687,1.3741106,-0.12821513,-0.09174161,358
0.7696228,1.2594147,9.653687,1.3925744,-0.12932105,-0.079554945,359
0.6822357,1.1528778,9.921829,-0.6603226,-0.115407266,-0.06865302,360
0.8235016,1.2666016,10.04274,1.4279875,-0.1250434,-0.08181664,361
0.79237366,1.3288574,9.84642,1.5069305,-0.13372077,-0.080300234,362
0.65948486,1.2653961,10.0056305,1.5435617,-0.12553103,-0.06581618,363
0.60920715,1.2115326,10.035553,1.6304927,-0.11992399,-0.06063049,364
0.59843445,1.1899872,9.860779,1.6304927,-0.11992399,-0.06063049,365
0.50027466,1.1361084,9.919434,1.6718652,-0.11389318,-0.050391097,366
0.55055237,1.1181641,10.008026,1.7645975,-0.11109871,-0.05495569,367
0.24528503,1.083435,9.569885,1.7908714,-0.11269627,-0.025625315,368
0.17825317,1.0379486,9.780579,-0.81093043,-0.10571028,-0.018223198,369
0.1591034,1.1947784,9.666855,1.8510491,-0.12295525,-0.016457165,370
0.099243164,1.2007599,9.341232,1.9005477,-0.12783585,-0.010623805,371
-0.2419281,1.0140076,10.158859,2.0376406,-0.09945757,0.023809994,372
-0.838089,0.79493713,9.835648,2.021156,-0.080356814,0.08500401,373
0.48231506,1.6209412,9.580658,2.0018616,-0.16739371,-0.050300118,374
0.42366028,1.5048218,10.444962,2.1592813,-0.142971,-0.04053899,375
0.0262146,1.4054565,9.836838,2.2492836,-0.14191589,-0.0026649353,376
0.060928345,1.4497528,9.730301,2.6049876,-0.14790271,-0.0062616304,377
-0.025253296,1.4341888,9.90387,2.2713888,-0.14381081,0.002549836,378
-0.17608643,1.6149597,9.347229,2.2938888,-0.1710554,0.018836128,379
0.0154418945,1.6772003,9.52919,2.4206963,-0.17422196,-0.001620482,380
-0.2131958,1.5323486,9.96492,-0.80672085,-0.15254477,0.021391368,381
-0.3053894,1.6149597,9.553131,2.3310385,-0.16738307,0.031956583,382
-0.6166229,1.4545441,9.984085,2.3902462,-0.14439718,0.06168224,383
-0.56755066,1.2797699,10.112167,2.4804592,-0.12569244,0.0560667,384
-0.15693665,1.6819916,9.76741,2.4153323,-0.17051034,0.016065994,385
-0.19525146,1.6700287,10.112167,2.522828,-0.16364309,0.019306168,386
-0.11264038,1.8112793,9.385529,2.5136049,-0.1906293,0.01200092,387
-0.33052063,1.6269226,9.979294,2.5796683,-0.16152103,0.03310854,388
-0.094696045,1.7681885,9.591431,2.6625931,-0.18229535,0.009872664,389
-0.15933228,1.6736145,9.712341,-0.5028088,-0.17062,0.016403664,390
-0.32333374,1.6700287,9.691986,2.6097467,-0.17054161,0.033348568,391
-0.18806458,1.8483887,9.39032,2.6409461,-0.19431706,0.020024817,392
-0.15693665,1.7933197,9.557907,2.7515802,-0.18544602,0.016418088,393
-0.2814331,1.6760101,9.949371,-0.55900353,-0.16682158,0.02827898,394
0.072906494,1.9836731,9.724319,2.7447162,-0.20122455,-0.0074971956,395
-0.037231445,2.0387268,9.5950165,2.7424886,-0.2093625,0.0038802705,396
-0.018081665,1.901062,9.434616,2.8266175,-0.19883576,0.0019165213,397
-0.18208313,1.6604462,10.055908,-0.42320853,-0.1636185,0.0181051,398
-0.17848206,1.8974762,9.349625,2.7115896,-0.20019187,0.019087438,399
-0.27545166,1.8663483,9.924225,2.7373621,-0.1858188,0.027748361,400
0.24050903,2.1009827,9.699173,2.8651474,-0.21325535,-0.024791779,401
-0.068359375,1.7933197,9.536377,-0.8493898,-0.18587497,0.007168153,402
-0.034835815,1.7310791,9.920639,2.8277404,-0.17275234,0.0035114342,403
-0.15814209,1.5802307,10.078644,2.8408973,-0.155505,0.015689522,404
-0.12940979,1.4964447,9.913452,2.7257845,-0.14980723,0.013053217,405
0.39253235,1.7741699,9.851196,2.0625365,-0.17804849,-0.039825093,406
0.16149902,1.7418518,9.648895,2.9301314,-0.17857543,-0.016736005,407
0.25605774,1.743042,9.684814,2.8442469,-0.17800957,-0.026432939,408
0.08847046,1.6688232,9.864365,2.9038749,-0.16758353,-0.008968452,409
-0.020462036,1.6891785,9.681213,-2.0110035,-0.17274074,0.0021135786,410
0.123184204,1.7574005,10.233078,2.9900823,-0.17006603,-0.012037263,411
0.30874634,1.8424072,9.8320465,2.9981384,-0.18515052,-0.03139173,412
0.39613342,1.9812622,9.51004,2.8738997,-0.20522279,-0.041630164,413
0.24649048,1.7945251,9.636917,2.954702,-0.18404612,-0.025572157,414
-0.15214539,1.5563049,9.770996,-0.99514586,-0.1579324,0.015569865,415
0.35662842,1.8280487,9.672836,2.918292,-0.18666099,-0.03685237,416
0.27282715,1.8124847,9.632141,2.975543,-0.18592273,-0.02831709,417
0.09803772,1.8052979,9.395111,2.9459503,-0.18982893,-0.010434593,418
0.5278015,1.940567,9.465729,1.8318524,-0.20190284,-0.055701524,419
0.295578,1.7143097,9.881134,2.964345,-0.17170797,-0.029904451,420
-0.14497375,1.580246,10.146881,2.8635602,-0.15448052,0.014286548,421
0.25726318,1.7849426,9.6141815,2.9879332,-0.18350297,-0.026752336,422
0.09086609,1.6544647,9.90387,-0.7647676,-0.16551708,-0.009174549,423
0.19021606,1.7681885,9.859589,2.9040635,-0.17741829,-0.0192901,424
0.11720276,1.7466431,9.602203,2.9994106,-0.17991981,-0.012205213,425
0.032196045,1.5754547,9.920639,3.0376308,-0.15748979,-0.0032453486,426
0.12918091,1.7621918,9.7686,2.7020855,-0.17845875,-0.013223326,427
0.09803772,1.7729797,9.654877,2.9772983,-0.1816031,-0.010153868,428
0.14953613,1.743042,9.70755,3.0083537,-0.17764153,-0.015402889,429
0.10044861,1.7334747,9.660873,2.9685123,-0.17753382,-0.010397092,430
0.11720276,1.6688232,9.784164,0.17886862,-0.16892609,-0.011978248,431
0.068115234,1.635315,9.822479,2.856802,-0.16496995,-0.006934516,432
-0.07434082,1.7059326,9.31012,2.8236144,-0.18121824,0.007984779,433
0.30514526,1.8495941,9.396301,2.9828014,-0.19425808,-0.032463633,434
0.08847046,1.5981903,10.187592,-0.5426338,-0.15560214,-0.00868392,435
0.04058838,1.6077728,9.803329,2.9902775,-0.16255428,-0.004140241,436
0.3578186,1.6580505,10.246246,2.974272,-0.16033353,-0.034907732,437
0.12916565,1.6772003,9.80571,2.865353,-0.1693895,-0.0131717315,438
0.473938,1.9285889,9.404678,3.0356545,-0.20201345,-0.05035126,439
0.3638153,1.6365051,9.8871155,-0.33576068,-0.16392283,-0.036780316,440
-0.22158813,1.4844666,9.715927,2.8313155,-0.15157561,0.022802737,441
0.4092865,1.7885437,9.486084,2.9359546,-0.18618701,-0.043119248,442
0.17706299,1.5503082,9.984085,3.0076153,-0.15402387,-0.017732665,443
0.087265015,1.6269226,9.663269,-2.5485923,-0.16679059,-0.009030344,444
0.5230255,1.8902893,9.773392,3.068748,-0.19078639,-0.053464253,445
0.35542297,1.806488,9.902679,3.03693,-0.18032643,-0.035876196,446
0.01902771,1.5574951,9.826065,3.039399,-0.15719841,-0.0019364503,447
0.21177673,1.7095184,9.762619,2.2601295,-0.17331107,-0.021689214,448
-0.034835815,1.6915741,9.591431,2.9855657,-0.1745668,0.0036319569,449
0.10284424,1.6221466,9.791351,2.99439,-0.16417123,-0.010503193,450
0.16748047,1.679596,9.808105,2.9652343,-0.16957638,-0.017074062,451
0.020233154,1.5754547,9.808105,2.987832,-0.15926702,-0.0020628986,452
0.6187897,2.0016174,9.566299,3.024228,-0.20584258,-0.064594336,453
0.16029358,1.806488,9.663254,2.98234,-0.184786,-0.016586429,454
0.34944153,1.7538147,9.585449,2.957734,-0.18084718,-0.03643928,455
0.1124115,1.4186249,10.071472,-0.5456394,-0.13992655,-0.011160913,456
-0.101882935,1.4509583,9.848816,2.9090397,-0.14626323,0.01034432,457
0.49069214,1.925003,9.681213,3.0857303,-0.19603376,-0.050641645,458
0.4260559,1.8435974,9.720718,2.9109876,-0.1872548,-0.04380164,459
0.24409485,1.7155151,9.772186,-0.9383184,-0.17372693,-0.024973337,460
0.16029358,1.6700134,9.697983,2.9270623,-0.17050682,-0.016527044,461
0.10284424,1.6784058,9.686005,2.953212,-0.1715683,-0.01061742,462
0.16029358,1.8100891,9.601013,2.9362054,-0.18631843,-0.016693935,463
0.38534546,1.885498,9.60939,2.926604,-0.19360094,-0.040079452,464
0.56611633,1.8316345,9.844025,1.0417516,-0.18366525,-0.05744535,465
0.5254059,1.6736145,9.942184,2.969214,-0.16654307,-0.05279701,466
0.2848053,1.5203857,10.254623,2.9503345,-0.14713524,-0.027766217,467
0.30155945,1.7562103,9.586639,3.0231726,-0.1810969,-0.031445853,468
0.12080383,1.7226868,9.990067,-1.0716051,-0.17074838,-0.012091806,469
-0.013290405,1.5993958,9.803314,2.9161763,-0.1617235,0.0013557045,470
0.19621277,1.8328247,9.508835,3.014411,-0.19037493,-0.02063186,471
0.12438965,1.7801514,9.593826,2.9482226,-0.18345013,-0.012964867,472
-0.26826477,1.4940491,9.730301,-0.9053244,-0.15229914,0.027563056,473
0.24050903,1.7921295,9.851212,2.9538639,-0.17989932,-0.024409309,474
0.11001587,1.8555756,9.748245,2.9812791,-0.18808775,-0.0112852305,475
-0.41311646,1.7741699,9.76741,2.8269334,-0.17952567,0.042270202,476
-0.13899231,2.106964,9.639313,2.7785378,-0.21517406,0.014418318,477
-0.2982025,1.9501495,9.219131,-1.1976268,-0.20835406,0.03233478,478
-0.47776794,1.9178162,9.799728,2.8178902,-0.19303486,0.04871461,479
-0.6238098,1.9728851,9.939789,2.6464808,-0.19556208,0.06267666,480
-0.93626404,1.7885284,9.852402,-1.0786481,-0.17878838,0.094744496,481
-1.0523682,1.703537,10.017593,2.6919537,-0.1675385,0.10466809,482
-1.066742,1.8124695,9.545944,2.6281626,-0.18650068,0.11128648,483
-1.1409607,1.4736938,10.189987,2.6388643,-0.14274612,0.111504376,484
-1.3265076,1.3635712,9.891907,-1.2573268,-0.1357835,0.13330503,485
-0.49931335,1.8124695,9.556717,2.5495923,-0.1871786,0.05219991,486
-0.2874298,1.6520691,10.036758,2.6574774,-0.16307333,0.028629888,487
-0.48495483,1.4377899,9.896698,2.5786698,-0.14409989,0.048962515,488
-0.15933228,1.4928436,9.72551,2.542525,-0.15228881,0.01638146,489
0.13157654,1.4748993,9.765015,1.4875479,-0.14989264,-0.013473464,490
0.05015564,1.5227814,9.496857,2.6394002,-0.15899026,-0.0052812393,491
-0.070755005,1.5946045,9.138931,2.488956,-0.17274065,0.0077419984,492
-0.13539124,1.5527039,9.687195,2.4679322,-0.15891705,0.0139754,493
-0.099472046,1.6628418,9.554321,2.8844988,-0.17230566,0.010410834,494
-0.14257812,1.6819916,9.483688,2.3694115,-0.17551157,0.015032905,495
0.04298401,1.6568451,9.951752,2.2803578,-0.16497311,-0.004319214,496
-0.09588623,1.4449615,9.709946,2.255651,-0.1477213,0.009874732,497
-0.00970459,1.2223053,10.018799,0.32294798,-0.121401176,9.6863776E-4,498
0.0022735596,0.83206177,10.296524,2.336285,-0.08063475,-2.2080845E-4,499
0.43563843,1.1157684,10.320465,2.2490838,-0.10759886,-0.04218608,500
0.70736694,1.6975555,10.036758,2.1517186,-0.16714132,-0.07036129,501
0.54815674,1.5610809,9.586639,2.0087497,-0.16116369,-0.05711704,502
0.6247711,1.3072968,10.191177,0.11944132,-0.12734409,-0.06122847,503
0.5014801,1.4677124,8.977325,2.0281239,-0.16180944,-0.05580275,504
0.64871216,1.6053772,9.492065,1.9136835,-0.16716018,-0.06823646,505
0.72055054,1.5120087,9.845215,1.9127612,-0.15198714,-0.07305764,506
0.56851196,1.4976349,9.489685,1.8542839,-0.15625057,-0.059836898,507
0.85461426,1.6293182,9.779373,1.7919909,-0.16447571,-0.08716803,508
0.49308777,1.2761688,9.7877655,1.7680144,-0.1294903,-0.050335415,509
0.3290863,1.2594147,9.632126,-1.5976999,-0.12993896,-0.034152206,510
0.72413635,1.9034576,9.185608,1.6375688,-0.20371518,-0.07867109,511
0.63674927,1.9226074,9.459747,1.5562148,-0.20006914,-0.06721006,512
0.1698761,1.4736938,10.162445,1.5854428,-0.14399001,-0.01671451,513
0.58047485,1.6951599,9.76741,1.486809,-0.17154422,-0.05935994,514
0.6223755,1.6628418,9.954163,0.4467985,-0.16520478,-0.062442858,515
0.6618805,1.5874176,10.071472,1.5077772,-0.15599813,-0.06562398,516
0.968338,1.8040924,9.626144,1.4239082,-0.18435735,-0.100257315,517
0.6930084,1.6472778,9.68959,1.3874221,-0.16797392,-0.071399346,518
0.7444763,1.4713135,9.6465,0.31422305,-0.15091461,-0.077023126,519
0.7792053,1.4581299,9.954147,1.3821995,-0.1450128,-0.07812016,520
0.84742737,1.7693787,9.435806,1.3305132,-0.18463857,-0.08956945,521
1.0174255,2.027954,9.531586,1.2596139,-0.20848545,-0.10633987,522
0.8665924,1.8699341,9.955353,-0.68147117,-0.1849851,-0.086829014,523
0.9467926,1.6496735,9.635727,1.3000771,-0.16876267,-0.09794415,524
0.59843445,1.3480072,10.368347,1.3018647,-0.12907416,-0.057653476,525
0.86898804,1.6101685,9.988876,1.2475909,-0.1592301,-0.08677709,526
1.0497437,1.9106445,9.39151,1.1952876,-0.19949533,-0.11131377,527
0.5709076,1.4988403,10.383911,-0.7737058,-0.14313924,-0.05492472,528
0.8462372,1.6424866,9.885925,1.238327,-0.16405086,-0.085392036,529
0.6104126,1.6185455,9.478912,1.259121,-0.16877821,-0.06430811,530
0.59724426,1.4952393,9.7530365,1.2391284,-0.15184557,-0.06116038,531
0.47514343,1.5227814,9.7686,-1.7775197,-0.15446103,-0.048601564,532
0.40211487,1.5263672,9.541153,1.2623005,-0.15849471,-0.042120386,533
0.6223755,1.4964447,9.826065,1.2567543,-0.15083443,-0.063254744,534
0.45358276,1.5227814,9.913452,-1.6515067,-0.15225942,-0.045722384,535
0.82229614,1.6448822,9.796143,1.2309057,-0.16578697,-0.08374449,536
0.6726532,1.5503082,9.94339,1.2359852,-0.15432109,-0.06754537,537
0.59843445,1.643692,9.542343,1.2164766,-0.17025049,-0.062631555,538
0.36740112,1.4341888,9.658463,1.2807463,-0.14730825,-0.038020965,539
0.48591614,1.4413757,10.031967,1.1350951,-0.14253682,-0.04839895,540
0.5673065,1.7107239,9.561508,1.2243265,-0.17674012,-0.05926285,541
0.6223755,1.7370605,9.681213,1.2488717,-0.1771787,-0.06419859,542
0.631958,1.6053772,10.173218,1.2174989,-0.15621738,-0.062040057,543
0.52542114,1.6867828,9.622559,-2.7322345,-0.17327857,-0.05454889,544
0.4116974,1.7059326,9.341232,1.2472206,-0.18046196,-0.04404463,545
-0.118637085,1.2642059,9.551926,1.2916071,-0.1315761,0.012419589,546
0.16389465,1.3695526,9.750641,1.2962925,-0.13952535,-0.01680702,547
0.5888672,1.604187,9.998444,2.002258,-0.15881723,-0.05882793,548
0.06451416,1.2270966,9.821274,1.2960088,-0.124295935,-0.006568724,549
0.060928345,1.2546234,10.173218,1.2887009,-0.12270434,-0.005989021,550
0.4080963,1.4641266,9.730301,1.2212223,-0.14922114,-0.041916206,551
0.077697754,1.3336334,9.587845,1.2361467,-0.13820498,-0.008103599,552
-0.056381226,1.343216,9.711151,-1.5145539,-0.13744248,0.0058057574,553
0.52542114,1.5778503,9.908661,1.1964403,-0.15769579,-0.052976836,554
0.4080963,1.5527039,9.788956,1.20731,-0.15717311,-0.041665338,555
0.45718384,1.5323486,9.985275,1.2077703,-0.15211597,-0.04575385,556
0.5349884,1.6173553,9.823669,2.472561,-0.16293761,-0.054405376,557
0.09564209,1.3025055,10.02359,1.2647972,-0.12921412,-0.00954141,558
0.36380005,1.5131989,9.6465,1.2034209,-0.15548833,-0.037695304,559
0.28359985,1.5203857,9.481293,1.2198192,-0.15893283,-0.029902603,560
0.17706299,1.3408203,9.98288,-0.4410901,-0.1334922,-0.017734805,561
0.3877411,1.5598907,9.747055,1.2174166,-0.15856814,-0.039759368,562
0.17706299,1.4341888,9.640518,1.2441163,-0.14765911,-0.018364478,563
0.23332214,1.5155945,9.601013,1.2034829,-0.15652035,-0.024297042,564
0.33267212,1.5778351,9.601013,2.120684,-0.16278853,-0.03463583,565
0.5278015,1.5203857,9.794937,1.2416158,-0.15377311,-0.05383307,566
0.4080963,1.3934937,10.091827,1.2703544,-0.13710308,-0.040416274,567
0.27163696,1.4365845,9.605804,1.2430751,-0.14839508,-0.028270885,568
0.5349884,1.4653168,9.987671,1.4522557,-0.14546771,-0.05351374,569
0.2740326,1.336029,9.988876,1.2443252,-0.13291313,-0.027426897,570
0.4045105,1.5419312,9.445389,1.2412494,-0.16167395,-0.042800087,571
0.46914673,1.4365845,10.030777,1.2499973,-0.1420971,-0.046736665,572
0.16389465,1.3037109,9.927826,-1.2008957,-0.13055414,-0.016507115,573
0.52182007,1.5898132,9.533966,1.2173914,-0.16498977,-0.054678183,574
0.27282715,1.3970795,10.053513,1.2529254,-0.13802984,-0.027130837,575
0.29318237,1.4964447,9.507629,1.2511688,-0.1560404,-0.030826768,576
0.33029175,1.4641266,9.770996,1.2591935,-0.14865386,-0.033790417,577
0.24050903,1.3527832,9.749451,-0.6949452,-0.13783309,-0.024663981,578
0.300354,1.4784851,9.86676,1.2301619,-0.14867052,-0.030431598,579
0.22373962,1.3539886,9.950562,1.2481763,-0.1352072,-0.022481337,580
0.40570068,1.5203857,9.755432,1.2612578,-0.154475,-0.041563205,581
0.36619568,1.564682,9.7530365,-2.4154048,-0.15896462,-0.03752921,582
0.32669067,1.4030609,9.997253,1.248346,-0.1393605,-0.03266642,583
0.1986084,1.3934937,9.699173,1.2504034,-0.14266542,-0.020473976,584
0.49308777,1.5730591,9.668045,1.208821,-0.16108787,-0.050957654,585
0.23092651,1.4150391,9.615372,-1.0553701,-0.14607394,-0.024011774,586
0.10284424,1.2809601,9.855988,1.2621738,-0.12923628,-0.010434318,587
0.5266113,1.4916534,9.879929,1.2401016,-0.1496372,-0.053250737,588
0.16508484,1.3599701,9.724304,1.2783756,-0.13893169,-0.01697489,589
0.38415527,1.4641266,10.016403,1.850501,-0.14503984,-0.03833383,590
0.47872925,1.5539093,9.760223,1.2110128,-0.15769686,-0.04900973,591
0.20219421,1.427002,9.593826,1.2374684,-0.14762679,-0.021072332,592
0.4045105,1.4557343,9.850006,1.224082,-0.14660625,-0.041043967,593
0.34346008,1.4090576,9.778183,-1.023266,-0.14302999,-0.03511071,594
0.4332428,1.4629211,9.711136,1.2435328,-0.14937302,-0.044583425,595
0.5409851,1.5155945,9.968521,1.2541159,-0.1506642,-0.05421616,596
0.2093811,1.3970795,9.541153,1.2645613,-0.14535895,-0.02194153,597
0.15791321,1.3156738,9.855988,-0.43302792,-0.13268843,-0.016020687,598
0.2632599,1.375534,9.838028,1.2519723,-0.13886842,-0.026753033,599
0.26564026,1.3934937,9.664459,1.2426457,-0.14314719,-0.027479386,600
0.27641296,1.3934937,9.76622,1.246998,-0.14167242,-0.028295409,601
0.19621277,1.3527985,9.897888,1.2338413,-0.13580748,-0.019821104,602
0.5038605,1.4772949,10.069077,1.8822497,-0.14549723,-0.04999868,603
0.39015198,1.3994751,9.829651,1.2291241,-0.1413126,-0.039670512,604
0.2596588,1.4677124,9.551926,1.2516453,-0.15240832,-0.027177231,605
0.4152832,1.5754547,9.6297455,1.2383143,-0.16201833,-0.04309834,606
0.13993835,1.193573,10.094208,-0.5765339,-0.11768565,-0.013862344,607
0.08847046,1.0499268,10.406662,1.2942376,-0.10054603,-0.008501125,608
0.082473755,1.0068359,10.266602,1.2829809,-0.09775333,-0.008033035,609
0.072906494,1.1851959,9.894302,1.2532175,-0.11921447,-0.0073683998,610
0.1986084,1.4006805,9.483688,2.6841438,-0.1466019,-0.020939045,611
-0.0084991455,1.6352997,8.923447,1.2224222,-0.18124753,9.5245073E-4,612
0.0836792,1.7969208,9.550735,1.2114309,-0.18596375,-0.008761321,613
0.35302734,1.9214172,9.130554,1.1646373,-0.20726135,-0.03864514,614
0.374588,1.8292389,9.8667755,1.1867546,-0.18318346,-0.03794636,615
0.47035217,1.8807068,9.513611,1.1475806,-0.1949374,-0.0493997,616
0.39611816,1.7849426,9.736282,1.1655978,-0.18116894,-0.04066232,617
0.0022735596,1.5203857,9.791351,1.221868,-0.1540482,-2.322008E-4,618
0.59724426,1.7765656,9.78537,1.9642674,-0.17927055,-0.060958788,619
0.15791321,1.5395355,9.912262,1.2227963,-0.15406589,-0.015929751,620
0.24409485,1.4653168,9.955353,1.1947638,-0.14609623,-0.024514044,621
0.6283722,1.5467224,10.195969,1.174477,-0.15027073,-0.061551623,622
0.4847107,1.640091,9.765015,-2.502902,-0.16620184,-0.04959677,623
0.3685913,1.4473572,9.855988,1.2047666,-0.14570796,-0.037380286,624
0.38534546,1.228302,10.526367,1.214271,-0.11608573,-0.0365913,625
0.7013855,1.5287628,9.341248,1.1753637,-0.16177174,-0.074944146,626
0.46076965,1.4114532,10.353989,1.2716261,-0.13535231,-0.04447232,627
-0.094696045,1.0774536,9.445389,-1.184664,-0.1135753,0.010025302,628
-0.16291809,1.209137,9.07428,1.2890673,-0.13244738,0.017951902,629
0.099243164,1.5898132,9.869156,1.3150324,-0.15970905,-0.010055553,630
0.49787903,1.8005066,10.665237,1.2278522,-0.16706462,-0.046648547,631
0.14593506,1.5539093,9.454971,-1.4329498,-0.16287316,-0.015433517,632
0.755249,1.6173553,9.186813,1.2045002,-0.17369187,-0.08202566,633
-0.1617279,1.5000305,9.29335,1.2424481,-0.160005,0.017400784,634
0.14952087,1.698761,9.700378,1.2202511,-0.17334498,-0.0154127,635
0.8558197,1.470108,10.2630005,1.1251628,-0.14179014,-0.08319635,636
0.3973236,1.5048218,9.304123,1.190204,-0.160205,-0.042678107,637
0.34823608,1.4868622,9.459747,1.2481325,-0.15579847,-0.03679579,638
0.50627136,1.3240662,10.513199,1.2544538,-0.1251401,-0.048118614,639
0.6032257,1.5000305,9.733887,1.2874322,-0.15261294,-0.06189257,640
0.23930359,1.430603,9.507645,-1.4771051,-0.14930174,-0.025164284,641
0.12438965,1.3240662,10.278564,1.3396497,-0.12810339,-0.012101259,642
0.9862976,1.3468018,9.2825775,1.3145468,-0.1432883,-0.1058554,643
-0.8955536,1.7502289,9.355606,-1.7564203,-0.18411773,0.09543296,644
0.15791321,1.4341888,11.18956,1.2734901,-0.12746446,-0.014111612,645
0.17466736,1.422226,9.446594,1.2312411,-0.1494069,-0.018487874,646
-0.18447876,1.4102478,10.191177,1.3245566,-0.13748376,0.018099833,647
0.25367737,1.2749786,10.303711,1.2401881,-0.12307702,-0.024615029,648
0.029800415,1.7095184,9.820084,1.209824,-0.17235586,-0.0030346303,649
0.39492798,1.8388214,10.765793,1.2426448,-0.16905819,-0.036667153,650
-0.580719,2.2996979,9.915848,1.2584261,-0.22751604,0.058497917,651
-0.14137268,2.7438202,8.447006,1.1790425,-0.3140348,0.016734863,652
-0.12820435,2.929367,9.955353,0.13083793,-0.28615123,0.012877219,653
-0.62501526,2.6935425,10.362366,1.2875868,-0.2538655,0.060242902,654
-0.8009796,3.3196259,8.792969,1.2766573,-0.35962534,0.09084248,655
