1.7174133,0,1574016500
3.3906178,1,1574016500
4.8335695,2,1574016500
6.0042124,3,1574016500
6.926838,4,1574016500
7.674039,5,1574016500
8.279939,6,1574016500
8.753645,7,1574016500
9.182887,8,1574016500
9.583263,9,1574016500
9.742197,10,1574016500
9.621782,11,1574016500
9.452665,12,1574016500
9.358553,13,1574016500
9.357485,14,1574016500
9.461494,15,1574016500
9.510706,16,1574016500
9.48112,17,1574016500
9.393767,18,1574016500
9.304732,19,1574016500
9.339327,20,1574016500
9.464208,21,1574016500
9.514314,22,1574016500
9.472037,23,1574016500
9.48131,24,1574016500
9.590242,25,1574016500
9.663503,26,1574016501
9.661299,27,1574016501
9.702153,28,1574016501
9.819111,29,1574016501
9.883947,30,1574016501
9.765348,31,1574016501
9.601039,32,1574016501
9.618511,33,1574016501
9.752676,34,1574016501
9.856657,35,1574016501
9.857002,36,1574016501
9.882657,37,1574016501
9.958726,38,1574016501
9.931952,39,1574016501
9.78077,40,1574016501
9.621515,41,1574016501
9.496508,42,1574016501
9.4003315,43,1574016501
9.41054,44,1574016501
9.587736,45,1574016501
9.743858,46,1574016501
9.831406,47,1574016501
9.922992,48,1574016501
10.012542,49,1574016501
10.059762,50,1574016501
10.04726,51,1574016501
10.010443,52,1574016501
9.990565,53,1574016501
10.031646,54,1574016501
10.015667,55,1574016501
9.96362,56,1574016501
9.800837,57,1574016501
9.62512,58,1574016501
9.608564,59,1574016501
9.705455,60,1574016501
9.914168,61,1574016501
10.156317,62,1574016501
10.18292,63,1574016501
9.960475,64,1574016501
9.723141,65,1574016501
9.649155,66,1574016501
9.736969,67,1574016501
9.829248,68,1574016501
9.806822,69,1574016501
9.703169,70,1574016501
9.581462,71,1574016501
9.489364,72,1574016501
9.417599,73,1574016501
9.387482,74,1574016501
9.404089,75,1574016501
9.418813,76,1574016502
9.496672,77,1574016502
9.532143,78,1574016502
9.386701,79,1574016502
9.228687,80,1574016502
9.381922,81,1574016502
9.6711445,82,1574016502
9.747377,83,1574016502
9.559847,84,1574016502
9.37343,85,1574016502
9.292772,86,1574016502
9.282832,87,1574016502
9.429068,88,1574016502
9.559941,89,1574016502
9.559297,90,1574016502
9.544416,91,1574016502
9.604338,92,1574016502
9.669032,93,1574016502
9.68775,94,1574016502
9.633769,95,1574016502
9.571911,96,1574016502
9.79249,97,1574016502
9.858821,98,1574016502
9.649001,99,1574016502
9.714339,100,1574016502
9.86238,101,1574016502
9.944421,102,1574016502
9.86688,103,1574016502
9.683223,104,1574016502
9.491283,105,1574016502
9.179235,106,1574016502
9.056013,107,1574016502
9.173869,108,1574016502
9.391695,109,1574016502
9.669866,110,1574016502
9.960875,111,1574016502
10.250185,112,1574016502
10.341814,113,1574016502
10.220708,114,1574016502
9.969156,115,1574016502
9.494975,116,1574016502
9.944983,117,1574016502
10.835546,118,1574016502
11.241056,119,1574016502
11.600902,120,1574016502
11.591417,121,1574016502
11.256783,122,1574016502
10.673517,123,1574016502
10.10587,124,1574016502
9.894047,125,1574016502
9.832807,126,1574016502
9.706242,127,1574016503
9.665802,128,1574016503
9.89729,129,1574016503
9.786078,130,1574016503
9.574526,131,1574016503
9.509193,132,1574016503
9.512472,133,1574016503
9.447578,134,1574016503
9.129428,135,1574016503
8.816491,136,1574016503
8.789759,137,1574016503
9.021199,138,1574016503
9.202043,139,1574016503
9.156617,140,1574016503
8.989076,141,1574016503
8.980979,142,1574016503
9.261324,143,1574016503
9.425746,144,1574016503
9.381072,145,1574016503
9.282125,146,1574016503
9.324593,147,1574016503
9.509882,148,1574016503
9.780696,149,1574016503
9.992559,150,1574016503
9.987752,151,1574016503
9.885263,152,1574016503
9.951714,153,1574016503
10.097769,154,1574016503
10.152364,155,1574016503
10.160605,156,1574016503
10.192099,157,1574016503
10.210588,158,1574016503
10.080294,159,1574016503
9.762972,160,1574016503
9.367378,161,1574016503
9.013074,162,1574016503
8.955164,163,1574016503
9.215294,164,1574016503
9.579022,165,1574016503
9.8757515,166,1574016503
9.896698,167,1574016503
9.6228,168,1574016503
9.21789,169,1574016503
8.937538,170,1574016503
8.895215,171,1574016503
8.870933,172,1574016503
8.805538,173,1574016503
8.799191,174,1574016503
8.935853,175,1574016503
9.144779,176,1574016503
9.269781,177,1574016504
9.26061,178,1574016504
9.306421,179,1574016504
9.462303,180,1574016504
9.755081,181,1574016504
9.99505,182,1574016504
10.014165,183,1574016504
10.070637,184,1574016504
10.362897,185,1574016504
10.8840065,186,1574016504
11.429224,187,1574016504
11.55894,188,1574016504
11.063204,189,1574016504
10.260561,190,1574016504
9.552366,191,1574016504
9.204161,192,1574016504
9.361341,193,1574016504
9.717888,194,1574016504
9.967691,195,1574016504
9.917577,196,1574016504
9.519312,197,1574016504
9.042684,198,1574016504
8.692985,199,1574016504
8.552568,200,1574016504
8.594902,201,1574016504
8.757578,202,1574016504
8.889631,203,1574016504
8.969417,204,1574016504
9.168758,205,1574016504
9.512106,206,1574016504
9.881114,207,1574016504
10.163393,208,1574016504
10.5118,209,1574016504
10.914066,210,1574016504
11.028061,211,1574016504
10.945437,212,1574016504
11.048369,213,1574016504
11.301184,214,1574016504
11.382769,215,1574016504
11.069753,216,1574016504
10.486546,217,1574016504
9.9261265,218,1574016504
9.684172,219,1574016504
9.785573,220,1574016504
9.867652,221,1574016504
9.637392,222,1574016504
9.130925,223,1574016504
8.633814,224,1574016504
8.235646,225,1574016504
8.203938,226,1574016504
8.279126,227,1574016505
8.320603,228,1574016505
8.418906,229,1574016505
8.801134,230,1574016505
9.365489,231,1574016505
9.872039,232,1574016505
10.367782,233,1574016505
10.830456,234,1574016505
10.937231,235,1574016505
10.598879,236,1574016505
10.130437,237,1574016505
10.119599,238,1574016505
10.921128,239,1574016505
11.980378,240,1574016505
12.323081,241,1574016505
11.633816,242,1574016505
10.418253,243,1574016505
9.418508,244,1574016505
8.994602,245,1574016505
9.015567,246,1574016505
9.273195,247,1574016505
9.280098,248,1574016505
9.002627,249,1574016505
8.544104,250,1574016505
8.203142,251,1574016505
8.131966,252,1574016505
8.278051,253,1574016505
8.508406,254,1574016505
8.872734,255,1574016505
9.205374,256,1574016505
9.439405,257,1574016505
9.594069,258,1574016505
9.738869,259,1574016505
10.076892,260,1574016505
10.384658,261,1574016505
10.463757,262,1574016505
10.754007,263,1574016505
11.341985,264,1574016505
11.7793255,265,1574016505
11.6130085,266,1574016505
10.930727,267,1574016505
10.145958,268,1574016505
9.724524,269,1574016505
9.855205,270,1574016505
10.140749,271,1574016505
10.128328,272,1574016505
9.703237,273,1574016505
9.164445,274,1574016505
8.728144,275,1574016505
8.540953,276,1574016506
8.584651,277,1574016506
8.642117,278,1574016506
8.636853,279,1574016506
8.696806,280,1574016506
8.886024,281,1574016506
9.26102,282,1574016506
9.832519,283,1574016506
10.474547,284,1574016506
10.81531,285,1574016506
10.809715,286,1574016506
10.989115,287,1574016506
11.634938,288,1574016506
12.296683,289,1574016506
12.226571,290,1574016506
11.441688,291,1574016506
10.388091,292,1574016506
9.59693,293,1574016506
9.361437,294,1574016506
9.433531,295,1574016506
9.474449,296,1574016506
9.3333645,297,1574016506
8.969584,298,1574016506
8.560766,299,1574016506
8.271538,300,1574016506
8.208707,301,1574016506
8.342795,302,1574016506
8.548708,303,1574016506
8.724932,304,1574016506
8.942045,305,1574016506
9.28285,306,1574016506
9.789167,307,1574016506
10.368999,308,1574016506
10.754335,309,1574016506
10.802595,310,1574016506
11.019811,311,1574016506
11.657578,312,1574016506
12.38758,313,1574016506
12.404156,314,1574016506
11.653666,315,1574016506
10.6165695,316,1574016506
9.755771,317,1574016506
9.624502,318,1574016506
9.891066,319,1574016506
9.982213,320,1574016506
9.678761,321,1574016506
9.15061,322,1574016506
8.7644825,323,1574016506
8.576726,324,1574016506
8.520374,325,1574016506
8.491095,326,1574016507
8.4648,327,1574016507
8.481112,328,1574016507
8.469261,329,1574016507
8.592898,330,1574016507
8.96379,331,1574016507
9.581804,332,1574016507
10.135594,333,1574016507
10.286055,334,1574016507
10.365242,335,1574016507
10.880615,336,1574016507
11.8522005,337,1574016507
12.470015,338,1574016507
12.09565,339,1574016507
11.065448,340,1574016507
9.925253,341,1574016507
9.2089405,342,1574016507
9.211458,343,1574016507
9.503649,344,1574016507
9.454885,345,1574016507
9.003114,346,1574016507
8.43819,347,1574016507
8.050894,348,1574016507
8.047994,349,1574016507
8.261152,350,1574016507
8.491533,351,1574016507
8.653334,352,1574016507
8.760747,353,1574016507
8.894563,354,1574016507
9.299452,355,1574016507
10.063896,356,1574016507
10.857412,357,1574016507
10.995668,358,1574016507
10.791194,359,1574016507
11.071502,360,1574016507
11.625189,361,1574016507
12.057604,362,1574016507
11.773384,363,1574016507
10.855517,364,1574016507
10.078131,365,1574016507
9.821577,366,1574016507
9.985997,367,1574016507
9.955207,368,1574016507
9.592993,369,1574016507
9.087263,370,1574016507
8.687947,371,1574016507
8.496824,372,1574016507
8.480873,373,1574016507
8.668268,374,1574016507
8.841169,375,1574016507
8.830091,376,1574016507
8.753713,377,1574016508
8.809925,378,1574016508
9.20445,379,1574016508
9.942405,380,1574016508
10.610342,381,1574016508
10.772634,382,1574016508
10.718113,383,1574016508
10.7688265,384,1574016508
11.180021,385,1574016508
11.525737,386,1574016508
11.308623,387,1574016508
10.69009,388,1574016508
10.164139,389,1574016508
9.819513,390,1574016508
9.442778,391,1574016508
9.469396,392,1574016508
9.563953,393,1574016508
9.443753,394,1574016508
9.104341,395,1574016508
8.655161,396,1574016508
8.368123,397,1574016508
8.335776,398,1574016508
8.356823,399,1574016508
8.3286495,400,1574016508
8.298451,401,1574016508
8.354737,402,1574016508
8.640143,403,1574016508
9.258245,404,1574016508
9.917448,405,1574016508
10.212092,406,1574016508
10.171517,407,1574016508
10.30713,408,1574016508
11.119516,409,1574016508
12.19272,410,1574016508
12.384257,411,1574016508
11.625774,412,1574016508
10.523389,413,1574016508
9.68697,414,1574016508
9.370264,415,1574016508
9.467409,416,1574016508
9.769221,417,1574016508
9.845949,418,1574016508
9.457701,419,1574016508
8.907204,420,1574016508
8.58508,421,1574016508
8.5012,422,1574016508
8.543272,423,1574016508
8.575493,424,1574016508
8.638141,425,1574016508
8.745721,426,1574016508
9.041996,427,1574016508
9.560575,428,1574016509
10.075993,429,1574016509
10.475397,430,1574016509
10.595723,431,1574016509
10.54163,432,1574016509
10.672174,433,1574016509
11.248744,434,1574016509
11.962829,435,1574016509
12.167785,436,1574016509
11.541662,437,1574016509
10.541334,438,1574016509
9.736284,439,1574016509
9.368055,440,1574016509
9.371309,441,1574016509
9.423714,442,1574016509
9.202273,443,1574016509
8.74931,444,1574016509
8.27106,445,1574016509
7.9162316,446,1574016509
7.7784166,447,1574016509
7.883643,448,1574016509
8.10956,449,1574016509
8.40761,450,1574016509
8.890737,451,1574016509
9.622004,452,1574016509
10.367907,453,1574016509
10.840611,454,1574016509
10.984144,455,1574016509
10.8878,456,1574016509
11.089409,457,1574016509
11.733847,458,1574016509
12.394008,459,1574016509
12.130133,460,1574016509
11.547933,461,1574016509
10.689045,462,1574016509
9.864987,463,1574016509
9.347956,464,1574016509
9.258024,465,1574016509
9.319676,466,1574016509
9.243544,467,1574016509
8.95854,468,1574016509
8.595983,469,1574016509
8.378721,470,1574016509
8.3571825,471,1574016509
8.5075445,472,1574016509
8.65082,473,1574016509
8.7074995,474,1574016509
8.740871,475,1574016509
8.888718,476,1574016509
9.272751,477,1574016509
9.865366,478,1574016510
10.434267,479,1574016510
10.618364,480,1574016510
10.581288,481,1574016510
10.782429,482,1574016510
11.319712,483,1574016510
11.802687,484,1574016510
11.814616,485,1574016510
11.205975,486,1574016510
10.293854,487,1574016510
9.621615,488,1574016510
9.462587,489,1574016510
9.52834,490,1574016510
9.410475,491,1574016510
9.046596,492,1574016510
8.525649,493,1574016510
8.119424,494,1574016510
8.10138,495,1574016510
8.365632,496,1574016510
8.723557,497,1574016510
9.056825,498,1574016510
9.358872,499,1574016510
9.646,500,1574016510
10.03851,501,1574016510
10.567994,502,1574016510
10.975303,503,1574016510
11.084713,504,1574016510
10.9821415,505,1574016510
10.974782,506,1574016510
11.200654,507,1574016510
11.332511,508,1574016510
11.070726,509,1574016510
10.474874,510,1574016510
9.832991,511,1574016510
9.528261,512,1574016510
9.658449,513,1574016510
9.7946825,514,1574016510
9.626899,515,1574016510
9.151259,516,1574016510
8.686471,517,1574016510
8.460209,518,1574016510
8.543518,519,1574016510
8.643686,520,1574016510
8.573463,521,1574016510
8.479459,522,1574016510
8.532581,523,1574016510
8.775235,524,1574016510
9.183878,525,1574016510
9.777507,526,1574016510
10.364458,527,1574016511
10.609922,528,1574016511
10.454348,529,1574016511
10.351915,530,1574016511
10.812495,531,1574016511
11.736892,532,1574016511
12.4146385,533,1574016511
12.262998,534,1574016511
11.411451,535,1574016511
10.3466625,536,1574016511
9.443596,537,1574016511
8.894007,538,1574016511
8.828786,539,1574016511
9.016031,540,1574016511
8.951784,541,1574016511
8.613561,542,1574016511
8.258707,543,1574016511
8.163966,544,1574016511
8.250021,545,1574016511
8.36292,546,1574016511
8.54326,547,1574016511
8.911149,548,1574016511
9.377366,549,1574016511
9.773322,550,1574016511
10.121691,551,1574016511
10.397514,552,1574016511
10.467816,553,1574016511
10.423982,554,1574016511
10.764322,555,1574016511
11.238188,556,1574016511
11.550722,557,1574016511
11.278334,558,1574016511
10.924434,559,1574016511
10.352093,560,1574016511
9.80372,561,1574016511
9.354009,562,1574016511
9.183381,563,1574016511
9.269062,564,1574016511
9.292593,565,1574016511
9.222835,566,1574016511
9.096636,567,1574016511
8.898473,568,1574016511
8.845768,569,1574016511
9.138311,570,1574016511
9.515999,571,1574016511
9.746323,572,1574016511
9.760595,573,1574016511
9.657091,574,1574016511
9.617384,575,1574016511
9.69575,576,1574016511
9.804412,577,1574016512
9.814727,578,1574016512
9.758816,579,1574016512
9.817993,580,1574016512
10.076505,581,1574016512
10.4365425,582,1574016512
10.676687,583,1574016512
10.689717,584,1574016512
10.439173,585,1574016512
10.03571,586,1574016512
9.707193,587,1574016512
9.543022,588,1574016512
9.528043,589,1574016512
9.4835,590,1574016512
9.248189,591,1574016512
9.016844,592,1574016512
9.019472,593,1574016512
9.123091,594,1574016512
9.108302,595,1574016512
9.091683,596,1574016512
9.200972,597,1574016512
9.339159,598,1574016512
9.433428,599,1574016512
9.529432,600,1574016512
9.775746,601,1574016512
9.997697,602,1574016512
10.038786,603,1574016512
10.106615,604,1574016512
10.4587145,605,1574016512
10.938157,606,1574016512
11.146455,607,1574016512
10.933851,608,1574016512
10.501363,609,1574016512
10.080194,610,1574016512
9.972624,611,1574016512
10.157112,612,1574016512
10.230005,613,1574016512
10.012507,614,1574016512
9.573233,615,1574016512
9.121254,616,1574016512
8.842511,617,1574016512
8.691822,618,1574016512
8.548288,619,1574016512
8.535454,620,1574016512
8.784238,621,1574016512
8.996195,622,1574016512
9.112608,623,1574016512
9.320659,624,1574016512
9.73514,625,1574016512
10.049486,626,1574016512
10.227223,627,1574016513
10.492954,628,1574016513
10.939212,629,1574016513
11.358947,630,1574016513
11.469201,631,1574016513
11.492759,632,1574016513
11.389502,633,1574016513
10.856786,634,1574016513
9.897184,635,1574016513
9.399571,636,1574016513
9.505219,637,1574016513
9.488703,638,1574016513
9.231761,639,1574016513
9.024771,640,1574016513
8.810335,641,1574016513
8.734077,642,1574016513
8.893817,643,1574016513
8.906686,644,1574016513
8.836536,645,1574016513
8.768445,646,1574016513
8.815965,647,1574016513
9.098667,648,1574016513
9.458905,649,1574016513
9.732731,650,1574016513
9.899597,651,1574016513
10.1915865,652,1574016513
10.948072,653,1574016513
11.880788,654,1574016513
12.423933,655,1574016513
12.203395,656,1574016513
11.374783,657,1574016513
10.373352,658,1574016513
9.676596,659,1574016513
9.443367,660,1574016513
9.453107,661,1574016513
9.468561,662,1574016513
9.3597765,663,1574016513
9.082651,664,1574016513
8.743635,665,1574016513
8.405864,666,1574016513
8.177782,667,1574016513
8.216542,668,1574016513
8.371571,669,1574016513
8.481708,670,1574016513
8.601897,671,1574016513
9.010733,672,1574016513
9.685918,673,1574016513
10.314652,674,1574016513
10.5763035,675,1574016513
10.597441,676,1574016513
10.895909,677,1574016514
11.59054,678,1574016514
12.208491,679,1574016514
12.216829,680,1574016514
11.547859,681,1574016514
10.670789,682,1574016514
10.0610695,683,1574016514
9.79404,684,1574016514
9.721676,685,1574016514
9.579508,686,1574016514
9.153569,687,1574016514
8.588721,688,1574016514
8.217767,689,1574016514
8.262895,690,1574016514
8.503462,691,1574016514
8.490016,692,1574016514
8.345663,693,1574016514
8.395857,694,1574016514
8.833452,695,1574016514
9.624537,696,1574016514
10.366103,697,1574016514
10.827196,698,1574016514
10.884346,699,1574016514
10.668619,700,1574016514
10.8604355,701,1574016514
11.49129,702,1574016514
11.881533,703,1574016514
11.474507,704,1574016514
10.54076,705,1574016514
9.60127,706,1574016514
9.043608,707,1574016514
8.998747,708,1574016514
9.277455,709,1574016514
9.50569,710,1574016514
9.480461,711,1574016514
9.244321,712,1574016514
8.973047,713,1574016514
8.809181,714,1574016514
8.821261,715,1574016514
8.927172,716,1574016514
8.963536,717,1574016514
8.916014,718,1574016514
8.95461,719,1574016514
9.108069,720,1574016514
9.442965,721,1574016514
10.001058,722,1574016514
10.38672,723,1574016514
10.398368,724,1574016514
10.468978,725,1574016514
10.974618,726,1574016514
11.800032,727,1574016514
12.268349,728,1574016515
11.88739,729,1574016515
11.002271,730,1574016515
10.17638,731,1574016515
9.729709,732,1574016515
9.696069,733,1574016515
9.790302,734,1574016515
9.706235,735,1574016515
9.416798,736,1574016515
8.928592,737,1574016515
8.583996,738,1574016515
8.579343,739,1574016515
8.754706,740,1574016515
8.796355,741,1574016515
8.671179,742,1574016515
8.651003,743,1574016515
8.835017,744,1574016515
9.312151,745,1574016515
10.062566,746,1574016515
10.697852,747,1574016515
10.880947,748,1574016515
10.670688,749,1574016515
10.524029,750,1574016515
10.734228,751,1574016515
11.080996,752,1574016515
11.166392,753,1574016515
10.766405,754,1574016515
10.048979,755,1574016515
9.440559,756,1574016515
9.384302,757,1574016515
9.886131,758,1574016515
10.1463375,759,1574016515
9.985316,760,1574016515
9.463851,761,1574016515
8.992568,762,1574016515
8.936846,763,1574016515
9.172389,764,1574016515
9.275112,765,1574016515
9.175329,766,1574016515
9.033732,767,1574016515
9.05166,768,1574016515
9.322181,769,1574016515
9.658785,770,1574016515
9.872045,771,1574016515
10.017274,772,1574016515
10.04104,773,1574016515
10.018394,774,1574016515
10.373294,775,1574016515
11.143716,776,1574016515
11.849598,777,1574016515
11.788458,778,1574016515
10.967176,779,1574016516
10.00992,780,1574016516
9.474916,781,1574016516
9.455843,782,1574016516
9.634035,783,1574016516
9.620006,784,1574016516
9.285567,785,1574016516
8.90884,786,1574016516
8.764997,787,1574016516
8.833796,788,1574016516
8.978859,789,1574016516
9.042236,790,1574016516
8.940188,791,1574016516
8.904998,792,1574016516
9.088012,793,1574016516
9.473367,794,1574016516
9.836237,795,1574016516
10.124617,796,1574016516
10.175758,797,1574016516
10.168307,798,1574016516
10.7594595,799,1574016516
11.733727,800,1574016516
12.226795,801,1574016516
11.90299,802,1574016516
11.020497,803,1574016516
10.045393,804,1574016516
9.451579,805,1574016516
9.445791,806,1574016516
9.805079,807,1574016516
10.068569,808,1574016516
9.833081,809,1574016516
9.285081,810,1574016516
8.756181,811,1574016516
8.530341,812,1574016516
8.487097,813,1574016516
8.408449,814,1574016516
8.305788,815,1574016516
8.265318,816,1574016516
8.392393,817,1574016516
8.936503,818,1574016516
9.734753,819,1574016516
10.30823,820,1574016516
10.374361,821,1574016516
10.2165785,822,1574016516
10.485872,823,1574016516
11.322844,824,1574016516
12.089147,825,1574016516
11.841712,826,1574016516
10.672197,827,1574016516
9.603948,828,1574016516
9.1736,829,1574016517
9.447025,830,1574016517
9.658585,831,1574016517
9.557287,832,1574016517
9.408254,833,1574016517
9.32494,834,1574016517
9.111285,835,1574016517
8.920248,836,1574016517
8.934056,837,1574016517
9.224745,838,1574016517
9.75753,839,1574016517
10.159335,840,1574016517
10.226516,841,1574016517
10.178747,842,1574016517
10.253059,843,1574016517
10.505481,844,1574016517
10.635113,845,1574016517
10.496527,846,1574016517
10.415825,847,1574016517
10.616541,848,1574016517
10.955241,849,1574016517
11.127081,850,1574016517
10.906383,851,1574016517
10.513866,852,1574016517
10.194107,853,1574016517
9.856897,854,1574016517
9.551216,855,1574016517
9.301404,856,1574016517
9.025419,857,1574016517
8.725142,858,1574016517
8.408305,859,1574016517
8.100729,860,1574016517
7.9384627,861,1574016517
8.087337,862,1574016517
8.376904,863,1574016517
8.553488,864,1574016517
8.684221,865,1574016517
8.872127,866,1574016517
9.151259,867,1574016517
9.424844,868,1574016517
9.720804,869,1574016517
9.978642,870,1574016517
10.130326,871,1574016517
10.321583,872,1574016517
10.772428,873,1574016517
11.264304,874,1574016517
11.402584,875,1574016517
11.088956,876,1574016517
10.47605,877,1574016517
9.860269,878,1574016517
9.4907055,879,1574016518
9.322905,880,1574016518
9.240379,881,1574016518
9.146585,882,1574016518
9.044258,883,1574016518
8.97724,884,1574016518
9.02083,885,1574016518
9.141893,886,1574016518
9.297163,887,1574016518
9.422335,888,1574016518
9.430534,889,1574016518
9.360479,890,1574016518
9.382967,891,1574016518
9.557536,892,1574016518
9.810678,893,1574016518
10.121888,894,1574016518
10.437895,895,1574016518
10.482884,896,1574016518
10.4906225,897,1574016518
10.733361,898,1574016518
11.317808,899,1574016518
11.690074,900,1574016518
11.488936,901,1574016518
10.908563,902,1574016518
10.388719,903,1574016518
10.045145,904,1574016518
9.767415,905,1574016518
9.555765,906,1574016518
9.34287,907,1574016518
9.103123,908,1574016518
8.839978,909,1574016518
8.608872,910,1574016518
8.597807,911,1574016518
8.768519,912,1574016518
9.042995,913,1574016518
9.25683,914,1574016518
9.257909,915,1574016518
9.15247,916,1574016518
9.096848,917,1574016518
9.223776,918,1574016518
9.517812,919,1574016518
9.946491,920,1574016518
10.199893,921,1574016518
10.213952,922,1574016518
10.147147,923,1574016518
10.236398,924,1574016518
10.460547,925,1574016518
10.615447,926,1574016518
10.629714,927,1574016518
10.444802,928,1574016518
10.092887,929,1574016519
9.791723,930,1574016519
9.658531,931,1574016519
9.639127,932,1574016519
9.610193,933,1574016519
9.463026,934,1574016519
9.28113,935,1574016519
9.236168,936,1574016519
9.276334,937,1574016519
9.230417,938,1574016519
9.165911,939,1574016519
9.496419,940,1574016519
10.247328,941,1574016519
10.283983,942,1574016519
9.950346,943,1574016519
10.129234,944,1574016519
10.348004,945,1574016519
10.254389,946,1574016519
10.030577,947,1574016519
9.740916,948,1574016519
9.608306,949,1574016519
9.716262,950,1574016519
10.128716,951,1574016519
10.629624,952,1574016519
10.603705,953,1574016519
10.172125,954,1574016519
9.589357,955,1574016519
9.112608,956,1574016519
9.116194,957,1574016519
9.510756,958,1574016519
9.708611,959,1574016519
9.590124,960,1574016519
9.304277,961,1574016519
9.061714,962,1574016519
9.009878,963,1574016519
9.135527,964,1574016519
9.185765,965,1574016519
9.102418,966,1574016519
9.132944,967,1574016519
9.318733,968,1574016519
9.5186,969,1574016519
9.814484,970,1574016519
10.084231,971,1574016519
10.150152,972,1574016519
10.180385,973,1574016519
10.487084,974,1574016519
11.136585,975,1574016519
11.547012,976,1574016519
11.232748,977,1574016519
10.532186,978,1574016519
9.857771,979,1574016520
9.522227,980,1574016520
9.562643,981,1574016520
9.674464,982,1574016520
9.651873,983,1574016520
9.415926,984,1574016520
9.125175,985,1574016520
9.00271,986,1574016520
8.952141,987,1574016520
8.896841,988,1574016520
8.727626,989,1574016520
8.501272,990,1574016520
8.497362,991,1574016520
8.740837,992,1574016520
9.146304,993,1574016520
9.55208,994,1574016520
9.904955,995,1574016520
10.253813,996,1574016520
10.4452715,997,1574016520
10.470109,998,1574016520
10.711683,999,1574016520
11.336855,1000,1574016520
11.910255,1001,1574016520
11.803467,1002,1574016520
11.012225,1003,1574016520
10.088573,1004,1574016520
9.499051,1005,1574016520
9.483768,1006,1574016520
9.830673,1007,1574016520
9.998062,1008,1574016520
9.725919,1009,1574016520
9.185945,1010,1574016520
8.773597,1011,1574016520
8.737725,1012,1574016520
8.850287,1013,1574016520
8.854626,1014,1574016520
8.734555,1015,1574016520
8.593965,1016,1574016520
8.703196,1017,1574016520
9.048198,1018,1574016520
9.412304,1019,1574016520
9.739502,1020,1574016520
10.135336,1021,1574016520
10.356715,1022,1574016520
10.485933,1023,1574016520
10.924977,1024,1574016520
11.718659,1025,1574016520
12.328226,1026,1574016520
12.202486,1027,1574016520
11.3654375,1028,1574016520
10.278251,1029,1574016521
9.365404,1030,1574016521
8.942543,1031,1574016521
9.080221,1032,1574016521
9.413023,1033,1574016521
9.408241,1034,1574016521
9.043851,1035,1574016521
8.659443,1036,1574016521
8.553986,1037,1574016521
8.596994,1038,1574016521
8.621821,1039,1574016521
8.630672,1040,1574016521
8.699045,1041,1574016521
8.844722,1042,1574016521
9.121197,1043,1574016521
9.530081,1044,1574016521
9.963011,1045,1574016521
10.328987,1046,1574016521
10.472849,1047,1574016521
10.377729,1048,1574016521
10.5084915,1049,1574016521
11.184357,1050,1574016521
11.995117,1051,1574016521
12.275497,1052,1574016521
11.680506,1053,1574016521
10.627986,1054,1574016521
9.742876,1055,1574016521
9.354652,1056,1574016521
9.389318,1057,1574016521
9.608586,1058,1574016521
9.785438,1059,1574016521
9.699471,1060,1574016521
9.361109,1061,1574016521
8.924742,1062,1574016521
8.64077,1063,1574016521
8.581186,1064,1574016521
8.592897,1065,1574016521
8.544805,1066,1574016521
8.479035,1067,1574016521
8.517399,1068,1574016521
8.77171,1069,1574016521
9.171482,1070,1574016521
9.586591,1071,1574016521
10.001993,1072,1574016521
10.337191,1073,1574016521
10.623543,1074,1574016521
11.192602,1075,1574016521
12.187502,1076,1574016521
13.0308275,1077,1574016521
13.0092535,1078,1574016521
12.131997,1079,1574016522
10.912088,1080,1574016522
9.821718,1081,1574016522
9.154844,1082,1574016522
9.015431,1083,1574016522
9.15098,1084,1574016522
9.024309,1085,1574016522
8.593532,1086,1574016522
8.221615,1087,1574016522
8.212344,1088,1574016522
8.37731,1089,1574016522
8.492043,1090,1574016522
8.594363,1091,1574016522
8.778692,1092,1574016522
9.090877,1093,1574016522
9.445013,1094,1574016522
9.71635,1095,1574016522
9.997585,1096,1574016522
10.2996645,1097,1574016522
10.442209,1098,1574016522
10.3747635,1099,1574016522
10.429026,1100,1574016522
10.926854,1101,1574016522
11.613859,1102,1574016522
11.793318,1103,1574016522
11.1377,1104,1574016522
10.07978,1105,1574016522
9.328732,1106,1574016522
9.112402,1107,1574016522
9.440684,1108,1574016522
10.010247,1109,1574016522
10.201099,1110,1574016522
9.906543,1111,1574016522
9.406099,1112,1574016522
9.074217,1113,1574016522
9.026106,1114,1574016522
9.082906,1115,1574016522
9.102967,1116,1574016522
8.973929,1117,1574016522
8.865432,1118,1574016522
8.9859705,1119,1574016522
9.227012,1120,1574016522
9.40931,1121,1574016522
9.499604,1122,1574016522
9.642228,1123,1574016522
9.828154,1124,1574016522
9.974022,1125,1574016522
10.301883,1126,1574016522
11.010451,1127,1574016522
12.0269375,1128,1574016522
12.585383,1129,1574016523
12.193691,1130,1574016523
11.135739,1131,1574016523
10.131361,1132,1574016523
9.614683,1133,1574016523
9.662944,1134,1574016523
9.971139,1135,1574016523
9.925126,1136,1574016523
9.509553,1137,1574016523
9.054987,1138,1574016523
8.825411,1139,1574016523
8.85244,1140,1574016523
8.950198,1141,1574016523
8.995367,1142,1574016523
9.038203,1143,1574016523
9.128017,1144,1574016523
9.256372,1145,1574016523
9.405504,1146,1574016523
9.5659895,1147,1574016523
9.737474,1148,1574016523
9.884239,1149,1574016523
9.951853,1150,1574016523
9.924062,1151,1574016523
9.760569,1152,1574016523
9.703517,1153,1574016523
9.938476,1154,1574016523
10.310317,1155,1574016523
10.614495,1156,1574016523
10.841557,1157,1574016523
11.005011,1158,1574016523
11.004091,1159,1574016523
10.843425,1160,1574016523
10.555917,1161,1574016523
10.281855,1162,1574016523
10.117671,1163,1574016523
9.946102,1164,1574016523
9.687701,1165,1574016523
9.458953,1166,1574016523
9.415777,1167,1574016523
9.556972,1168,1574016523
9.754202,1169,1574016523
9.929225,1170,1574016523
10.038598,1171,1574016523
10.145249,1172,1574016523
10.241584,1173,1574016523
10.285131,1174,1574016523
10.284056,1175,1574016523
10.256383,1176,1574016523
10.273988,1177,1574016523
10.427415,1178,1574016523
10.641615,1179,1574016524
10.77754,1180,1574016524
10.762739,1181,1574016524
10.629753,1182,1574016524
10.471649,1183,1574016524
10.335111,1184,1574016524
10.223484,1185,1574016524
10.094919,1186,1574016524
9.986799,1187,1574016524
9.949623,1188,1574016524
9.980215,1189,1574016524
10.0444355,1190,1574016524
10.087191,1191,1574016524
10.194658,1192,1574016524
10.3845415,1193,1574016524
10.5532055,1194,1574016524
10.552626,1195,1574016524
10.317052,1196,1574016524
9.9499855,1197,1574016524
9.629995,1198,1574016524
9.528669,1199,1574016524
9.71049,1200,1574016524
10.014443,1201,1574016524
10.218821,1202,1574016524
10.203237,1203,1574016524
10.038019,1204,1574016524
9.82971,1205,1574016524
9.661626,1206,1574016524
9.563551,1207,1574016524
9.502327,1208,1574016524
9.44042,1209,1574016524
9.416753,1210,1574016524
9.512739,1211,1574016524
9.682424,1212,1574016524
9.719053,1213,1574016524
9.789537,1214,1574016524
9.975209,1215,1574016524
10.144815,1216,1574016524
10.282417,1217,1574016524
10.41213,1218,1574016524
10.480467,1219,1574016524
10.360838,1220,1574016524
10.149257,1221,1574016524
10.166259,1222,1574016524
10.471953,1223,1574016524
10.991363,1224,1574016524
11.146401,1225,1574016524
10.511473,1226,1574016524
9.573051,1227,1574016524
8.943939,1228,1574016524
8.822284,1229,1574016525
9.05967,1230,1574016525
9.391794,1231,1574016525
9.6483965,1232,1574016525
9.789515,1233,1574016525
9.737208,1234,1574016525
9.401834,1235,1574016525
9.001853,1236,1574016525
8.830789,1237,1574016525
8.895051,1238,1574016525
8.985724,1239,1574016525
9.004152,1240,1574016525
9.14579,1241,1574016525
9.453031,1242,1574016525
9.608799,1243,1574016525
9.575397,1244,1574016525
9.553942,1245,1574016525
9.68043,1246,1574016525
9.876913,1247,1574016525
10.195467,1248,1574016525
10.736656,1249,1574016525
11.491867,1250,1574016525
12.165466,1251,1574016525
12.187201,1252,1574016525
11.536604,1253,1574016525
10.64742,1254,1574016525
9.787153,1255,1574016525
9.182737,1256,1574016525
9.046364,1257,1574016525
9.285861,1258,1574016525
9.456389,1259,1574016525
9.251879,1260,1574016525
8.865608,1261,1574016525
8.661939,1262,1574016525
8.71879,1263,1574016525
8.8734455,1264,1574016525
8.86118,1265,1574016525
8.820243,1266,1574016525
8.906246,1267,1574016525
9.142642,1268,1574016525
9.5707,1269,1574016525
10.09654,1270,1574016525
10.521525,1271,1574016525
10.626403,1272,1574016525
10.580059,1273,1574016525
10.877215,1274,1574016525
11.6268215,1275,1574016525
12.370634,1276,1574016525
12.285253,1277,1574016525
11.375627,1278,1574016525
10.196857,1279,1574016526
9.287839,1280,1574016526
8.925981,1281,1574016526
8.987003,1282,1574016526
9.231668,1283,1574016526
9.259328,1284,1574016526
8.917057,1285,1574016526
8.486181,1286,1574016526
8.306682,1287,1574016526
8.506411,1288,1574016526
8.765312,1289,1574016526
8.924072,1290,1574016526
8.981168,1291,1574016526
8.993326,1292,1574016526
9.143831,1293,1574016526
9.451464,1294,1574016526
9.836433,1295,1574016526
10.139621,1296,1574016526
10.239473,1297,1574016526
10.546806,1298,1574016526
11.299765,1299,1574016526
12.19087,1300,1574016526
12.489079,1301,1574016526
11.83126,1302,1574016526
10.691131,1303,1574016526
9.746944,1304,1574016526
9.478098,1305,1574016526
9.733721,1306,1574016526
10.018184,1307,1574016526
9.844008,1308,1574016526
9.259826,1309,1574016526
8.710598,1310,1574016526
8.4809475,1311,1574016526
8.549574,1312,1574016526
8.707906,1313,1574016526
8.851332,1314,1574016526
9.057051,1315,1574016526
9.333674,1316,1574016526
9.635418,1317,1574016526
9.960132,1318,1574016526
10.308969,1319,1574016526
10.564094,1320,1574016526
10.478975,1321,1574016526
10.490847,1322,1574016526
11.131456,1323,1574016526
12.0093,1324,1574016526
12.291632,1325,1574016526
11.586153,1326,1574016526
10.406459,1327,1574016526
9.5058,1328,1574016526
9.186061,1329,1574016527
9.298018,1330,1574016527
9.546081,1331,1574016527
9.532885,1332,1574016527
9.238375,1333,1574016527
8.826076,1334,1574016527
8.51108,1335,1574016527
8.406566,1336,1574016527
8.38233,1337,1574016527
8.435246,1338,1574016527
8.632725,1339,1574016527
8.896051,1340,1574016527
9.229296,1341,1574016527
9.549044,1342,1574016527
9.828303,1343,1574016527
10.11492,1344,1574016527
10.318355,1345,1574016527
10.537127,1346,1574016527
11.074626,1347,1574016527
11.943725,1348,1574016527
12.605004,1349,1574016527
12.466526,1350,1574016527
11.610666,1351,1574016527
10.608507,1352,1574016527
9.899675,1353,1574016527
9.6098585,1354,1574016527
9.619821,1355,1574016527
9.543034,1356,1574016527
9.076983,1357,1574016527
8.478609,1358,1574016527
8.1229725,1359,1574016527
8.069743,1360,1574016527
8.1507015,1361,1574016527
8.246114,1362,1574016527
8.49387,1363,1574016527
8.923352,1364,1574016527
9.41059,1365,1574016527
9.891359,1366,1574016527
10.324339,1367,1574016527
10.723396,1368,1574016527
10.975604,1369,1574016527
11.159173,1370,1574016527
11.63595,1371,1574016527
12.269243,1372,1574016527
12.354017,1373,1574016527
11.637019,1374,1574016527
10.542919,1375,1574016527
9.555112,1376,1574016527
9.119208,1377,1574016527
9.200484,1378,1574016527
9.461831,1379,1574016527
9.426218,1380,1574016527
9.037163,1381,1574016528
8.50709,1382,1574016528
8.047597,1383,1574016528
7.942884,1384,1574016528
8.235004,1385,1574016528
8.674601,1386,1574016528
9.021013,1387,1574016528
9.190404,1388,1574016528
9.463343,1389,1574016528
9.985277,1390,1574016528
10.568983,1391,1574016528
10.911928,1392,1574016528
10.878389,1393,1574016528
10.9051895,1394,1574016528
11.407865,1395,1574016528
12.031229,1396,1574016528
12.253151,1397,1574016528
11.722961,1398,1574016528
10.682541,1399,1574016528
9.676865,1400,1574016528
9.059552,1401,1574016528
8.977024,1402,1574016528
9.238528,1403,1574016528
9.38644,1404,1574016528
9.091532,1405,1574016528
8.551064,1406,1574016528
8.175669,1407,1574016528
8.169841,1408,1574016528
8.408907,1409,1574016528
8.702632,1410,1574016528
8.931387,1411,1574016528
9.087578,1412,1574016528
9.25802,1413,1574016528
9.656776,1414,1574016528
10.358377,1415,1574016528
11.036974,1416,1574016528
11.205397,1417,1574016528
11.180681,1418,1574016528
11.432411,1419,1574016528
11.95845,1420,1574016528
12.190616,1421,1574016528
11.633669,1422,1574016528
10.572322,1423,1574016528
9.59779,1424,1574016528
9.071469,1425,1574016528
9.087595,1426,1574016528
9.443822,1427,1574016528
9.663682,1428,1574016528
9.403825,1429,1574016528
8.837287,1430,1574016528
8.377834,1431,1574016529
8.297577,1432,1574016529
8.506787,1433,1574016529
8.7297,1434,1574016529
8.817531,1435,1574016529
8.919399,1436,1574016529
9.14646,1437,1574016529
9.596739,1438,1574016529
10.09774,1439,1574016529
10.379788,1440,1574016529
10.34015,1441,1574016529
10.318015,1442,1574016529
10.738928,1443,1574016529
11.548271,1444,1574016529
12.13302,1445,1574016529
11.814562,1446,1574016529
10.873616,1447,1574016529
9.957575,1448,1574016529
9.441179,1449,1574016529
9.405388,1450,1574016529
9.586008,1451,1574016529
9.512632,1452,1574016529
9.0052595,1453,1574016529
8.405908,1454,1574016529
8.108387,1455,1574016529
8.27547,1456,1574016529
8.593011,1457,1574016529
8.774738,1458,1574016529
8.798495,1459,1574016529
8.911352,1460,1574016529
9.218554,1461,1574016529
9.709002,1462,1574016529
10.286672,1463,1574016529
10.714332,1464,1574016529
10.886471,1465,1574016529
10.936075,1466,1574016529
11.31765,1467,1574016529
12.068232,1468,1574016529
12.489131,1469,1574016529
11.961544,1470,1574016529
10.786737,1471,1574016529
9.635725,1472,1574016529
9.087932,1473,1574016529
9.277456,1474,1574016529
9.784376,1475,1574016529
9.9696455,1476,1574016529
9.637585,1477,1574016529
9.123416,1478,1574016529
8.771456,1479,1574016529
8.723564,1480,1574016529
8.82124,1481,1574016530
8.84192,1482,1574016530
8.851762,1483,1574016530
8.887406,1484,1574016530
9.04856,1485,1574016530
9.419778,1486,1574016530
10.024168,1487,1574016530
10.609673,1488,1574016530
10.817108,1489,1574016530
10.906921,1490,1574016530
11.274216,1491,1574016530
11.844342,1492,1574016530
12.173072,1493,1574016530
11.854265,1494,1574016530
11.049031,1495,1574016530
10.200379,1496,1574016530
9.56168,1497,1574016530
9.316956,1498,1574016530
9.365387,1499,1574016530
9.229355,1500,1574016530
8.769537,1501,1574016530
8.25085,1502,1574016530
7.937893,1503,1574016530
7.9848876,1504,1574016530
8.25041,1505,1574016530
8.389089,1506,1574016530
8.379841,1507,1574016530
8.5965395,1508,1574016530
9.14914,1509,1574016530
9.788026,1510,1574016530
10.256037,1511,1574016530
10.685512,1512,1574016530
10.95631,1513,1574016530
11.067602,1514,1574016530
11.42383,1515,1574016530
12.057887,1516,1574016530
12.481813,1517,1574016530
12.12137,1518,1574016530
11.115712,1519,1574016530
10.033457,1520,1574016530
9.310347,1521,1574016530
9.117327,1522,1574016530
9.304802,1523,1574016530
9.557734,1524,1574016530
9.510124,1525,1574016530
9.129187,1526,1574016530
8.727712,1527,1574016530
8.554493,1528,1574016530
8.593567,1529,1574016530
8.783801,1530,1574016530
8.949398,1531,1574016531
9.02106,1532,1574016531
9.132021,1533,1574016531
9.395567,1534,1574016531
9.676793,1535,1574016531
9.929069,1536,1574016531
10.0854,1537,1574016531
10.093149,1538,1574016531
10.276998,1539,1574016531
10.915846,1540,1574016531
11.813826,1541,1574016531
12.177388,1542,1574016531
11.624521,1543,1574016531
10.617678,1544,1574016531
9.708773,1545,1574016531
9.324498,1546,1574016531
9.454258,1547,1574016531
9.720874,1548,1574016531
9.5927515,1549,1574016531
9.163685,1550,1574016531
8.725143,1551,1574016531
8.499286,1552,1574016531
8.437832,1553,1574016531
8.504547,1554,1574016531
8.612509,1555,1574016531
8.661528,1556,1574016531
8.656691,1557,1574016531
8.769178,1558,1574016531
9.153654,1559,1574016531
9.714064,1560,1574016531
10.240443,1561,1574016531
10.47001,1562,1574016531
10.723097,1563,1574016531
11.458992,1564,1574016531
12.31586,1565,1574016531
12.330499,1566,1574016531
11.468327,1567,1574016531
10.344281,1568,1574016531
9.551347,1569,1574016531
9.545716,1570,1574016531
9.979829,1571,1574016531
10.124571,1572,1574016531
9.682994,1573,1574016531
9.007952,1574,1574016531
8.45403,1575,1574016531
8.316395,1576,1574016531
8.528067,1577,1574016531
8.727092,1578,1574016531
8.797247,1579,1574016531
8.809797,1580,1574016531
8.873469,1581,1574016532
9.108758,1582,1574016532
9.468415,1583,1574016532
9.808814,1584,1574016532
10.122793,1585,1574016532
10.28491,1586,1574016532
10.492177,1587,1574016532
11.053034,1588,1574016532
11.935549,1589,1574016532
12.485456,1590,1574016532
12.095552,1591,1574016532
10.989714,1592,1574016532
9.808162,1593,1574016532
9.120055,1594,1574016532
9.114492,1595,1574016532
9.448103,1596,1574016532
9.52968,1597,1574016532
9.183617,1598,1574016532
8.689374,1599,1574016532
8.409858,1600,1574016532
8.484084,1601,1574016532
8.6282215,1602,1574016532
8.628609,1603,1574016532
8.556613,1604,1574016532
8.608193,1605,1574016532
8.938676,1606,1574016532
9.448707,1607,1574016532
9.894082,1608,1574016532
10.162275,1609,1574016532
10.229347,1610,1574016532
10.570788,1611,1574016532
11.44776,1612,1574016532
12.367686,1613,1574016532
12.405956,1614,1574016532
11.513849,1615,1574016532
10.41757,1616,1574016532
9.685634,1617,1574016532
9.44916,1618,1574016532
9.509935,1619,1574016532
9.568611,1620,1574016532
9.433594,1621,1574016532
9.109622,1622,1574016532
8.800646,1623,1574016532
8.787138,1624,1574016532
9.052144,1625,1574016532
9.268937,1626,1574016532
9.216358,1627,1574016532
8.952115,1628,1574016532
8.796744,1629,1574016532
9.034929,1630,1574016532
9.575987,1631,1574016533
10.138121,1632,1574016533
10.334523,1633,1574016533
10.254139,1634,1574016533
10.484797,1635,1574016533
11.241539,1636,1574016533
12.027453,1637,1574016533
12.007836,1638,1574016533
11.184818,1639,1574016533
10.152908,1640,1574016533
9.476779,1641,1574016533
9.383111,1642,1574016533
9.583509,1643,1574016533
9.552294,1644,1574016533
9.105461,1645,1574016533
8.585669,1646,1574016533
8.290022,1647,1574016533
8.276647,1648,1574016533
8.366981,1649,1574016533
8.383703,1650,1574016533
8.3808,1651,1574016533
8.484779,1652,1574016533
8.823187,1653,1574016533
9.353444,1654,1574016533
9.976847,1655,1574016533
10.487541,1656,1574016533
10.640872,1657,1574016533
10.569607,1658,1574016533
10.814743,1659,1574016533
11.516027,1660,1574016533
12.120152,1661,1574016533
11.902909,1662,1574016533
11.035755,1663,1574016533
10.064783,1664,1574016533
9.562859,1665,1574016533
9.6550045,1666,1574016533
9.982027,1667,1574016533
10.024816,1668,1574016533
9.585951,1669,1574016533
9.044279,1670,1574016533
8.702403,1671,1574016533
8.693701,1672,1574016533
8.804533,1673,1574016533
8.838133,1674,1574016533
8.8238325,1675,1574016533
8.906243,1676,1574016533
9.145512,1677,1574016533
9.436048,1678,1574016533
9.693854,1679,1574016533
9.934096,1680,1574016533
10.086547,1681,1574016534
10.11657,1682,1574016534
10.509775,1683,1574016534
11.462153,1684,1574016534
12.596597,1685,1574016534
12.956358,1686,1574016534
12.247218,1687,1574016534
11.038741,1688,1574016534
9.943151,1689,1574016534
9.338182,1690,1574016534
9.190831,1691,1574016534
9.180689,1692,1574016534
8.977208,1693,1574016534
8.592722,1694,1574016534
8.285133,1695,1574016534
8.195642,1696,1574016534
8.219337,1697,1574016534
8.235901,1698,1574016534
8.312836,1699,1574016534
8.564962,1700,1574016534
8.944792,1701,1574016534
9.412898,1702,1574016534
9.877407,1703,1574016534
10.226028,1704,1574016534
10.593512,1705,1574016534
10.854937,1706,1574016534
10.843809,1707,1574016534
11.142802,1708,1574016534
11.828756,1709,1574016534
12.181673,1710,1574016534
11.699297,1711,1574016534
10.715324,1712,1574016534
9.603495,1713,1574016534
8.875877,1714,1574016534
8.757779,1715,1574016534
9.093299,1716,1574016534
9.482863,1717,1574016534
9.449749,1718,1574016534
9.031568,1719,1574016534
8.66063,1720,1574016534
8.606172,1721,1574016534
8.80059,1722,1574016534
9.000176,1723,1574016534
9.012842,1724,1574016534
8.921941,1725,1574016534
8.989038,1726,1574016534
9.363063,1727,1574016534
9.876324,1728,1574016534
10.263471,1729,1574016534
10.320359,1730,1574016534
10.319901,1731,1574016535
10.86254,1732,1574016535
11.891372,1733,1574016535
12.660806,1734,1574016535
12.400074,1735,1574016535
11.370279,1736,1574016535
10.174385,1737,1574016535
9.250708,1738,1574016535
8.958046,1739,1574016535
9.100284,1740,1574016535
9.096279,1741,1574016535
8.677444,1742,1574016535
8.14653,1743,1574016535
7.924347,1744,1574016535
8.092804,1745,1574016535
8.464594,1746,1574016535
8.744789,1747,1574016535
8.87557,1748,1574016535
8.999349,1749,1574016535
9.243461,1750,1574016535
9.6164,1751,1574016535
10.135017,1752,1574016535
10.673932,1753,1574016535
10.881922,1754,1574016535
10.766279,1755,1574016535
10.873919,1756,1574016535
11.453715,1757,1574016535
11.970705,1758,1574016535
11.785747,1759,1574016535
10.9109,1760,1574016535
9.878229,1761,1574016535
9.248894,1762,1574016535
9.09498,1763,1574016535
9.2495775,1764,1574016535
9.5652685,1765,1574016535
9.708166,1766,1574016535
9.458568,1767,1574016535
8.903109,1768,1574016535
8.455391,1769,1574016535
8.490344,1770,1574016535
8.816146,1771,1574016535
9.123714,1772,1574016535
9.270648,1773,1574016535
9.383886,1774,1574016535
9.549174,1775,1574016535
9.694815,1776,1574016535
9.891771,1777,1574016535
10.110628,1778,1574016535
10.222506,1779,1574016535
10.398198,1780,1574016535
11.041535,1781,1574016536
11.911027,1782,1574016536
12.224982,1783,1574016536
11.666909,1784,1574016536
10.730595,1785,1574016536
9.947546,1786,1574016536
9.617989,1787,1574016536
9.672772,1788,1574016536
9.676853,1789,1574016536
9.331525,1790,1574016536
8.791899,1791,1574016536
8.373125,1792,1574016536
8.288542,1793,1574016536
8.452153,1794,1574016536
8.453757,1795,1574016536
8.308514,1796,1574016536
8.343634,1797,1574016536
8.658076,1798,1574016536
9.106432,1799,1574016536
9.504384,1800,1574016536
9.904627,1801,1574016536
10.192259,1802,1574016536
10.231786,1803,1574016536
10.588062,1804,1574016536
11.486957,1805,1574016536
12.3559475,1806,1574016536
12.222746,1807,1574016536
11.2245865,1808,1574016536
10.102362,1809,1574016536
9.355894,1810,1574016536
9.169566,1811,1574016536
9.377239,1812,1574016536
9.497889,1813,1574016536
9.225222,1814,1574016536
8.834706,1815,1574016536
8.645835,1816,1574016536
8.756186,1817,1574016536
8.925868,1818,1574016536
8.9725485,1819,1574016536
8.988348,1820,1574016536
8.971296,1821,1574016536
9.037623,1822,1574016536
9.404802,1823,1574016536
9.885295,1824,1574016536
10.245269,1825,1574016536
10.357992,1826,1574016536
10.409383,1827,1574016536
10.856553,1828,1574016536
11.617951,1829,1574016536
12.121247,1830,1574016536
11.807539,1831,1574016537
10.900081,1832,1574016537
9.980663,1833,1574016537
9.519025,1834,1574016537
9.625202,1835,1574016537
9.856671,1836,1574016537
9.71767,1837,1574016537
9.241117,1838,1574016537
8.7703285,1839,1574016537
8.551715,1840,1574016537
8.557348,1841,1574016537
8.638469,1842,1574016537
8.655001,1843,1574016537
8.558574,1844,1574016537
8.565706,1845,1574016537
8.907082,1846,1574016537
9.4435425,1847,1574016537
9.978537,1848,1574016537
10.351463,1849,1574016537
10.561221,1850,1574016537
10.753927,1851,1574016537
11.267702,1852,1574016537
11.981825,1853,1574016537
12.324239,1854,1574016537
11.987647,1855,1574016537
11.136105,1856,1574016537
10.207788,1857,1574016537
9.560427,1858,1574016537
9.3595295,1859,1574016537
9.509578,1860,1574016537
9.561144,1861,1574016537
9.360582,1862,1574016537
9.018171,1863,1574016537
8.711205,1864,1574016537
8.644238,1865,1574016537
8.674463,1866,1574016537
8.60479,1867,1574016537
8.410187,1868,1574016537
8.340695,1869,1574016537
8.456529,1870,1574016537
8.727324,1871,1574016537
9.09623,1872,1574016537
9.63652,1873,1574016537
10.190857,1874,1574016537
10.58357,1875,1574016537
10.937483,1876,1574016537
11.556282,1877,1574016537
12.214605,1878,1574016537
12.34287,1879,1574016537
12.001596,1880,1574016537
11.0974655,1881,1574016538
10.422522,1882,1574016538
10.14641,1883,1574016538
9.973406,1884,1574016538
9.778499,1885,1574016538
9.551226,1886,1574016538
9.282735,1887,1574016538
9.029636,1888,1574016538
8.892279,1889,1574016538
8.885344,1890,1574016538
8.872136,1891,1574016538
8.764365,1892,1574016538
8.815096,1893,1574016538
8.990236,1894,1574016538
9.149022,1895,1574016538
9.394804,1896,1574016538
9.557429,1897,1574016538
9.479235,1898,1574016538
9.366402,1899,1574016538
9.728638,1900,1574016538
10.530307,1901,1574016538
11.149138,1902,1574016538
11.358336,1903,1574016538
11.3221855,1904,1574016538
10.622889,1905,1574016538
10.0160475,1906,1574016538
9.970629,1907,1574016538
10.492144,1908,1574016538
10.965858,1909,1574016538
11.064707,1910,1574016538
10.5438,1911,1574016538
9.573535,1912,1574016538
8.630205,1913,1574016538
8.26053,1914,1574016538
8.623674,1915,1574016538
9.26566,1916,1574016538
9.663367,1917,1574016538
9.556802,1918,1574016538
9.093744,1919,1574016538
8.666316,1920,1574016538
8.52405,1921,1574016538
8.719569,1922,1574016538
9.120672,1923,1574016538
9.437724,1924,1574016538
9.397836,1925,1574016538
9.216526,1926,1574016538
9.319998,1927,1574016538
9.582341,1928,1574016538
9.700758,1929,1574016538
9.591982,1930,1574016538
9.398659,1931,1574016539
9.272253,1932,1574016539
9.614055,1933,1574016539
10.11303,1934,1574016539
10.39202,1935,1574016539
10.211071,1936,1574016539
9.595612,1937,1574016539
8.731186,1938,1574016539
8.103811,1939,1574016539
8.025206,1940,1574016539
8.224248,1941,1574016539
8.430884,1942,1574016539
8.372576,1943,1574016539
8.122902,1944,1574016539
7.983017,1945,1574016539
8.200552,1946,1574016539
8.771538,1947,1574016539
9.14932,1948,1574016539
9.153706,1949,1574016539
8.982437,1950,1574016539
8.909586,1951,1574016539
9.187452,1952,1574016539
9.875178,1953,1574016539
10.351137,1954,1574016539
10.295683,1955,1574016539
9.828023,1956,1574016539
9.270499,1957,1574016539
9.112265,1958,1574016539
9.578001,1959,1574016539
9.9592085,1960,1574016539
10.173675,1961,1574016539
10.090026,1962,1574016539
9.57539,1963,1574016539
8.873026,1964,1574016539
8.402593,1965,1574016539
8.298707,1966,1574016539
8.453584,1967,1574016539
8.605256,1968,1574016539
8.578632,1969,1574016539
8.349039,1970,1574016539
