1.8514862,0,1574014346
1.8768647,1,1574014346
1.9616212,2,1574014346
2.0530794,3,1574014346
2.0655305,4,1574014346
1.9324127,5,1574014346
1.8127015,6,1574014346
1.8093506,7,1574014346
1.9027222,8,1574014346
1.9764649,9,1574014346
1.9879578,10,1574014346
1.9922669,11,1574014346
2.0176454,12,1574014347
1.9779023,13,1574014347
1.8955414,14,1574014347
1.8476562,15,1574014347
1.9041595,16,1574014347
1.9759858,17,1574014347
1.9472564,18,1574014347
1.9338471,19,1574014347
1.9606628,20,1574014347
1.9549164,21,1574014347
1.8816559,22,1574014347
1.8538818,23,1574014347
1.9012879,24,1574014347
1.9788605,25,1574014347
2.0195618,26,1574014347
1.9616212,27,1574014347
1.8672882,28,1574014347
1.8591492,29,1574014347
1.9367218,30,1574014347
1.9721558,31,1574014347
1.8998505,32,1574014347
1.8524445,33,1574014347
1.9113435,34,1574014347
1.9759858,35,1574014347
1.9443817,36,1574014347
1.889795,37,1574014347
1.9271454,38,1574014347
1.9774231,39,1574014347
1.9592255,40,1574014347
1.8921875,41,1574014347
1.874472,42,1574014347
1.9281006,43,1574014347
2.000406,44,1574014347
1.9879578,45,1574014347
1.9008087,46,1574014347
1.8380798,47,1574014347
1.8514862,48,1574014347
1.890274,49,1574014347
1.894104,50,1574014347
1.8553193,51,1574014347
1.8615417,52,1574014347
1.897934,53,1574014347
1.925229,54,1574014347
1.9075135,55,1574014347
1.8806976,56,1574014347
1.8313751,57,1574014347
1.7332153,58,1574014347
1.7126251,59,1574014347
1.7652954,60,1574014347
1.9266663,61,1574014347
2.0846832,62,1574014347
2.131131,63,1574014347
2.1799715,64,1574014347
2.043982,65,1574014347
1.9568329,66,1574014347
1.9462982,67,1574014347
1.8581909,68,1574014347
1.870163,69,1574014347
1.8313751,70,1574014347
1.7365662,71,1574014347
1.724115,72,1574014347
1.8074341,73,1574014347
1.9932251,74,1574014347
2.064572,75,1574014348
2.146933,76,1574014348
2.1205964,77,1574014348
2.1320894,78,1574014348
1.9874786,79,1574014348
1.8399963,80,1574014348
1.8127015,81,1574014348
1.901767,82,1574014348
2.1373565,83,1574014348
2.3303285,84,1574014348
2.4605713,85,1574014348
2.577887,86,1574014348
2.6458833,87,1574014348
2.3925781,88,1574014348
1.8572327,89,1574014348
1.392279,90,1574014348
1.277359,91,1574014348
1.5876465,92,1574014348
2.0300965,93,1574014348
2.3197937,94,1574014348
2.2292938,95,1574014348
1.8964996,96,1574014348
1.5402405,97,1574014348
1.3242829,98,1574014348
1.2902863,99,1574014348
1.4444733,100,1574014348
1.5842956,101,1574014348
1.6628236,102,1574014348
1.7150177,103,1574014348
1.8371216,104,1574014348
1.9233124,105,1574014348
2.063135,106,1574014348
2.2470093,107,1574014348
2.3059082,108,1574014348
2.237433,109,1574014348
2.0138154,110,1574014348
2.0023224,111,1574014348
2.2470093,112,1574014348
2.6846712,113,1574014348
2.9858613,114,1574014348
2.8838685,115,1574014348
2.1641693,116,1574014348
1.4056885,117,1574014348
1.0772034,118,1574014348
1.1538178,119,1574014348
1.6216431,120,1574014348
2.0947387,121,1574014348
2.210617,122,1574014348
2.107187,123,1574014348
1.9036804,124,1574014348
1.5991395,125,1574014349
1.2778381,126,1574014349
1.2716125,127,1574014349
1.5009766,128,1574014349
1.7217225,129,1574014349
1.8562775,130,1574014349
1.8122224,131,1574014349
1.7968994,132,1574014349
1.8749512,133,1574014349
2.036319,134,1574014349
2.289148,135,1574014349
2.4921753,136,1574014349
2.376297,137,1574014349
1.9462982,138,1574014349
1.7590729,139,1574014349
2.067923,140,1574014349
2.6674316,141,1574014349
2.8537018,142,1574014349
2.352356,143,1574014349
1.6460663,144,1574014349
1.2007446,145,1574014349
1.2333039,146,1574014349
1.7336915,147,1574014349
2.2546723,148,1574014349
2.4165192,149,1574014349
2.170874,150,1574014349
1.7451843,151,1574014349
1.3137512,152,1574014349
1.2400086,153,1574014349
1.4535706,154,1574014349
1.7897186,155,1574014349
1.9908295,156,1574014349
1.9774231,157,1574014349
1.9577912,158,1574014349
1.9386352,159,1574014349
2.0655305,160,1574014349
2.2240264,161,1574014349
2.2355163,162,1574014349
2.130652,163,1574014349
2.2719085,164,1574014349
2.7406952,165,1574014349
3.051941,166,1574014349
2.7066956,167,1574014349
1.913736,168,1574014349
1.1993073,169,1574014349
1.1993073,170,1574014349
1.7528473,171,1574014349
2.1244264,172,1574014349
2.1694367,173,1574014349
1.9917878,174,1574014349
1.6355317,175,1574014349
1.3386506,176,1574014350
1.2878937,177,1574014350
1.5435944,178,1574014350
1.7255524,179,1574014350
1.8117431,180,1574014350
1.8811768,181,1574014350
1.9032013,182,1574014350
2.0176454,183,1574014350
2.1756623,184,1574014350
2.3154848,185,1574014350
2.2905853,186,1574014350
2.2383912,187,1574014350
2.3820436,188,1574014350
2.5912964,189,1574014350
2.6588135,190,1574014350
2.4351928,191,1574014350
1.921399,192,1574014350
1.5330597,193,1574014350
1.5397614,194,1574014350
1.905597,195,1574014350
2.1086242,196,1574014350
2.055475,197,1574014350
1.8519653,198,1574014350
1.5225251,199,1574014350
1.1844635,200,1574014350
1.2165467,201,1574014350
1.4794282,202,1574014350
1.7772675,203,1574014350
1.996576,204,1574014350
2.0334473,205,1574014350
2.1062317,206,1574014350
2.2321656,207,1574014350
2.3236237,208,1574014350
2.3178773,209,1574014350
2.0909088,210,1574014350
1.976944,211,1574014350
2.2637696,212,1574014350
2.7689455,213,1574014350
2.811084,214,1574014350
2.3633668,215,1574014350
1.7557191,216,1574014350
1.3673798,217,1574014350
1.3472687,218,1574014350
1.7461426,219,1574014350
1.885965,220,1574014350
1.7959412,221,1574014350
1.7059205,222,1574014350
1.6000977,223,1574014350
1.4818238,224,1574014350
1.411911,225,1574014350
1.5440735,226,1574014351
1.8198853,227,1574014351
2.0176454,228,1574014351
2.0367982,229,1574014351
2.079416,230,1574014351
2.2096589,231,1574014351
2.388745,232,1574014351
2.4763734,233,1574014351
2.1785371,234,1574014351
2.063614,235,1574014351
2.2867525,236,1574014351
2.6142793,237,1574014351
2.6501923,238,1574014351
2.2810059,239,1574014351
1.8261079,240,1574014351
1.6704865,241,1574014351
1.9103851,242,1574014351
2.0569093,243,1574014351
1.9846039,244,1574014351
1.719806,245,1574014351
1.3549286,246,1574014351
1.0795959,247,1574014351
1.1542969,248,1574014351
1.427713,249,1574014351
1.6384033,250,1574014351
1.7523682,251,1574014351
1.8299408,252,1574014351
1.9869995,253,1574014351
2.0856416,254,1574014351
2.1201172,255,1574014351
2.210138,256,1574014351
2.2383912,257,1574014351
2.190506,258,1574014351
2.2996826,259,1574014351
2.8062959,260,1574014351
3.1137116,261,1574014351
2.8934448,262,1574014351
2.22211,263,1574014351
1.5086365,264,1574014351
1.2352203,265,1574014351
1.4162232,266,1574014351
1.8538818,267,1574014351
1.9946594,268,1574014351
1.9314545,269,1574014351
1.7255524,270,1574014351
1.3736054,271,1574014351
1.2998627,272,1574014351
1.4837372,273,1574014351
1.688681,274,1574014351
1.7375244,275,1574014351
1.7777466,276,1574014351
1.9237915,277,1574014352
2.13544,278,1574014352
2.3504395,279,1574014352
2.5266511,280,1574014352
2.4639251,281,1574014352
2.051642,282,1574014352
1.905597,283,1574014352
2.1320894,284,1574014352
2.4088593,285,1574014352
2.4557831,286,1574014352
2.1914642,287,1574014352
1.8850068,288,1574014352
1.8964996,289,1574014352
2.0674438,290,1574014352
2.091864,291,1574014352
1.8524445,292,1574014352
1.4918793,293,1574014352
1.2395295,294,1574014352
1.2390503,295,1574014352
1.4617127,296,1574014352
1.6613892,297,1574014352
1.7691284,298,1574014352
1.8830903,299,1574014352
2.0090272,300,1574014352
2.048291,301,1574014352
2.1411865,302,1574014352
2.3178773,303,1574014352
2.3073425,304,1574014352
1.996576,305,1574014352
2.0367982,306,1574014352
2.2278564,307,1574014352
2.5678315,308,1574014352
2.612845,309,1574014352
2.337033,310,1574014352
1.9937042,311,1574014352
1.5584382,312,1574014352
1.30513,313,1574014352
1.3913208,314,1574014352
1.7566773,315,1574014352
1.811264,316,1574014352
1.6838928,317,1574014352
1.5838165,318,1574014352
1.4703308,319,1574014352
1.6072785,320,1574014352
1.6652192,321,1574014352
1.7140595,322,1574014352
1.9285797,323,1574014352
2.1225097,324,1574014352
2.2201936,325,1574014352
2.522342,326,1574014352
2.1062317,327,1574014353
2.1804504,328,1574014353
2.0291383,329,1574014353
2.2268982,330,1574014353
2.4778106,331,1574014353
2.644446,332,1574014353
2.467276,333,1574014353
2.0090272,334,1574014353
1.4933137,335,1574014353
1.3568451,336,1574014353
1.6700073,337,1574014353
2.0454195,338,1574014353
2.0904298,339,1574014353
2.032489,340,1574014353
1.7844514,341,1574014353
1.4851745,342,1574014353
1.3271576,343,1574014353
1.4018555,344,1574014353
1.5919555,345,1574014353
1.7279481,346,1574014353
1.8749512,347,1574014353
2.0186036,348,1574014353
2.2446167,349,1574014353
2.4280121,350,1574014353
2.404068,351,1574014353
2.0420654,352,1574014353
1.8577118,353,1574014353
1.814618,354,1574014353
2.3221862,355,1574014353
2.6674316,356,1574014353
2.692331,357,1574014353
2.2810059,358,1574014353
1.8270661,359,1574014353
1.5890839,360,1574014353
1.6714448,361,1574014353
1.8610657,362,1574014353
1.846219,363,1574014353
1.7054414,364,1574014353
1.4846954,365,1574014353
1.3171021,366,1574014353
1.3558868,367,1574014353
1.5268341,368,1574014353
1.8280243,369,1574014353
2.1196382,370,1574014353
2.1651275,371,1574014353
1.9032013,372,1574014353
1.7375244,373,1574014353
1.8864441,374,1574014353
2.1814086,375,1574014353
2.3312867,376,1574014353
2.2867525,377,1574014354
2.2805297,378,1574014354
2.6339142,379,1574014354
2.8321533,380,1574014354
2.5970428,381,1574014354
2.2039154,382,1574014354
1.7111877,383,1574014354
1.3726472,384,1574014354
1.5364106,385,1574014354
1.9166107,386,1574014354
2.1014435,387,1574014354
1.9060761,388,1574014354
1.5890839,389,1574014354
1.3951539,390,1574014354
1.3108765,391,1574014354
1.4597962,392,1574014354
1.6297852,393,1574014354
1.7997742,394,1574014354
1.968805,395,1574014354
1.8591492,396,1574014354
1.9898713,397,1574014354
2.2201936,398,1574014354
2.3236237,399,1574014354
2.3777344,400,1574014354
2.2977662,401,1574014354
2.2881896,402,1574014354
2.4351928,403,1574014354
2.6080568,404,1574014354
2.384915,405,1574014354
1.9922669,406,1574014354
1.6202087,407,1574014354
1.4765564,408,1574014354
1.7494935,409,1574014354
2.0147736,410,1574014354
1.985083,411,1574014354
1.8289826,412,1574014354
1.5847749,413,1574014354
1.4166993,414,1574014354
1.3439178,415,1574014354
1.4803864,416,1574014354
1.6977783,417,1574014354
1.9070343,418,1574014354
1.9142151,419,1574014354
1.8443054,420,1574014354
1.9582703,421,1574014354
2.1411865,422,1574014354
2.3806062,423,1574014354
2.3293703,424,1574014354
1.9597046,425,1574014354
1.8261079,426,1574014354
2.0195618,427,1574014355
2.4045472,428,1574014355
2.4960053,429,1574014355
2.3954499,430,1574014355
2.0219543,431,1574014355
1.6556427,432,1574014355
1.5531708,433,1574014355
1.874472,434,1574014355
2.154593,435,1574014355
2.142145,436,1574014355
1.9659302,437,1574014355
1.636966,438,1574014355
1.3099183,439,1574014355
1.1835053,440,1574014355
1.3640289,441,1574014355
1.6747955,442,1574014355
1.811264,443,1574014355
1.885965,444,1574014355
2.0468538,445,1574014355
2.0095062,446,1574014355
2.016208,447,1574014355
2.1177216,448,1574014355
2.0549958,449,1574014355
2.1028779,450,1574014355
2.2671204,451,1574014355
2.6602478,452,1574014355
2.9303162,453,1574014355
2.692331,454,1574014355
2.1493256,455,1574014355
1.6652192,456,1574014355
1.534494,457,1574014355
1.7336915,458,1574014355
1.9913086,459,1574014355
1.9668884,460,1574014355
1.8165314,461,1574014355
1.5905182,462,1574014355
1.3985046,463,1574014355
1.3932374,464,1574014355
1.5680145,465,1574014355
1.7020905,466,1574014355
1.7921113,467,1574014355
1.8318542,468,1574014355
1.8830903,469,1574014355
1.9869995,470,1574014355
2.1158082,471,1574014355
2.3217103,472,1574014355
2.4557831,473,1574014355
2.186197,474,1574014355
1.9913086,475,1574014355
2.1282563,476,1574014355
2.3873107,477,1574014356
2.4098146,478,1574014356
2.2685578,479,1574014356
1.8873993,480,1574014356
1.5603516,481,1574014356
1.6585144,482,1574014356
2.0674438,483,1574014356
2.2154052,484,1574014356
1.996576,485,1574014356
1.7552398,486,1574014356
1.4679352,487,1574014356
1.2634705,488,1574014356
1.3836609,489,1574014356
1.6747955,490,1574014356
1.8323334,491,1574014356
1.8376007,492,1574014356
1.850531,493,1574014356
1.9549164,494,1574014356
2.0774994,495,1574014356
2.1799715,496,1574014356
2.2877107,497,1574014356
2.1617768,498,1574014356
2.0865967,499,1574014356
2.210617,500,1574014356
2.4706268,501,1574014356
2.518512,502,1574014356
2.3585784,503,1574014356
2.1632142,504,1574014356
1.5799866,505,1574014356
1.4032929,506,1574014356
1.7983369,507,1574014356
2.1694367,508,1574014356
2.1081452,509,1574014356
1.8993714,510,1574014356
1.593393,511,1574014356
1.3204529,512,1574014356
1.3692963,513,1574014356
1.5536499,514,1574014356
1.7308197,515,1574014356
1.8581909,516,1574014356
1.8658539,517,1574014356
1.8246735,518,1574014356
1.9032013,519,1574014356
2.0712738,520,1574014356
2.2235475,521,1574014356
2.4323213,522,1574014356
2.237912,523,1574014356
1.9884369,524,1574014356
2.0803742,525,1574014356
2.4136474,526,1574014356
2.696161,527,1574014357
2.4763734,528,1574014357
2.0703187,529,1574014357
1.6010529,530,1574014357
1.4368104,531,1574014357
1.8141388,532,1574014357
2.1794922,533,1574014357
2.1670442,534,1574014357
1.8739929,535,1574014357
1.4856538,536,1574014357
1.1839844,537,1574014357
1.1519012,538,1574014357
1.403772,539,1574014357
1.7087921,540,1574014357
1.8835694,541,1574014357
1.9539582,542,1574014357
2.064093,543,1574014357
2.142624,544,1574014357
2.246051,545,1574014357
2.2738252,546,1574014357
2.0712738,547,1574014357
1.918045,548,1574014357
1.8921875,549,1574014357
2.296332,550,1574014357
2.612845,551,1574014357
2.5161195,552,1574014357
2.2178009,553,1574014357
1.7652954,554,1574014357
1.6905975,555,1574014357
1.8998505,556,1574014357
2.064572,557,1574014357
2.092343,558,1574014357
1.8787812,559,1574014357
1.5742401,560,1574014357
1.4665009,561,1574014357
1.3812653,562,1574014357
1.4755982,563,1574014357
1.6637818,564,1574014357
1.8352082,565,1574014357
1.9563538,566,1574014357
1.9946594,567,1574014357
2.0339265,568,1574014357
2.02818,569,1574014357
2.1119783,570,1574014357
2.1105409,571,1574014357
1.9539582,572,1574014357
1.9932251,573,1574014357
2.2623322,574,1574014357
2.5889008,575,1574014357
2.716751,576,1574014357
2.4457276,577,1574014358
2.0257843,578,1574014358
1.577591,579,1574014358
1.557959,580,1574014358
1.8735138,581,1574014358
2.2158844,582,1574014358
2.1838014,583,1574014358
1.8668091,584,1574014358
1.4593171,585,1574014358
1.2567688,586,1574014358
1.2347412,587,1574014358
1.3075256,588,1574014358
1.5660981,589,1574014358
2.0118988,590,1574014358
2.1263428,591,1574014358
2.0051942,592,1574014358
1.8246735,593,1574014358
1.8323334,594,1574014358
2.0803742,595,1574014358
2.158423,596,1574014358
2.0818086,597,1574014358
2.1972108,598,1574014358
2.5213869,599,1574014358
2.760327,600,1574014358
2.6861055,601,1574014358
2.213492,602,1574014358
1.6542053,603,1574014358
1.4214875,604,1574014358
1.5900421,605,1574014358
1.878302,606,1574014358
1.9937042,607,1574014358
1.8634583,608,1574014358
1.5239594,609,1574014358
1.3300294,610,1574014358
1.3764771,611,1574014358
1.5670563,612,1574014358
1.7447052,613,1574014358
1.814618,614,1574014358
1.8261079,615,1574014358
1.8620209,616,1574014358
2.0765412,617,1574014358
2.281964,618,1574014358
2.2881896,619,1574014358
2.091388,620,1574014358
1.8936249,621,1574014358
2.1086242,622,1574014358
2.5132446,623,1574014358
2.7363832,624,1574014358
2.498401,625,1574014358
2.028659,626,1574014358
1.6350526,627,1574014359
1.5124695,628,1574014359
1.6791047,629,1574014359
1.973114,630,1574014359
2.1876342,631,1574014359
2.0310516,632,1574014359
1.621164,633,1574014359
1.2270783,634,1574014359
1.0661896,635,1574014359
1.3309876,636,1574014359
1.7140595,637,1574014359
1.9084686,638,1574014359
1.9242706,639,1574014359
1.9185241,640,1574014359
1.8950623,641,1574014359
1.981253,642,1574014359
2.1732697,643,1574014359
2.2886689,644,1574014359
2.0626557,645,1574014359
1.9568329,646,1574014359
2.2010407,647,1574014359
2.700473,648,1574014359
2.8192232,649,1574014359
2.438547,650,1574014359
1.9266663,651,1574014359
1.545987,652,1574014359
1.542157,653,1574014359
1.9194825,654,1574014359
2.1023986,655,1574014359
1.9228363,656,1574014359
1.6221222,657,1574014359
1.3697754,658,1574014359
1.2720917,659,1574014359
1.3903656,660,1574014359
1.5871674,661,1574014359
1.6973022,662,1574014359
1.8012085,663,1574014359
1.783493,664,1574014359
1.6905975,665,1574014359
1.8194062,666,1574014359
2.1363983,667,1574014359
2.3791687,668,1574014359
2.3193147,669,1574014359
2.0779786,670,1574014359
2.036319,671,1574014359
2.2556274,672,1574014359
2.5419738,673,1574014359
2.6161957,674,1574014359
2.459137,675,1574014359
2.0291383,676,1574014359
1.6929902,677,1574014360
1.6829346,678,1574014360
1.9501282,679,1574014360
2.1124542,680,1574014360
2.0190828,681,1574014360
1.8174896,682,1574014360
1.4420776,683,1574014360
1.1614777,684,1574014360
1.0805542,685,1574014360
1.2361786,686,1574014360
1.609195,687,1574014360
1.8821319,688,1574014360
1.9917878,689,1574014360
2.035364,690,1574014360
2.150763,691,1574014360
2.2992036,692,1574014360
2.3231447,693,1574014360
2.1340027,694,1574014360
2.012378,695,1574014360
2.1914642,696,1574014360
2.6506715,697,1574014360
2.965271,698,1574014360
2.6861055,699,1574014360
2.142145,700,1574014360
1.6360108,701,1574014360
1.494751,702,1574014360
1.633136,703,1574014360
1.9089478,704,1574014360
1.9209198,705,1574014360
1.759549,706,1574014360
1.5048065,707,1574014360
1.2807099,708,1574014360
1.2778381,709,1574014360
1.3352966,710,1574014360
1.5139039,711,1574014360
1.7346497,712,1574014360
1.9285797,713,1574014360
2.0075898,714,1574014360
2.0827668,715,1574014360
2.1742249,716,1574014360
2.2824433,717,1574014360
2.2245057,718,1574014360
2.1009643,719,1574014360
2.1105409,720,1574014360
2.5381439,721,1574014360
2.953778,722,1574014360
2.7172303,723,1574014360
2.3542695,724,1574014360
1.8610657,725,1574014360
1.5833374,726,1574014360
1.6115875,727,1574014361
1.9376801,728,1574014361
2.1435792,729,1574014361
2.0056732,730,1574014361
1.6221222,731,1574014361
1.2050537,732,1574014361
1.1303529,733,1574014361
1.2103211,734,1574014361
1.5277923,735,1574014361
1.7605072,736,1574014361
1.8950623,737,1574014361
1.9577912,738,1574014361
1.9869995,739,1574014361
1.9774231,740,1574014361
2.1651275,741,1574014361
2.3078218,742,1574014361
2.337033,743,1574014361
2.1727905,744,1574014361
2.3264985,745,1574014361
2.7181885,746,1574014361
2.7406952,747,1574014361
2.4687135,748,1574014361
2.0114198,749,1574014361
1.57807,750,1574014361
1.557959,751,1574014361
1.7303406,752,1574014361
1.8969787,753,1574014361
1.9108642,754,1574014361
1.8165314,755,1574014361
1.545987,756,1574014361
1.3036957,757,1574014361
1.3697754,758,1574014361
1.5651398,759,1574014361
1.7485383,760,1574014361
1.8165314,761,1574014361
1.8428681,762,1574014361
1.8850068,763,1574014361
1.997055,764,1574014361
2.1694367,765,1574014361
2.4241822,766,1574014361
2.3236237,767,1574014361
2.1105409,768,1574014361
2.194336,769,1574014361
2.364804,770,1574014361
2.6458833,771,1574014361
2.5750153,772,1574014361
2.1493256,773,1574014361
1.6982574,774,1574014361
1.447345,775,1574014361
1.5689728,776,1574014361
1.9879578,777,1574014362
2.1210754,778,1574014362
1.889795,779,1574014362
1.5507752,780,1574014362
1.3520569,781,1574014362
1.3630707,782,1574014362
1.4727234,783,1574014362
1.5766327,784,1574014362
1.7059205,785,1574014362
1.8040832,786,1574014362
1.8677673,787,1574014362
1.9630585,788,1574014362
2.0420654,789,1574014362
2.1608186,790,1574014362
2.2747834,791,1574014362
2.2283356,792,1574014362
2.1833253,793,1574014362
2.3336792,794,1574014362
2.7890565,795,1574014362
2.9619172,796,1574014362
2.5103729,797,1574014362
1.8495728,798,1574014362
1.2443177,799,1574014362
1.2175019,800,1574014362
1.6149415,801,1574014362
1.8414307,802,1574014362
2.0334473,803,1574014362
1.94534,804,1574014362
1.6867676,805,1574014362
1.3151855,806,1574014362
1.1523803,807,1574014362
1.3276367,808,1574014362
1.6508545,809,1574014362
1.8926667,810,1574014362
1.918045,811,1574014362
1.9692811,812,1574014362
2.1167665,813,1574014362
2.1804504,814,1574014362
2.3183563,815,1574014362
2.2762177,816,1574014362
2.1052735,817,1574014362
2.1488464,818,1574014362
2.4883454,819,1574014362
2.6789246,820,1574014362
2.4931335,821,1574014362
2.1249053,822,1574014362
1.6623443,823,1574014362
1.4028138,824,1574014362
1.5167786,825,1574014362
1.826587,826,1574014362
2.023871,827,1574014362
1.8921875,828,1574014363
1.5948304,829,1574014363
1.4042511,830,1574014363
1.38414,831,1574014363
1.439206,832,1574014363
1.5464661,833,1574014363
1.7035248,834,1574014363
1.9127778,835,1574014363
2.0650513,836,1574014363
2.154593,837,1574014363
2.1929016,838,1574014363
2.1991272,839,1574014363
2.2225893,840,1574014363
2.1914642,841,1574014363
2.1608186,842,1574014363
2.1785371,843,1574014363
2.5127656,844,1574014363
2.8489106,845,1574014363
2.6913726,846,1574014363
2.1282563,847,1574014363
1.4487823,848,1574014363
1.1126374,849,1574014363
1.3099183,850,1574014363
1.94917,851,1574014363
2.2474885,852,1574014363
2.1320894,853,1574014363
1.7815765,854,1574014363
1.340564,855,1574014363
1.1504639,856,1574014363
1.3669007,857,1574014363
1.7226807,858,1574014363
1.992746,859,1574014363
2.0329683,860,1574014363
1.8160523,861,1574014363
1.7763093,862,1574014363
1.8821319,863,1574014363
2.1330445,864,1574014363
2.2407837,865,1574014363
2.02818,866,1574014363
1.8730347,867,1574014363
2.1129334,868,1574014363
2.7033448,869,1574014363
3.1520174,870,1574014363
2.8168304,871,1574014363
2.0942597,872,1574014363
1.4334595,873,1574014363
1.1964325,874,1574014363
1.4358552,875,1574014363
2.02435,876,1574014363
2.2877107,877,1574014363
2.154593,878,1574014364
1.6891602,879,1574014364
1.2213348,880,1574014364
1.0829499,881,1574014364
1.4009002,882,1574014364
1.7743958,883,1574014364
1.9721558,884,1574014364
1.8998505,885,1574014364
1.8634583,886,1574014364
1.968805,887,1574014364
2.1541138,888,1574014364
2.201999,889,1574014364
2.1100616,890,1574014364
2.242221,891,1574014364
2.6348693,892,1574014364
3.1285553,893,1574014364
3.1601593,894,1574014364
2.5122864,895,1574014364
1.7222016,896,1574014364
1.3132721,897,1574014364
1.3539734,898,1574014364
1.7207642,899,1574014364
1.9424683,900,1574014364
1.8476562,901,1574014364
1.6417542,902,1574014364
1.3740845,903,1574014364
1.2409668,904,1574014364
1.4650635,905,1574014364
1.7279481,906,1574014364
1.8984131,907,1574014364
1.9429474,908,1574014364
1.9702393,909,1574014364
2.0262635,910,1574014364
2.0909088,911,1574014364
2.1890686,912,1574014364
2.269037,913,1574014364
2.122989,914,1574014364
2.0813324,915,1574014364
2.3633668,916,1574014364
2.7885773,917,1574014364
2.8651917,918,1574014364
2.5280883,919,1574014364
1.9601837,920,1574014364
1.4684143,921,1574014364
1.2754425,922,1574014364
1.569928,923,1574014364
2.0411072,924,1574014364
2.175183,925,1574014364
2.0095062,926,1574014364
1.5574799,927,1574014364
1.170578,928,1574014364
1.1485504,929,1574014365
1.4995393,930,1574014365
1.9032013,931,1574014365
2.043982,932,1574014365
2.0071106,933,1574014365
1.9515656,934,1574014365
2.1086242,935,1574014365
2.2585022,936,1574014365
2.2958527,937,1574014365
2.1842804,938,1574014365
2.1210754,939,1574014365
2.30495,940,1574014365
2.744046,941,1574014365
2.7416503,942,1574014365
2.3035126,943,1574014365
1.7102295,944,1574014365
1.3759979,945,1574014365
1.4894837,946,1574014365
1.8443054,947,1574014365
1.9549164,948,1574014365
1.8428681,949,1574014365
1.7068787,950,1574014365
1.5402405,951,1574014365
1.4775146,952,1574014365
1.542157,953,1574014365
1.8414307,954,1574014365
1.9697602,955,1574014365
1.9501282,956,1574014365
1.842389,957,1574014365
1.806955,958,1574014365
1.842389,959,1574014365
2.0171661,960,1574014365
2.2364748,961,1574014365
2.1148498,962,1574014365
1.9458191,963,1574014365
2.1182008,964,1574014365
2.545328,965,1574014365
2.7033448,966,1574014365
2.562088,967,1574014365
2.174704,968,1574014365
1.720285,969,1574014365
1.5038483,970,1574014365
1.6039276,971,1574014365
2.0468538,972,1574014365
2.2082245,973,1574014365
1.953482,974,1574014365
1.6202087,975,1574014365
1.399942,976,1574014365
1.3065674,977,1574014365
1.4736817,978,1574014365
1.6671326,979,1574014366
1.8601074,980,1574014366
2.027701,981,1574014366
2.1833253,982,1574014366
2.292978,983,1574014366
2.1962526,984,1574014366
1.9946594,985,1574014366
1.7557191,986,1574014366
1.6139832,987,1574014366
1.7174133,988,1574014366
2.1842804,989,1574014366
2.8876984,990,1574014366
3.0538545,991,1574014366
2.696161,992,1574014366
2.0224335,993,1574014366
1.5009766,994,1574014366
1.3927583,995,1574014366
1.5172577,996,1574014366
1.739917,997,1574014366
1.8706421,998,1574014366
1.8428681,999,1574014366
1.7365662,1000,1574014366
1.680542,1001,1574014366
1.6704865,1002,1574014366
1.7169342,1003,1574014366
1.7638611,1004,1574014366
1.7619447,1005,1574014366
1.7839721,1006,1574014366
1.8926667,1007,1574014366
2.0382354,1008,1574014366
2.281485,1009,1574014366
2.2924988,1010,1574014366
2.2762177,1011,1574014366
2.2805297,1012,1574014366
2.3988006,1013,1574014366
2.407901,1014,1574014366
2.1651275,1015,1574014366
1.8074341,1016,1574014366
1.4904419,1017,1574014366
1.5943512,1018,1574014366
2.0157287,1019,1574014366
2.1440582,1020,1574014366
2.008548,1021,1574014366
1.7447052,1022,1574014366
1.3276367,1023,1574014366
1.2131928,1024,1574014366
1.4416016,1025,1574014366
1.795462,1026,1574014366
1.9673675,1027,1574014366
1.988916,1028,1574014366
1.8098297,1029,1574014367
1.8213196,1030,1574014367
2.0928223,1031,1574014367
2.3413422,1032,1574014367
2.454828,1033,1574014367
2.1761415,1034,1574014367
1.8888367,1035,1574014367
1.8160523,1036,1574014367
2.0382354,1037,1574014367
2.316919,1038,1574014367
2.5319183,1039,1574014367
2.3580995,1040,1574014367
1.929538,1041,1574014367
1.6594727,1042,1574014367
1.7178925,1043,1574014367
1.8821319,1044,1574014367
1.8759094,1045,1574014367
1.7030457,1046,1574014367
1.4693726,1047,1574014367
1.2859772,1048,1574014367
1.5426362,1049,1574014367
1.6733582,1050,1574014367
1.7490143,1051,1574014367
1.7796601,1052,1574014367
1.8720764,1053,1574014367
1.8371216,1054,1574014367
1.9290589,1055,1574014367
2.1450164,1056,1574014367
2.344214,1057,1574014367
2.281964,1058,1574014367
2.0746276,1059,1574014367
2.1119783,1060,1574014367
2.5161195,1061,1574014367
2.7761292,1062,1574014367
2.537665,1063,1574014367
2.1517212,1064,1574014367
1.6024903,1065,1574014367
1.4214875,1066,1574014367
1.6379242,1067,1574014367
2.0118988,1068,1574014367
2.229773,1069,1574014367
2.0770204,1070,1574014367
1.6795838,1071,1574014367
1.2917236,1072,1574014367
1.123172,1073,1574014367
1.3199738,1074,1574014367
1.7380036,1075,1574014367
2.043982,1076,1574014367
2.036319,1077,1574014367
1.9544373,1078,1574014367
1.9654511,1079,1574014368
2.1205964,1080,1574014368
2.2034364,1081,1574014368
2.1680024,1082,1574014368
1.9539582,1083,1574014368
1.9127778,1084,1574014368
2.5118072,1085,1574014368
3.0428436,1086,1574014368
2.8407714,1087,1574014368
2.2996826,1088,1574014368
1.6661774,1089,1574014368
1.4358552,1090,1574014368
1.5407196,1091,1574014368
1.7624238,1092,1574014368
2.0099823,1093,1574014368
2.0688813,1094,1574014368
1.8170105,1095,1574014368
1.4229249,1096,1574014368
1.2682587,1097,1574014368
1.3453522,1098,1574014368
1.5986603,1099,1574014368
1.8428681,1100,1574014368
2.0248291,1101,1574014368
2.0559509,1102,1574014368
2.0435028,1103,1574014368
2.0880342,1104,1574014368
2.2901063,1105,1574014368
2.3940125,1106,1574014368
2.2977662,1107,1574014368
2.198169,1108,1574014368
2.253714,1109,1574014368
2.4241822,1110,1574014368
2.3418214,1111,1574014368
2.1962526,1112,1574014368
1.8620209,1113,1574014368
1.7217225,1114,1574014368
1.779184,1115,1574014368
1.9237915,1116,1574014368
1.9621003,1117,1574014368
1.7092713,1118,1574014368
1.4099976,1119,1574014368
1.2529358,1120,1574014368
1.2390503,1121,1574014368
1.3946747,1122,1574014368
1.7154969,1123,1574014368
1.9678468,1124,1574014368
1.9204407,1125,1574014368
1.8840485,1126,1574014368
1.8778229,1127,1574014368
2.1043153,1128,1574014368
2.2901063,1129,1574014369
2.2915406,1130,1574014369
2.1062317,1131,1574014369
2.1225097,1132,1574014369
2.2786133,1133,1574014369
2.4682343,1134,1574014369
2.4375885,1135,1574014369
2.1177216,1136,1574014369
1.8352082,1137,1574014369
1.5862092,1138,1574014369
1.5397614,1139,1574014369
1.7882813,1140,1574014369
2.0655305,1141,1574014369
2.261853,1142,1574014369
2.1914642,1143,1574014369
1.7308197,1144,1574014369
1.3630707,1145,1574014369
1.1777588,1146,1574014369
1.2845398,1147,1574014369
1.6326569,1148,1574014369
1.8605865,1149,1574014369
1.9448608,1150,1574014369
1.9625794,1151,1574014369
2.0300965,1152,1574014369
2.0674438,1153,1574014369
2.2187593,1154,1574014369
2.3111756,1155,1574014369
2.2436585,1156,1574014369
2.1062317,1157,1574014369
2.2920196,1158,1574014369
2.6846712,1159,1574014369
2.700473,1160,1574014369
2.4366302,1161,1574014369
1.8725556,1162,1574014369
1.5713654,1163,1574014369
1.6158966,1164,1574014369
1.9314545,1165,1574014369
2.087076,1166,1574014369
2.02818,1167,1574014369
1.771521,1168,1574014369
1.439206,1169,1574014369
1.312793,1170,1574014369
1.3817444,1171,1574014369
1.4933137,1172,1574014369
1.6115875,1173,1574014369
1.7394379,1174,1574014369
1.8447846,1175,1574014369
2.0229127,1176,1574014369
2.2197144,1177,1574014369
2.4045472,1178,1574014369
2.368634,1179,1574014370
2.2273774,1180,1574014370
2.210138,1181,1574014370
2.569748,1182,1574014370
2.9983094,1183,1574014370
2.7971985,1184,1574014370
2.3552277,1185,1574014370
1.6269104,1186,1574014370
1.1768006,1187,1574014370
1.1083282,1188,1574014370
1.7020905,1189,1574014370
2.020041,1190,1574014370
1.9802948,1191,1574014370
1.7107086,1192,1574014370
1.4396851,1193,1574014370
1.3889283,1194,1574014370
1.3937165,1195,1574014370
1.5617889,1196,1574014370
1.767691,1197,1574014370
1.8964996,1198,1574014370
1.9170898,1199,1574014370
1.9673675,1200,1574014370
2.0861206,1201,1574014370
2.2834015,1202,1574014370
2.4648836,1203,1574014370
2.2762177,1204,1574014370
2.1239471,1205,1574014370
2.2053497,1206,1574014370
2.3399048,1207,1574014370
2.3542695,1208,1574014370
2.1646485,1209,1574014370
1.8610657,1210,1574014370
1.6623443,1211,1574014370
1.8395172,1212,1574014370
2.1320894,1213,1574014370
2.2786133,1214,1574014370
2.1857178,1215,1574014370
1.890274,1216,1574014370
1.4746399,1217,1574014370
1.2261231,1218,1574014370
1.289328,1219,1574014370
1.6374451,1220,1574014370
1.9357636,1221,1574014370
2.0090272,1222,1574014370
1.9644928,1223,1574014370
2.0104616,1224,1574014370
2.1258638,1225,1574014370
2.1464539,1226,1574014370
2.0674438,1227,1574014370
2.0142944,1228,1574014370
2.0712738,1229,1574014371
2.4878662,1230,1574014371
2.969101,1231,1574014371
2.835025,1232,1574014371
2.2115753,1233,1574014371
1.5637054,1234,1574014371
1.3467896,1235,1574014371
1.4013764,1236,1574014371
1.7854065,1237,1574014371
2.3312867,1238,1574014371
2.5994356,1239,1574014371
2.1809297,1240,1574014371
1.7810974,1241,1574014371
1.5076813,1242,1574014371
1.5723237,1243,1574014371
1.8261079,1244,1574014371
1.9975342,1245,1574014371
2.1047943,1246,1574014371
2.1603394,1247,1574014371
2.2235475,1248,1574014371
2.1809297,1249,1574014371
2.1373565,1250,1574014371
2.1057527,1251,1574014371
1.9740692,1252,1574014371
1.8754303,1253,1574014371
1.8668091,1254,1574014371
1.9084686,1255,1574014371
2.0693605,1256,1574014371
2.1948152,1257,1574014371
2.2924988,1258,1574014371
2.2843597,1259,1574014371
2.1258638,1260,1574014371
1.9362427,1261,1574014371
1.8596283,1262,1574014371
1.7720002,1263,1574014371
1.901767,1264,1574014371
2.1770997,1265,1574014371
2.3566651,1266,1574014371
2.2987244,1267,1574014371
2.1258638,1268,1574014371
2.0229127,1269,1574014371
1.9630585,1270,1574014371
1.9247497,1271,1574014371
1.8567536,1272,1574014371
1.8596283,1273,1574014371
1.874472,1274,1574014371
1.9558747,1275,1574014371
1.9917878,1276,1574014371
1.9678468,1277,1574014371
1.9530029,1278,1574014371
1.9419892,1279,1574014372
1.9429474,1280,1574014372
1.9304962,1281,1574014372
1.9113435,1282,1574014372
1.9132569,1283,1574014372
1.9142151,1284,1574014372
1.9352845,1285,1574014372
2.000885,1286,1574014372
2.1091034,1287,1574014372
2.1948152,1288,1574014372
2.383478,1289,1574014372
2.278134,1290,1574014372
1.9405518,1291,1574014372
1.5325806,1292,1574014372
1.3372132,1293,1574014372
1.5081605,1294,1574014372
1.8873993,1295,1574014372
2.0751069,1296,1574014372
2.1517212,1297,1574014372
2.0770204,1298,1574014372
1.9357636,1299,1574014372
1.8792603,1300,1574014372
1.8964996,1301,1574014372
1.8768647,1302,1574014372
1.8893158,1303,1574014372
1.8730347,1304,1574014372
1.9735931,1305,1574014372
2.0621765,1306,1574014372
2.05643,1307,1574014372
1.9865204,1308,1574014372
2.0023224,1309,1574014372
2.1574676,1310,1574014372
2.3614533,1311,1574014372
2.4486024,1312,1574014372
2.229773,1313,1574014372
2.043982,1314,1574014372
2.1881135,1315,1574014372
2.5788453,1316,1574014372
2.6061401,1317,1574014372
2.245096,1318,1574014372
1.6652192,1319,1574014372
1.332425,1320,1574014372
1.415265,1321,1574014372
1.7945069,1322,1574014372
2.1047943,1323,1574014372
2.0171661,1324,1574014372
1.7164551,1325,1574014372
1.4305878,1326,1574014372
1.2155885,1327,1574014372
1.2356995,1328,1574014372
1.4746399,1329,1574014373
1.7471008,1330,1574014373
2.020996,1331,1574014373
2.3116548,1332,1574014373
2.2498841,1333,1574014373
2.035364,1334,1574014373
2.1028779,1335,1574014373
2.3346374,1336,1574014373
2.4916961,1337,1574014373
2.368155,1338,1574014373
2.1249053,1339,1574014373
2.0942597,1340,1574014373
2.4576995,1341,1574014373
2.4778106,1342,1574014373
2.1450164,1343,1574014373
1.7178925,1344,1574014373
1.3913208,1345,1574014373
1.4301087,1346,1574014373
1.6695282,1347,1574014373
1.9941834,1348,1574014373
2.1220338,1349,1574014373
2.0707977,1350,1574014373
1.8016876,1351,1574014373
1.3544525,1352,1574014373
1.1959565,1353,1574014373
1.3041718,1354,1574014373
1.6005738,1355,1574014373
1.8912324,1356,1574014373
2.0693605,1357,1574014373
2.2427003,1358,1574014373
2.4457276,1359,1574014373
2.4500368,1360,1574014373
2.4208283,1361,1574014373
2.325061,1362,1574014373
2.1292145,1363,1574014373
2.0090272,1364,1574014373
2.2043915,1365,1574014373
2.5357513,1366,1574014373
2.4414184,1367,1574014373
2.2680786,1368,1574014373
1.8548402,1369,1574014373
1.542157,1370,1574014373
1.5996186,1371,1574014373
1.8021668,1372,1574014373
1.8749512,1373,1574014373
1.8280243,1374,1574014373
1.6465454,1375,1574014373
1.3951539,1376,1574014373
1.3616333,1377,1574014373
1.4923584,1378,1574014373
1.7389587,1379,1574014374
1.8150971,1380,1574014374
1.9539582,1381,1574014374
2.0995271,1382,1574014374
2.2810059,1383,1574014374
2.3274536,1384,1574014374
2.2096589,1385,1574014374
2.1014435,1386,1574014374
2.1325684,1387,1574014374
2.4289703,1388,1574014374
2.7287233,1389,1574014374
2.6597688,1390,1574014374
2.2704742,1391,1574014374
1.6987365,1392,1574014374
1.4722474,1393,1574014374
1.6575562,1394,1574014374
1.933368,1395,1574014374
1.9319336,1396,1574014374
1.6891602,1397,1574014374
1.4684143,1398,1574014374
1.3319458,1399,1574014374
1.296991,1400,1574014374
1.5038483,1401,1574014374
1.6364869,1402,1574014374
1.787323,1403,1574014374
1.929538,1404,1574014374
2.1100616,1405,1574014374
2.292978,1406,1574014374
2.4203491,1407,1574014374
2.5113282,1408,1574014374
2.3470886,1409,1574014374
2.1871552,1410,1574014374
2.1028779,1411,1574014374
2.360495,1412,1574014374
2.7483552,1413,1574014374
2.6080568,1414,1574014374
2.2565858,1415,1574014374
1.6422333,1416,1574014374
1.3755188,1417,1574014374
1.4717683,1418,1574014374
1.9012879,1419,1574014374
1.94534,1420,1574014374
1.9123017,1421,1574014374
1.6192505,1422,1574014374
1.2596406,1423,1574014374
1.1461548,1424,1574014374
1.1949981,1425,1574014374
1.3587617,1426,1574014374
1.7672119,1427,1574014374
2.1833253,1428,1574014374
2.388745,1429,1574014375
2.3537903,1430,1574014375
2.2987244,1431,1574014375
2.4696717,1432,1574014375
2.4600923,1433,1574014375
2.2996826,1434,1574014375
2.1009643,1435,1574014375
2.2685578,1436,1574014375
2.58555,1437,1574014375
2.6200256,1438,1574014375
2.458658,1439,1574014375
1.9166107,1440,1574014375
1.4463898,1441,1574014375
1.2696961,1442,1574014375
1.5670563,1443,1574014375
1.7059205,1444,1574014375
1.6786255,1445,1574014375
1.5512543,1446,1574014375
1.217981,1447,1574014375
1.1064118,1448,1574014375
1.3281158,1449,1574014375
1.6336151,1450,1574014375
1.985083,1451,1574014375
2.2350373,1452,1574014375
2.2867525,1453,1574014375
2.2082245,1454,1574014375
2.2010407,1455,1574014375
2.296332,1456,1574014375
2.284839,1457,1574014375
2.2800508,1458,1574014375
2.6018312,1459,1574014375
2.7737336,1460,1574014375
2.6118867,1461,1574014375
2.241263,1462,1574014375
1.6599518,1463,1574014375
1.3065674,1464,1574014375
1.6302643,1465,1574014375
2.0937805,1466,1574014375
2.2359955,1467,1574014375
1.9980134,1468,1574014375
1.6202087,1469,1574014375
1.2821473,1470,1574014375
1.2620362,1471,1574014375
1.5665772,1472,1574014375
1.8572327,1473,1574014375
2.0118988,1474,1574014375
2.0463746,1475,1574014375
2.0458953,1476,1574014375
2.0473328,1477,1574014375
2.1234682,1478,1574014375
2.0602632,1479,1574014376
2.1325684,1480,1574014376
2.419391,1481,1574014376
2.9916077,1482,1574014376
3.0088441,1483,1574014376
2.4773316,1484,1574014376
1.6101532,1485,1574014376
1.012558,1486,1574014376
1.2093629,1487,1574014376
1.6905975,1488,1574014376
1.988916,1489,1574014376
2.0545166,1490,1574014376
1.8998505,1491,1574014376
1.4966675,1492,1574014376
1.2155885,1493,1574014376
1.2735261,1494,1574014376
1.5804627,1495,1574014376
1.7945069,1496,1574014376
1.9496491,1497,1574014376
2.048291,1498,1574014376
2.1957734,1499,1574014376
2.2805297,1500,1574014376
2.3461304,1501,1574014376
2.2245057,1502,1574014376
2.3432558,1503,1574014376
2.5122864,1504,1574014376
2.858011,1505,1574014376
2.6975982,1506,1574014376
2.1818879,1507,1574014376
1.6398407,1508,1574014376
1.419574,1509,1574014376
1.6786255,1510,1574014376
2.0741487,1511,1574014376
2.0406282,1512,1574014376
1.8878784,1513,1574014376
1.5416778,1514,1574014376
1.2237275,1515,1574014376
1.1686615,1516,1574014376
1.4104767,1517,1574014376
1.7523682,1518,1574014376
2.0147736,1519,1574014376
2.064572,1520,1574014376
2.0578675,1521,1574014376
2.158902,1522,1574014376
2.3418214,1523,1574014376
2.462967,1524,1574014376
2.1785371,1525,1574014376
2.059784,1526,1574014376
2.079416,1527,1574014376
2.4581788,1528,1574014376
2.6578553,1529,1574014376
2.530484,1530,1574014376
2.103836,1531,1574014377
1.6422333,1532,1574014377
1.5340149,1533,1574014377
1.6982574,1534,1574014377
1.720285,1535,1574014377
1.5967438,1536,1574014377
1.5751953,1537,1574014377
1.475119,1538,1574014377
1.4056885,1539,1574014377
1.5411987,1540,1574014377
1.8337708,1541,1574014377
1.9956177,1542,1574014377
2.0310516,1543,1574014377
2.0602632,1544,1574014377
2.166565,1545,1574014377
2.2110963,1546,1574014377
2.2910645,1547,1574014377
2.1689575,1548,1574014377
2.071753,1549,1574014377
2.2661622,1550,1574014377
2.6415741,1551,1574014377
2.5956056,1552,1574014377
2.351877,1553,1574014377
1.925708,1554,1574014377
1.7068787,1555,1574014377
1.7992951,1556,1574014377
1.9740692,1557,1574014377
1.9577912,1558,1574014377
1.7600281,1559,1574014377
1.4698517,1560,1574014377
1.202658,1561,1574014377
1.2605988,1562,1574014377
1.360196,1563,1574014377
1.3506196,1564,1574014377
1.447345,1565,1574014377
1.6652192,1566,1574014377
1.9419892,1567,1574014377
2.356186,1568,1574014377
2.6276886,1569,1574014377
2.8015077,1570,1574014377
2.538623,1571,1574014377
2.340384,1572,1574014377
2.246051,1573,1574014377
2.4735017,1574,1574014377
2.684192,1575,1574014377
2.5094147,1576,1574014377
2.0224335,1577,1574014377
1.605841,1578,1574014377
1.4272339,1579,1574014377
1.6206878,1580,1574014377
1.8433472,1581,1574014378
1.830896,1582,1574014378
1.7107086,1583,1574014378
1.4588379,1584,1574014378
1.2198975,1585,1574014378
1.2538941,1586,1574014378
1.6182922,1587,1574014378
2.0114198,1588,1574014378
2.1498048,1589,1574014378
2.0535583,1590,1574014378
2.0391939,1591,1574014378
2.0569093,1592,1574014378
2.2283356,1593,1574014378
2.281964,1594,1574014378
2.1976898,1595,1574014378
2.3121307,1596,1574014378
2.692331,1597,1574014378
2.7952821,1598,1574014378
2.5161195,1599,1574014378
2.0157287,1600,1574014378
1.6393616,1601,1574014378
1.6498963,1602,1574014378
1.9309753,1603,1574014378
1.9946594,1604,1574014378
1.7528473,1605,1574014378
1.4588379,1606,1574014378
1.225644,1607,1574014378
1.0925263,1608,1574014378
1.364508,1609,1574014378
1.7006531,1610,1574014378
1.8826112,1611,1574014378
1.8964996,1612,1574014378
1.9587463,1613,1574014378
2.1387908,1614,1574014378
2.2881896,1615,1574014378
2.3580995,1616,1574014378
2.1919434,1617,1574014378
2.179013,1618,1574014378
2.2235475,1619,1574014378
2.6434906,1620,1574014378
2.8211396,1621,1574014378
2.5673554,1622,1574014378
1.9822114,1623,1574014378
1.4708099,1624,1574014378
1.4641052,1625,1574014378
1.8074341,1626,1574014378
1.9400727,1627,1574014378
1.771521,1628,1574014378
1.6475006,1629,1574014378
1.4487823,1630,1574014378
1.3908417,1631,1574014379
1.5397614,1632,1574014379
1.8285035,1633,1574014379
2.0727112,1634,1574014379
2.0420654,1635,1574014379
1.8342499,1636,1574014379
1.8625001,1637,1574014379
2.1162872,1638,1574014379
2.3475647,1639,1574014379
2.4347138,1640,1574014379
2.2383912,1641,1574014379
2.3308074,1642,1574014379
2.69664,1643,1574014379
2.744046,1644,1574014379
2.3044708,1645,1574014379
1.7135804,1646,1574014379
1.3635498,1647,1574014379
1.5210876,1648,1574014379
1.9980134,1649,1574014379
2.1814086,1650,1574014379
1.9774231,1651,1574014379
1.5637054,1652,1574014379
1.2361786,1653,1574014379
1.324762,1654,1574014379
1.5881256,1655,1574014379
1.8213196,1656,1574014379
1.8012085,1657,1574014379
1.7466217,1658,1574014379
1.7968994,1659,1574014379
2.0329683,1660,1574014379
2.2776551,1661,1574014379
2.415561,1662,1574014379
2.3580995,1663,1574014379
2.1766205,1664,1574014379
2.1220338,1665,1574014379
2.4342377,1666,1574014379
2.8513062,1667,1574014379
2.7124422,1668,1574014379
2.158423,1669,1574014379
1.4181366,1670,1574014379
1.2366577,1671,1574014379
1.549817,1672,1574014379
2.0253053,1673,1574014379
2.0420654,1674,1574014379
1.8356873,1675,1574014379
1.5172577,1676,1574014379
1.2088836,1677,1574014379
1.2227691,1678,1574014379
1.534494,1679,1574014379
1.8749512,1680,1574014379
1.9410309,1681,1574014380
1.8816559,1682,1574014380
1.8529236,1683,1574014380
2.0980897,1684,1574014380
2.4572206,1685,1574014380
2.7837892,1686,1574014380
2.644446,1687,1574014380
2.348523,1688,1574014380
2.2144501,1689,1574014380
2.2829225,1690,1574014380
2.2436585,1691,1574014380
2.1249053,1692,1574014380
1.8390381,1693,1574014380
1.7049621,1694,1574014380
1.9170898,1695,1574014380
1.9879578,1696,1574014380
1.795462,1697,1574014380
1.5316223,1698,1574014380
1.3582824,1699,1574014380
1.2558106,1700,1574014380
1.3003418,1701,1574014380
1.439206,1702,1574014380
1.5680145,1703,1574014380
1.8246735,1704,1574014380
2.0109406,1705,1574014380
2.1656067,1706,1574014380
2.3820436,1707,1574014380
2.5980012,1708,1574014380
2.5151613,1709,1574014380
2.3001618,1710,1574014380
2.206787,1711,1574014380
2.1957734,1712,1574014380
2.5371857,1713,1574014380
2.668869,1714,1574014380
2.5094147,1715,1574014380
1.9802948,1716,1574014380
1.4885254,1717,1574014380
1.4684143,1718,1574014380
1.7619447,1719,1574014380
1.8964996,1720,1574014380
1.7418336,1721,1574014380
1.4784698,1722,1574014380
1.209842,1723,1574014380
1.1384948,1724,1574014380
1.3884491,1725,1574014380
1.688681,1726,1574014380
1.9587463,1727,1574014380
2.048291,1728,1574014380
1.9678468,1729,1574014380
2.0099823,1730,1574014380
2.0937805,1731,1574014381
2.2661622,1732,1574014381
2.1402283,1733,1574014381
2.1239471,1734,1574014381
2.399759,1735,1574014381
2.7315948,1736,1574014381
2.5956056,1737,1574014381
2.1402283,1738,1574014381
1.7542816,1739,1574014381
1.6273896,1740,1574014381
1.9228363,1741,1574014381
2.2000825,1742,1574014381
2.1124542,1743,1574014381
1.8653748,1744,1574014381
1.5493377,1745,1574014381
1.2725708,1746,1574014381
1.2778381,1747,1574014381
1.5273132,1748,1574014381
1.8974549,1749,1574014381
2.083246,1750,1574014381
1.9750274,1751,1574014381
1.9309753,1752,1574014381
2.1124542,1753,1574014381
2.3705506,1754,1574014381
2.415561,1755,1574014381
2.178058,1756,1574014381
2.0650513,1757,1574014381
2.2556274,1758,1574014381
2.7014282,1759,1574014381
2.8067749,1760,1574014381
2.3332002,1761,1574014381
1.5852509,1762,1574014381
1.3678589,1763,1574014381
1.692035,1764,1574014381
1.8778229,1765,1574014381
1.8830903,1766,1574014381
1.811264,1767,1574014381
1.5632263,1768,1574014381
1.2783142,1769,1574014381
1.2835816,1770,1574014381
1.5713654,1771,1574014381
1.8692048,1772,1574014381
2.016208,1773,1574014381
2.0114198,1774,1574014381
2.083725,1775,1574014381
2.2996826,1776,1574014381
2.3705506,1777,1574014381
2.1895478,1778,1574014381
2.1239471,1779,1574014381
2.265207,1780,1574014381
2.6698244,1781,1574014382
2.7038238,1782,1574014382
2.1656067,1783,1574014382
1.6982574,1784,1574014382
1.6273896,1785,1574014382
1.8811768,1786,1574014382
2.2235475,1787,1574014382
2.213971,1788,1574014382
1.8332916,1789,1574014382
1.3855774,1790,1574014382
1.0848633,1791,1574014382
1.1633942,1792,1574014382
1.5565217,1793,1574014382
1.8610657,1794,1574014382
1.9932251,1795,1574014382
1.8826112,1796,1574014382
1.7839721,1797,1574014382
1.9194825,1798,1574014382
2.1732697,1799,1574014382
2.3973663,1800,1574014382
2.3537903,1801,1574014382
2.1924226,1802,1574014382
2.2249818,1803,1574014382
2.4696717,1804,1574014382
2.731119,1805,1574014382
2.5017517,1806,1574014382
1.897934,1807,1574014382
1.4497406,1808,1574014382
1.4746399,1809,1574014382
1.8500519,1810,1574014382
2.0075898,1811,1574014382
1.8079132,1812,1574014382
1.5627472,1813,1574014382
1.3266785,1814,1574014382
1.2155885,1815,1574014382
1.4123901,1816,1574014382
1.7384827,1817,1574014382
1.9530029,1818,1574014382
2.052121,1819,1574014382
2.0789368,1820,1574014382
2.1028779,1821,1574014382
2.186197,1822,1574014382
2.3418214,1823,1574014382
2.3676789,1824,1574014382
2.2465303,1825,1574014382
2.1991272,1826,1574014382
2.50271,1827,1574014382
2.581241,1828,1574014382
2.4088593,1829,1574014382
2.020041,1830,1574014382
1.5823792,1831,1574014383
1.6551636,1832,1574014383
2.107666,1833,1574014383
2.2163637,1834,1574014383
2.0502076,1835,1574014383
1.7207642,1836,1574014383
1.3424805,1837,1574014383
1.1710541,1838,1574014383
1.2486267,1839,1574014383
1.5455078,1840,1574014383
1.7878021,1841,1574014383
1.8036041,1842,1574014383
1.8275452,1843,1574014383
1.925229,1844,1574014383
2.1675231,1845,1574014383
2.3504395,1846,1574014383
2.4160402,1847,1574014383
2.210138,1848,1574014383
1.9788605,1849,1574014383
2.1335237,1850,1574014383
2.553946,1851,1574014383
2.6602478,1852,1574014383
2.3853943,1853,1574014383
1.8299408,1854,1574014383
1.5119904,1855,1574014383
1.6144623,1856,1574014383
1.8653748,1857,1574014383
1.9702393,1858,1574014383
1.8318542,1859,1574014383
1.6101532,1860,1574014383
1.2826264,1861,1574014383
1.091568,1862,1574014383
1.1777588,1863,1574014383
1.3673798,1864,1574014383
1.4660218,1865,1574014383
1.5526917,1866,1574014383
1.6508545,1867,1574014383
1.9884369,1868,1574014383
2.5218627,1869,1574014383
3.0663056,1870,1574014383
3.206128,1871,1574014383
2.8963165,1872,1574014383
2.4821198,1873,1574014383
2.4399812,1874,1574014383
2.3844361,1875,1574014383
2.2326448,1876,1574014383
2.0157287,1877,1574014383
1.6872467,1878,1574014383
1.6599518,1879,1574014383
2.0861206,1880,1574014383
2.4146028,1881,1574014384
2.3260193,1882,1574014384
1.8644165,1883,1574014384
1.3108765,1884,1574014384
0.9388184,1885,1574014384
1.0475159,1886,1574014384
1.5191711,1887,1574014384
2.02435,1888,1574014384
2.1239471,1889,1574014384
1.9831696,1890,1574014384
1.957312,1891,1574014384
2.0114198,1892,1574014384
2.1847596,1893,1574014384
2.2216308,1894,1574014384
2.0300965,1895,1574014384
1.8921875,1896,1574014384
2.1301727,1897,1574014384
2.605182,1898,1574014384
2.7129211,1899,1574014384
2.371988,1900,1574014384
1.7681702,1901,1574014384
1.475119,1902,1574014384
1.6862885,1903,1574014384
1.9659302,1904,1574014384
1.9065552,1905,1574014384
1.7739166,1906,1574014384
1.6589936,1907,1574014384
1.4784698,1908,1574014384
1.3640289,1909,1574014384
1.4114319,1910,1574014384
1.6475006,1911,1574014384
1.8376007,1912,1574014384
1.9755067,1913,1574014384
2.0176454,1914,1574014384
2.0487702,1915,1574014384
2.2211518,1916,1574014384
2.2719085,1917,1574014384
2.1363983,1918,1574014384
2.2249818,1919,1574014384
2.5213869,1920,1574014384
2.8987122,1921,1574014384
2.7301605,1922,1574014384
2.1838014,1923,1574014384
1.506244,1924,1574014384
1.2112793,1925,1574014384
1.3678589,1926,1574014384
1.9506073,1927,1574014384
2.2877107,1928,1574014384
2.142145,1929,1574014384
1.7365662,1930,1574014384
1.289328,1931,1574014385
1.1590852,1932,1574014385
1.4583588,1933,1574014385
1.8653748,1934,1574014385
2.1177216,1935,1574014385
2.273346,1936,1574014385
2.1435792,1937,1574014385
2.0142944,1938,1574014385
2.1363983,1939,1574014385
2.297287,1940,1574014385
2.1555512,1941,1574014385
2.0468538,1942,1574014385
2.206787,1943,1574014385
2.6147583,1944,1574014385
2.7847474,1945,1574014385
2.4265747,1946,1574014385
1.8476562,1947,1574014385
1.3736054,1948,1574014385
1.4305878,1949,1574014385
1.795462,1950,1574014385
1.9831696,1951,1574014385
1.8548402,1952,1574014385
1.7949829,1953,1574014385
1.5732819,1954,1574014385
1.2701752,1955,1574014385
1.3295501,1956,1574014385
1.7126251,1957,1574014385
2.023871,1958,1574014385
2.0458953,1959,1574014385
1.9735931,1960,1574014385
1.9908295,1961,1574014385
1.9544373,1962,1574014385
2.023871,1963,1574014385
2.285797,1964,1574014385
2.4323213,1965,1574014385
2.3767762,1966,1574014385
2.5266511,1967,1574014385
2.652588,1968,1574014385
2.467276,1969,1574014385
2.0511627,1970,1574014385
1.676712,1971,1574014385
1.6096741,1972,1574014385
1.8581909,1973,1574014385
2.1890686,1974,1574014385
2.1450164,1975,1574014385
1.8486146,1976,1574014385
1.4348968,1977,1574014385
1.221814,1978,1574014385
1.221814,1979,1574014385
1.5426362,1980,1574014385
1.846698,1981,1574014385
1.9477357,1982,1574014386
1.9185241,1983,1574014386
2.0449402,1984,1574014386
2.2561066,1985,1574014386
2.3786895,1986,1574014386
2.3001618,1987,1574014386
2.1493256,1988,1574014386
2.0904298,1989,1574014386
2.359537,1990,1574014386
2.6477997,1991,1574014386
2.6401367,1992,1574014386
2.451474,1993,1574014386
1.913736,1994,1574014386
1.6010529,1995,1574014386
1.5847749,1996,1574014386
1.8792603,1997,1574014386
1.9683259,1998,1574014386
1.6719239,1999,1574014386
1.4095185,2000,1574014386
1.2266022,2001,1574014386
1.2237275,2002,1574014386
1.5407196,2003,1574014386
1.8395172,2004,1574014386
1.9932251,2005,1574014386
1.9439026,2006,1574014386
1.8581909,2007,1574014386
1.957312,2008,1574014386
2.2235475,2009,1574014386
2.372467,2010,1574014386
2.210138,2011,1574014386
2.1435792,2012,1574014386
2.3873107,2013,1574014386
2.7354279,2014,1574014386
2.5204284,2015,1574014386
1.9726349,2016,1574014386
1.4755982,2017,1574014386
1.4224457,2018,1574014386
1.8993714,2019,1574014386
2.5266511,2020,1574014386
2.5434113,2021,1574014386
2.170874,2022,1574014386
1.6273896,2023,1574014386
1.2912445,2024,1574014386
1.2093629,2025,1574014386
1.4166993,2026,1574014386
1.7207642,2027,1574014386
1.9568329,2028,1574014386
2.1363983,2029,1574014386
2.1876342,2030,1574014386
2.170395,2031,1574014387
2.1799715,2032,1574014387
2.0703187,2033,1574014387
2.0329683,2034,1574014387
2.0013642,2035,1574014387
2.3039918,2036,1574014387
2.747876,2037,1574014387
2.7579315,2038,1574014387
2.1124542,2039,1574014387
1.5469452,2040,1574014387
1.4933137,2041,1574014387
1.8457428,2042,1574014387
2.1742249,2043,1574014387
2.1129334,2044,1574014387
1.8864441,2045,1574014387
1.4617127,2046,1574014387
1.2055329,2047,1574014387
1.2677826,2048,1574014387
1.514383,2049,1574014387
1.846219,2050,1574014387
1.925708,2051,1574014387
1.9194825,2052,1574014387
1.9151734,2053,1574014387
2.1167665,2054,1574014387
2.359537,2055,1574014387
2.3897035,2056,1574014387
2.2110963,2057,1574014387
2.044461,2058,1574014387
2.292978,2059,1574014387
2.6995149,2060,1574014387
2.5678315,2061,1574014387
2.1172454,2062,1574014387
1.5656189,2063,1574014387
1.4286712,2064,1574014387
1.8304199,2065,1574014387
2.3197937,2066,1574014387
2.372467,2067,1574014387
1.9932251,2068,1574014387
1.4468689,2069,1574014387
1.0896515,2070,1574014387
1.0795959,2071,1574014387
1.5048065,2072,1574014387
1.9132569,2073,1574014387
2.0114198,2074,1574014387
1.8452637,2075,1574014387
1.8725556,2076,1574014387
2.0468538,2077,1574014387
2.1991272,2078,1574014387
2.3298492,2079,1574014387
2.0933015,2080,1574014387
1.9458191,2081,1574014388
2.2517974,2082,1574014388
2.8254488,2083,1574014388
2.8685455,2084,1574014388
2.4735017,2085,1574014388
1.7408752,2086,1574014388
1.3180603,2087,1574014388
1.5890839,2088,1574014388
1.9539582,2089,1574014388
1.9190034,2090,1574014388
1.8179687,2091,1574014388
1.609195,2092,1574014388
1.3118347,2093,1574014388
1.3338623,2094,1574014388
1.6192505,2095,1574014388
1.9199616,2096,1574014388
2.0746276,2097,1574014388
2.182367,2098,1574014388
2.1186798,2099,1574014388
1.9855622,2100,1574014388
1.9802948,2101,1574014388
2.0267427,2102,1574014388
2.043982,2103,1574014388
2.1148498,2104,1574014388
2.3873107,2105,1574014388
2.8398132,2106,1574014388
2.6875427,2107,1574014388
2.1933808,2108,1574014388
1.652768,2109,1574014388
1.5215667,2110,1574014388
1.8213196,2111,1574014388
2.2010407,2112,1574014388
2.1876342,2113,1574014388
1.9123017,2114,1574014388
1.5373688,2115,1574014388
1.2333039,2116,1574014388
1.2108002,2117,1574014388
1.4650635,2118,1574014388
1.7236359,2119,1574014388
1.8873993,2120,1574014388
1.9362427,2121,1574014388
1.9960968,2122,1574014388
2.1608186,2123,1574014388
2.337033,2124,1574014388
2.3312867,2125,1574014388
2.0367982,2126,1574014388
1.8136597,2127,1574014388
2.0066316,2128,1574014388
2.605182,2129,1574014388
3.008365,2130,1574014388
2.6942475,2131,1574014389
2.0511627,2132,1574014389
1.3759979,2133,1574014389
1.221814,2134,1574014389
1.5526917,2135,1574014389
2.035364,2136,1574014389
2.0133362,2137,1574014389
1.8083924,2138,1574014389
1.4846954,2139,1574014389
1.4071229,2140,1574014389
1.5938721,2141,1574014389
1.8127015,2142,1574014389
1.9515656,2143,1574014389
2.0310516,2144,1574014389
2.0573883,2145,1574014389
2.0166872,2146,1574014389
2.0411072,2147,1574014389
2.1598604,2148,1574014389
2.2455719,2149,1574014389
2.1440582,2150,1574014389
2.1579468,2151,1574014389
2.447165,2152,1574014389
2.75123,2153,1574014389
2.502231,2154,1574014389
1.996576,2155,1574014389
1.4018555,2156,1574014389
1.344397,2157,1574014389
1.7901947,2158,1574014389
2.3389466,2159,1574014389
2.5759735,2160,1574014389
2.2977662,2161,1574014389
1.8677673,2162,1574014389
1.4056885,2163,1574014389
1.1677033,2164,1574014389
1.2122345,2165,1574014389
1.534494,2166,1574014389
1.9223572,2167,1574014389
2.2987244,2168,1574014389
2.2944152,2169,1574014389
1.9826905,2170,1574014389
1.8356873,2171,1574014389
1.9079895,2172,1574014389
1.9869995,2173,1574014389
2.0377564,2174,1574014389
2.2130127,2175,1574014389
2.5831544,2176,1574014389
2.723935,2177,1574014389
2.3968873,2178,1574014389
1.9362427,2179,1574014389
1.4171784,2180,1574014389
1.4291505,2181,1574014389
2.1023986,2182,1574014389
2.526175,2183,1574014390
2.3868318,2184,1574014390
2.0387146,2185,1574014390
1.5589173,2186,1574014390
1.2246857,2187,1574014390
1.2467133,2188,1574014390
1.3874909,2189,1574014390
1.6403198,2190,1574014390
1.9170898,2191,1574014390
2.028659,2192,1574014390
1.9793366,2193,1574014390
2.131131,2194,1574014390
2.2441375,2195,1574014390
2.2628114,2196,1574014390
2.2024782,2197,1574014390
2.1435792,2198,1574014390
2.2144501,2199,1574014390
2.6085327,2200,1574014390
2.6463623,2201,1574014390
2.1536348,2202,1574014390
1.5455078,2203,1574014390
1.2084045,2204,1574014390
1.490921,2205,1574014390
1.9817322,2206,1574014390
2.478769,2207,1574014390
2.4730225,2208,1574014390
2.1502838,2209,1574014390
1.593393,2210,1574014390
1.1054535,2211,1574014390
1.0096864,2212,1574014390
1.249585,2213,1574014390
1.6551636,2214,1574014390
1.9458191,2215,1574014390
2.3073425,2216,1574014390
2.530484,2217,1574014390
2.5702271,2218,1574014390
2.3935363,2219,1574014390
2.1239471,2220,1574014390
1.9908295,2221,1574014390
1.9994507,2222,1574014390
2.2498841,2223,1574014390
2.6018312,2224,1574014390
2.7670288,2225,1574014390
2.455304,2226,1574014390
1.8931458,2227,1574014390
1.569928,2228,1574014390
1.5833374,2229,1574014390
1.8304199,2230,1574014390
1.9146942,2231,1574014390
1.66474,2232,1574014390
1.4157441,2233,1574014391
1.2395295,2234,1574014391
1.2902863,2235,1574014391
1.5742401,2236,1574014391
1.8409547,2237,1574014391
1.9185241,2238,1574014391
1.9654511,2239,1574014391
2.0573883,2240,1574014391
2.1378326,2241,1574014391
2.106711,2242,1574014391
2.1052735,2243,1574014391
2.1210754,2244,1574014391
2.107187,2245,1574014391
1.8998505,2246,1574014391
1.9166107,2247,1574014391
2.368634,2248,1574014391
2.8876984,2249,1574014391
2.835025,2250,1574014391
2.4457276,2251,1574014391
1.7164551,2252,1574014391
1.2553314,2253,1574014391
1.4435151,2254,1574014391
2.0851624,2255,1574014391
2.4347138,2256,1574014391
2.3585784,2257,1574014391
1.9980134,2258,1574014391
1.4597962,2259,1574014391
1.1068909,2260,1574014391
1.1356201,2261,1574014391
1.4899628,2262,1574014391
1.8419098,2263,1574014391
2.1019228,2264,1574014391
2.1938598,2265,1574014391
2.1411865,2266,1574014391
2.0411072,2267,1574014391
2.1182008,2268,1574014391
2.2699952,2269,1574014391
2.1952941,2270,1574014391
2.1368775,2271,1574014391
2.2302492,2272,1574014391
2.6037445,2273,1574014391
2.7722962,2274,1574014391
2.503189,2275,1574014391
2.0880342,2276,1574014391
1.5124695,2277,1574014391
1.3487061,2278,1574014391
1.6853303,2279,1574014391
2.023871,2280,1574014391
2.1316102,2281,1574014391
1.985083,2282,1574014391
1.5684937,2283,1574014392
1.1648315,2284,1574014392
1.1365784,2285,1574014392
1.4133484,2286,1574014392
1.715976,2287,1574014392
1.9951385,2288,1574014392
2.115329,2289,1574014392
2.0487702,2290,1574014392
1.9913086,2291,1574014392
2.079895,2292,1574014392
2.2201936,2293,1574014392
2.3729463,2294,1574014392
2.1737459,2295,1574014392
1.8323334,2296,1574014392
1.992746,2297,1574014392
2.4955292,2298,1574014392
2.7900147,2299,1574014392
2.471106,2300,1574014392
1.8534027,2301,1574014392
1.3309876,2302,1574014392
1.451178,2303,1574014392
1.8984131,2304,1574014392
2.438547,2305,1574014392
2.6085327,2306,1574014392
2.3015962,2307,1574014392
1.8562775,2308,1574014392
1.3941956,2309,1574014392
1.2419251,2310,1574014392
1.5057648,2311,1574014392
1.8692048,2312,1574014392
2.0885131,2313,1574014392
2.1517212,2314,1574014392
2.0827668,2315,1574014392
1.9467773,2316,1574014392
1.8692048,2317,1574014392
2.0013642,2318,1574014392
2.1775787,2319,1574014392
2.0578675,2320,1574014392
1.8040832,2321,1574014392
1.624997,2322,1574014392
1.8361634,2323,1574014392
2.462488,2324,1574014392
2.953299,2325,1574014392
2.6870637,2326,1574014392
2.2910645,2327,1574014392
1.7274688,2328,1574014392
1.4028138,2329,1574014392
1.5689728,2330,1574014392
1.988916,2331,1574014392
2.190027,2332,1574014392
2.1263428,2333,1574014393
1.8610657,2334,1574014393
1.7255524,2335,1574014393
1.6436707,2336,1574014393
1.6858094,2337,1574014393
1.7705628,2338,1574014393
1.846698,2339,1574014393
1.94917,2340,1574014393
1.9874786,2341,1574014393
1.8514862,2342,1574014393
1.9352845,2343,1574014393
2.079416,2344,1574014393
2.2359955,2345,1574014393
2.1119783,2346,1574014393
1.9822114,2347,1574014393
1.981253,2348,1574014393
1.8993714,2349,1574014393
1.9999268,2350,1574014393
2.0071106,2351,1574014393
2.119159,2352,1574014393
2.106711,2353,1574014393
2.0233917,2354,1574014393
1.6048859,2355,1574014393
1.6206878,2356,1574014393
1.8653748,2357,1574014393
1.933368,2358,1574014393
1.735608,2359,1574014393
1.8337708,2360,1574014393
2.087555,2361,1574014393
2.352356,2362,1574014393
2.3739014,2363,1574014393
2.1263428,2364,1574014393
1.8457428,2365,1574014393
1.8136597,2366,1574014393
1.6733582,2367,1574014393
1.8270661,2368,1574014393
2.1761415,2369,1574014393
2.4198701,2370,1574014393
2.1196382,2371,1574014393
1.7849274,2372,1574014393
1.7700837,2373,1574014393
1.8893158,2374,1574014393
2.0449402,2375,1574014393
2.0731905,2376,1574014393
2.0387146,2377,1574014393
1.8610657,2378,1574014393
1.8251526,2379,1574014393
1.9281006,2380,1574014393
1.9539582,2381,1574014393
1.9108642,2382,1574014393
1.8692048,2383,1574014394
1.8696839,2384,1574014394
1.8878784,2385,1574014394
1.9448608,2386,1574014394
1.9664093,2387,1574014394
1.9601837,2388,1574014394
1.9774231,2389,1574014394
1.9520447,2390,1574014394
1.9084686,2391,1574014394
1.8251526,2392,1574014394
1.7925904,2393,1574014394
1.7672119,2394,1574014394
1.7696046,2395,1574014394
1.9113435,2396,1574014394
1.9395936,2397,1574014394
1.9707184,2398,1574014394
1.7499726,2399,1574014394
1.7380036,2400,1574014394
2.151242,2401,1574014394
2.0746276,2402,1574014394
1.9750274,2403,1574014394
2.0660095,2404,1574014394
2.0995271,2405,1574014394
1.9874786,2406,1574014394
1.7763093,2407,1574014394
1.704483,2408,1574014394
1.811264,2409,1574014394
1.9237915,2410,1574014394
1.9750274,2411,1574014394
1.9597046,2412,1574014394
1.9884369,2413,1574014394
2.1225097,2414,1574014394
2.3633668,2415,1574014394
2.479248,2416,1574014394
2.2608948,2417,1574014394
1.9501282,2418,1574014394
1.6944275,2419,1574014394
1.5637054,2420,1574014394
